Op,oid__id,createdAt,updatedAt,lastSyncTracker,array_trackingEvents
U,ff4aea6eb5de66a528aa725a6ef5d375,1690395391,1693824981,1693824981,"[{'createdAt': {'$date': 1690300901000}, 'trackingCode': 'daa3d6a180a4cd556884367d3930ebf3', 'status': None, 'description': 'EMISSAO', 'trackerType': '202591c2658eb8db7d1c57e1273cd270', 'from': '01f3741feb1ef51797de72d998f8ed67', 'to': '6adf97f83acf6453d4a6a4b1070f3754'}, {'createdAt': {'$date': 1690390676000}, 'trackingCode': 'daa3d6a180a4cd556884367d3930ebf3', 'status': None, 'description': 'TRANSFERENCIA', 'trackerType': '202591c2658eb8db7d1c57e1273cd270', 'from': '01f3741feb1ef51797de72d998f8ed67', 'to': '6adf97f83acf6453d4a6a4b1070f3754'}, {'createdAt': {'$date': 1690391452000}, 'trackingCode': 'daa3d6a180a4cd556884367d3930ebf3', 'status': None, 'description': 'TRANSFERENCIA', 'trackerType': '202591c2658eb8db7d1c57e1273cd270', 'from': '01f3741feb1ef51797de72d998f8ed67', 'to': '6adf97f83acf6453d4a6a4b1070f3754'}, {'createdAt': {'$date': 1690421967000}, 'trackingCode': 'daa3d6a180a4cd556884367d3930ebf3', 'status': None, 'description': 'ENTRADA', 'trackerType': '202591c2658eb8db7d1c57e1273cd270', 'from': 'd638da252e853581ee95ba532603c3cf', 'to': '6adf97f83acf6453d4a6a4b1070f3754'}, {'createdAt': {'$date': 1690425135000}, 'trackingCode': 'daa3d6a180a4cd556884367d3930ebf3', 'status': None, 'description': 'TRANSFERENCIA', 'trackerType': '202591c2658eb8db7d1c57e1273cd270', 'from': 'd638da252e853581ee95ba532603c3cf', 'to': '6adf97f83acf6453d4a6a4b1070f3754'}, {'createdAt': {'$date': 1690491617000}, 'trackingCode': 'daa3d6a180a4cd556884367d3930ebf3', 'status': None, 'description': 'TRANSFERENCIA', 'trackerType': '202591c2658eb8db7d1c57e1273cd270', 'from': 'd638da252e853581ee95ba532603c3cf', 'to': '6adf97f83acf6453d4a6a4b1070f3754'}, {'createdAt': {'$date': 1690529040000}, 'trackingCode': 'daa3d6a180a4cd556884367d3930ebf3', 'status': None, 'description': 'TRANSFERIDO PARA UNIDADE', 'trackerType': '202591c2658eb8db7d1c57e1273cd270', 'from': 'd638da252e853581ee95ba532603c3cf', 'to': '6adf97f83acf6453d4a6a4b1070f3754'}, {'createdAt': {'$date': 1690552998000}, 'trackingCode': 'daa3d6a180a4cd556884367d3930ebf3', 'status': None, 'description': 'ENTRADA', 'trackerType': '202591c2658eb8db7d1c57e1273cd270', 'from': 'd85aff691a83b2c3cc392739515e41c1', 'to': '6adf97f83acf6453d4a6a4b1070f3754'}, {'createdAt': {'$date': 1690557044000}, 'trackingCode': 'daa3d6a180a4cd556884367d3930ebf3', 'status': None, 'description': 'TRANSFERENCIA', 'trackerType': '202591c2658eb8db7d1c57e1273cd270', 'from': 'd85aff691a83b2c3cc392739515e41c1', 'to': '6adf97f83acf6453d4a6a4b1070f3754'}, {'createdAt': {'$date': 1690587912000}, 'trackingCode': 'daa3d6a180a4cd556884367d3930ebf3', 'status': None, 'description': 'TRANSFERENCIA', 'trackerType': '202591c2658eb8db7d1c57e1273cd270', 'from': 'd85aff691a83b2c3cc392739515e41c1', 'to': '6adf97f83acf6453d4a6a4b1070f3754'}, {'createdAt': {'$date': 1690588009000}, 'trackingCode': 'daa3d6a180a4cd556884367d3930ebf3', 'status': None, 'description': 'TRANSFERENCIA', 'trackerType': '202591c2658eb8db7d1c57e1273cd270', 'from': 'd85aff691a83b2c3cc392739515e41c1', 'to': '6adf97f83acf6453d4a6a4b1070f3754'}, {'createdAt': {'$date': 1690589215000}, 'trackingCode': 'daa3d6a180a4cd556884367d3930ebf3', 'status': None, 'description': 'TRANSFERENCIA', 'trackerType': '202591c2658eb8db7d1c57e1273cd270', 'from': 'd85aff691a83b2c3cc392739515e41c1', 'to': '6adf97f83acf6453d4a6a4b1070f3754'}, {'createdAt': {'$date': 1690589481000}, 'trackingCode': 'daa3d6a180a4cd556884367d3930ebf3', 'status': None, 'description': 'TRANSFERENCIA', 'trackerType': '202591c2658eb8db7d1c57e1273cd270', 'from': 'd85aff691a83b2c3cc392739515e41c1', 'to': '6adf97f83acf6453d4a6a4b1070f3754'}, {'createdAt': {'$date': 1690589544000}, 'trackingCode': 'daa3d6a180a4cd556884367d3930ebf3', 'status': None, 'description': 'TRANSFERENCIA', 'trackerType': '202591c2658eb8db7d1c57e1273cd270', 'from': 'd85aff691a83b2c3cc392739515e41c1', 'to': '6adf97f83acf6453d4a6a4b1070f3754'}, {'createdAt': {'$date': 1690680825000}, 'trackingCode': 'daa3d6a180a4cd556884367d3930ebf3', 'status': None, 'description': 'ENTRADA', 'trackerType': '202591c2658eb8db7d1c57e1273cd270', 'from': 'd9177b94e444be78fad116b8e828a2a0', 'to': '6adf97f83acf6453d4a6a4b1070f3754'}, {'createdAt': {'$date': 1690684440000}, 'trackingCode': 'daa3d6a180a4cd556884367d3930ebf3', 'status': None, 'description': 'TRANSFERENCIA', 'trackerType': '202591c2658eb8db7d1c57e1273cd270', 'from': 'd9177b94e444be78fad116b8e828a2a0', 'to': '6adf97f83acf6453d4a6a4b1070f3754'}, {'createdAt': {'$date': 1690684851000}, 'trackingCode': 'daa3d6a180a4cd556884367d3930ebf3', 'status': None, 'description': 'TRANSFERENCIA', 'trackerType': '202591c2658eb8db7d1c57e1273cd270', 'from': 'd9177b94e444be78fad116b8e828a2a0', 'to': '6adf97f83acf6453d4a6a4b1070f3754'}, {'createdAt': {'$date': 1690708005000}, 'trackingCode': 'daa3d6a180a4cd556884367d3930ebf3', 'status': None, 'description': 'ENTRADA', 'trackerType': '202591c2658eb8db7d1c57e1273cd270', 'from': '4a7f9e050d4196b1d3fce8bc4e060aa6', 'to': '6adf97f83acf6453d4a6a4b1070f3754'}, {'createdAt': {'$date': 1690708251000}, 'trackingCode': 'daa3d6a180a4cd556884367d3930ebf3', 'status': None, 'description': 'TRANSFERENCIA', 'trackerType': '202591c2658eb8db7d1c57e1273cd270', 'from': '4a7f9e050d4196b1d3fce8bc4e060aa6', 'to': '6adf97f83acf6453d4a6a4b1070f3754'}, {'createdAt': {'$date': 1690739680000}, 'trackingCode': 'daa3d6a180a4cd556884367d3930ebf3', 'status': None, 'description': 'TRANSFERENCIA', 'trackerType': '202591c2658eb8db7d1c57e1273cd270', 'from': '4a7f9e050d4196b1d3fce8bc4e060aa6', 'to': '6adf97f83acf6453d4a6a4b1070f3754'}, {'createdAt': {'$date': 1690787859000}, 'trackingCode': 'daa3d6a180a4cd556884367d3930ebf3', 'status': None, 'description': 'TRANSFERIDO PARA UNIDADE', 'trackerType': '202591c2658eb8db7d1c57e1273cd270', 'from': 'e80c16357188de04bb1202736cb61806', 'to': '6adf97f83acf6453d4a6a4b1070f3754'}, {'createdAt': {'$date': 1690795893000}, 'trackingCode': 'daa3d6a180a4cd556884367d3930ebf3', 'status': None, 'description': 'ENTRADA', 'trackerType': '202591c2658eb8db7d1c57e1273cd270', 'from': '86622513e7b6e600842f0a7b5d90434c', 'to': '6adf97f83acf6453d4a6a4b1070f3754'}, {'createdAt': {'$date': 1690821765000}, 'trackingCode': 'daa3d6a180a4cd556884367d3930ebf3', 'status': None, 'description': 'EM ROTA', 'trackerType': '202591c2658eb8db7d1c57e1273cd270', 'from': '86622513e7b6e600842f0a7b5d90434c', 'to': '6adf97f83acf6453d4a6a4b1070f3754'}, {'createdAt': {'$date': 1690894947000}, 'trackingCode': 'daa3d6a180a4cd556884367d3930ebf3', 'status': None, 'description': 'ENTREGUE', 'trackerType': '202591c2658eb8db7d1c57e1273cd270', 'from': '86622513e7b6e600842f0a7b5d90434c', 'to': '6adf97f83acf6453d4a6a4b1070f3754'}]"
U,158bd240ece67d4145ae0138b601ebf5,1692222148,1693824981,1693824981,"[{'createdAt': {'$date': 1692196872000}, 'trackingCode': 'adb288c2ec2b97f2b31cbd5c449a6699', 'status': None, 'description': 'EMISSAO', 'trackerType': '202591c2658eb8db7d1c57e1273cd270', 'from': '01f3741feb1ef51797de72d998f8ed67', 'to': '6adf97f83acf6453d4a6a4b1070f3754'}, {'createdAt': {'$date': 1692201593000}, 'trackingCode': 'adb288c2ec2b97f2b31cbd5c449a6699', 'status': None, 'description': 'TRANSFERENCIA', 'trackerType': '202591c2658eb8db7d1c57e1273cd270', 'from': '01f3741feb1ef51797de72d998f8ed67', 'to': '6adf97f83acf6453d4a6a4b1070f3754'}, {'createdAt': {'$date': 1692201696000}, 'trackingCode': 'adb288c2ec2b97f2b31cbd5c449a6699', 'status': None, 'description': 'TRANSFERENCIA', 'trackerType': '202591c2658eb8db7d1c57e1273cd270', 'from': '01f3741feb1ef51797de72d998f8ed67', 'to': '6adf97f83acf6453d4a6a4b1070f3754'}, {'createdAt': {'$date': 1692234338000}, 'trackingCode': 'adb288c2ec2b97f2b31cbd5c449a6699', 'status': None, 'description': 'ENTRADA', 'trackerType': '202591c2658eb8db7d1c57e1273cd270', 'from': 'd638da252e853581ee95ba532603c3cf', 'to': '6adf97f83acf6453d4a6a4b1070f3754'}, {'createdAt': {'$date': 1692237702000}, 'trackingCode': 'adb288c2ec2b97f2b31cbd5c449a6699', 'status': None, 'description': 'TRANSFERENCIA', 'trackerType': '202591c2658eb8db7d1c57e1273cd270', 'from': 'd638da252e853581ee95ba532603c3cf', 'to': '6adf97f83acf6453d4a6a4b1070f3754'}, {'createdAt': {'$date': 1692240956000}, 'trackingCode': 'adb288c2ec2b97f2b31cbd5c449a6699', 'status': None, 'description': 'TRANSFERENCIA', 'trackerType': '202591c2658eb8db7d1c57e1273cd270', 'from': 'd638da252e853581ee95ba532603c3cf', 'to': '6adf97f83acf6453d4a6a4b1070f3754'}, {'createdAt': {'$date': 1692245511000}, 'trackingCode': 'adb288c2ec2b97f2b31cbd5c449a6699', 'status': None, 'description': 'TRANSFERENCIA', 'trackerType': '202591c2658eb8db7d1c57e1273cd270', 'from': 'd638da252e853581ee95ba532603c3cf', 'to': '6adf97f83acf6453d4a6a4b1070f3754'}, {'createdAt': {'$date': 1692245602000}, 'trackingCode': 'adb288c2ec2b97f2b31cbd5c449a6699', 'status': None, 'description': 'TRANSFERENCIA', 'trackerType': '202591c2658eb8db7d1c57e1273cd270', 'from': 'd638da252e853581ee95ba532603c3cf', 'to': '6adf97f83acf6453d4a6a4b1070f3754'}, {'createdAt': {'$date': 1692335684000}, 'trackingCode': 'adb288c2ec2b97f2b31cbd5c449a6699', 'status': None, 'description': 'TRANSFERENCIA', 'trackerType': '202591c2658eb8db7d1c57e1273cd270', 'from': 'e81f9b321e898f638477f1f13bf81c38', 'to': '6adf97f83acf6453d4a6a4b1070f3754'}, {'createdAt': {'$date': 1692347753000}, 'trackingCode': 'adb288c2ec2b97f2b31cbd5c449a6699', 'status': None, 'description': 'ENTRADA', 'trackerType': '202591c2658eb8db7d1c57e1273cd270', 'from': '2033f08e49ad883f44facc5a195400bf', 'to': '6adf97f83acf6453d4a6a4b1070f3754'}, {'createdAt': {'$date': 1692349412000}, 'trackingCode': 'adb288c2ec2b97f2b31cbd5c449a6699', 'status': None, 'description': 'EM ROTA', 'trackerType': '202591c2658eb8db7d1c57e1273cd270', 'from': '2033f08e49ad883f44facc5a195400bf', 'to': '6adf97f83acf6453d4a6a4b1070f3754'}, {'createdAt': {'$date': 1692359569000}, 'trackingCode': 'adb288c2ec2b97f2b31cbd5c449a6699', 'status': None, 'description': 'ENTREGUE', 'trackerType': '202591c2658eb8db7d1c57e1273cd270', 'from': '2033f08e49ad883f44facc5a195400bf', 'to': '6adf97f83acf6453d4a6a4b1070f3754'}]"
U,d3402907282afd4667177dceacac6f47,1692806632,1693824981,1693824981,"[{'createdAt': {'$date': 1692804345000}, 'trackingCode': 'aac8a922ec6d7932a07f7ed1fcae14d4', 'status': None, 'description': 'EMISSAO', 'trackerType': '202591c2658eb8db7d1c57e1273cd270', 'from': '077d4a261bc7fb4bae73e48cc15d4ec8', 'to': '6adf97f83acf6453d4a6a4b1070f3754'}, {'createdAt': {'$date': 1692805172000}, 'trackingCode': 'aac8a922ec6d7932a07f7ed1fcae14d4', 'status': None, 'description': 'TRANSFERENCIA', 'trackerType': '202591c2658eb8db7d1c57e1273cd270', 'from': '077d4a261bc7fb4bae73e48cc15d4ec8', 'to': '6adf97f83acf6453d4a6a4b1070f3754'}, {'createdAt': {'$date': 1692852756000}, 'trackingCode': 'aac8a922ec6d7932a07f7ed1fcae14d4', 'status': None, 'description': 'ENTRADA', 'trackerType': '202591c2658eb8db7d1c57e1273cd270', 'from': 'fac929278c0e5ba967802153ba729336', 'to': '6adf97f83acf6453d4a6a4b1070f3754'}, {'createdAt': {'$date': 1692854714000}, 'trackingCode': 'aac8a922ec6d7932a07f7ed1fcae14d4', 'status': None, 'description': 'TRANSFERENCIA', 'trackerType': '202591c2658eb8db7d1c57e1273cd270', 'from': 'fac929278c0e5ba967802153ba729336', 'to': '6adf97f83acf6453d4a6a4b1070f3754'}, {'createdAt': {'$date': 1692876105000}, 'trackingCode': 'aac8a922ec6d7932a07f7ed1fcae14d4', 'status': None, 'description': 'TRANSFERENCIA', 'trackerType': '202591c2658eb8db7d1c57e1273cd270', 'from': 'fac929278c0e5ba967802153ba729336', 'to': '6adf97f83acf6453d4a6a4b1070f3754'}, {'createdAt': {'$date': 1692940242000}, 'trackingCode': 'aac8a922ec6d7932a07f7ed1fcae14d4', 'status': None, 'description': 'ENTRADA', 'trackerType': '202591c2658eb8db7d1c57e1273cd270', 'from': 'd638da252e853581ee95ba532603c3cf', 'to': '6adf97f83acf6453d4a6a4b1070f3754'}, {'createdAt': {'$date': 1692941021000}, 'trackingCode': 'aac8a922ec6d7932a07f7ed1fcae14d4', 'status': None, 'description': 'TRANSFERENCIA', 'trackerType': '202591c2658eb8db7d1c57e1273cd270', 'from': 'd638da252e853581ee95ba532603c3cf', 'to': '6adf97f83acf6453d4a6a4b1070f3754'}, {'createdAt': {'$date': 1692956487000}, 'trackingCode': 'aac8a922ec6d7932a07f7ed1fcae14d4', 'status': None, 'description': 'TRANSFERENCIA', 'trackerType': '202591c2658eb8db7d1c57e1273cd270', 'from': 'd638da252e853581ee95ba532603c3cf', 'to': '6adf97f83acf6453d4a6a4b1070f3754'}, {'createdAt': {'$date': 1692968777000}, 'trackingCode': 'aac8a922ec6d7932a07f7ed1fcae14d4', 'status': None, 'description': 'TRANSFERIDO PARA UNIDADE', 'trackerType': '202591c2658eb8db7d1c57e1273cd270', 'from': 'd638da252e853581ee95ba532603c3cf', 'to': '6adf97f83acf6453d4a6a4b1070f3754'}, {'createdAt': {'$date': 1692977851000}, 'trackingCode': 'aac8a922ec6d7932a07f7ed1fcae14d4', 'status': None, 'description': 'ENTRADA', 'trackerType': '202591c2658eb8db7d1c57e1273cd270', 'from': '6bcff5c18c146307fdf12c688c15e1d8', 'to': '6adf97f83acf6453d4a6a4b1070f3754'}, {'createdAt': {'$date': 1693209659000}, 'trackingCode': 'aac8a922ec6d7932a07f7ed1fcae14d4', 'status': None, 'description': 'EM ROTA', 'trackerType': '202591c2658eb8db7d1c57e1273cd270', 'from': '6bcff5c18c146307fdf12c688c15e1d8', 'to': '6adf97f83acf6453d4a6a4b1070f3754'}, {'createdAt': {'$date': 1693275887000}, 'trackingCode': 'aac8a922ec6d7932a07f7ed1fcae14d4', 'status': None, 'description': 'ENTREGUE', 'trackerType': '202591c2658eb8db7d1c57e1273cd270', 'from': '6bcff5c18c146307fdf12c688c15e1d8', 'to': '6adf97f83acf6453d4a6a4b1070f3754'}]"
U,f57d172963560a01e9a376c5f7f8a70e,1690842392,1693824981,1693824981,"[{'createdAt': {'$date': 1690821277000}, 'trackingCode': '27e7ef75f8a618919c0cc51a6991185b', 'status': '102', 'description': 'Informação do Envio enviado à Azul Cargo Express (CT-e emitido)\t', 'trackerType': '3b24fa7e14555a1912e5bc2198f8e075', 'from': '129c2f941af446fd5e6b1295e58ce1b0', 'to': '6adf97f83acf6453d4a6a4b1070f3754'}, {'createdAt': {'$date': 1690822733000}, 'trackingCode': '27e7ef75f8a618919c0cc51a6991185b', 'status': '142', 'description': 'Embarque no veículo para transferência ou em rota para entrega', 'trackerType': '3b24fa7e14555a1912e5bc2198f8e075', 'from': '129c2f941af446fd5e6b1295e58ce1b0', 'to': '6adf97f83acf6453d4a6a4b1070f3754'}, {'createdAt': {'$date': 1690822733000}, 'trackingCode': '27e7ef75f8a618919c0cc51a6991185b', 'status': '133', 'description': 'Saida Do Veiculo', 'trackerType': '3b24fa7e14555a1912e5bc2198f8e075', 'from': '129c2f941af446fd5e6b1295e58ce1b0', 'to': '6adf97f83acf6453d4a6a4b1070f3754'}, {'createdAt': {'$date': 1690828200000}, 'trackingCode': '27e7ef75f8a618919c0cc51a6991185b', 'status': '136', 'description': 'Chegou na Unidade Azul Cargo Express\t', 'trackerType': '3b24fa7e14555a1912e5bc2198f8e075', 'from': '99a1eda796ad151d505cb40551b5ec78', 'to': '6adf97f83acf6453d4a6a4b1070f3754'}, {'createdAt': {'$date': 1690897798000}, 'trackingCode': '27e7ef75f8a618919c0cc51a6991185b', 'status': '104', 'description': 'Deixou a unidade Azul Cargo Express\t', 'trackerType': '3b24fa7e14555a1912e5bc2198f8e075', 'from': '99a1eda796ad151d505cb40551b5ec78', 'to': '6adf97f83acf6453d4a6a4b1070f3754'}, {'createdAt': {'$date': 1690897812000}, 'trackingCode': '27e7ef75f8a618919c0cc51a6991185b', 'status': '134', 'description': 'Saída do voo\t', 'trackerType': '3b24fa7e14555a1912e5bc2198f8e075', 'from': '99a1eda796ad151d505cb40551b5ec78', 'to': '6adf97f83acf6453d4a6a4b1070f3754'}, {'createdAt': {'$date': 1690928520000}, 'trackingCode': '27e7ef75f8a618919c0cc51a6991185b', 'status': '137', 'description': 'Chegada do voo\t', 'trackerType': '3b24fa7e14555a1912e5bc2198f8e075', 'from': '89cb1e2fcbb5b49ca53cf4157f671587', 'to': '6adf97f83acf6453d4a6a4b1070f3754'}, {'createdAt': {'$date': 1691068020000}, 'trackingCode': '27e7ef75f8a618919c0cc51a6991185b', 'status': '104', 'description': 'Deixou a unidade Azul Cargo Express\t', 'trackerType': '3b24fa7e14555a1912e5bc2198f8e075', 'from': '89cb1e2fcbb5b49ca53cf4157f671587', 'to': '6adf97f83acf6453d4a6a4b1070f3754'}, {'createdAt': {'$date': 1691068029000}, 'trackingCode': '27e7ef75f8a618919c0cc51a6991185b', 'status': '134', 'description': 'Saída do voo\t', 'trackerType': '3b24fa7e14555a1912e5bc2198f8e075', 'from': '89cb1e2fcbb5b49ca53cf4157f671587', 'to': '6adf97f83acf6453d4a6a4b1070f3754'}, {'createdAt': {'$date': 1691073960000}, 'trackingCode': '27e7ef75f8a618919c0cc51a6991185b', 'status': '137', 'description': 'Chegada do voo\t', 'trackerType': '3b24fa7e14555a1912e5bc2198f8e075', 'from': '25f97bd71401dfc3d10ca9c577f16b4f', 'to': '6adf97f83acf6453d4a6a4b1070f3754'}, {'createdAt': {'$date': 1691074933000}, 'trackingCode': '27e7ef75f8a618919c0cc51a6991185b', 'status': '104', 'description': 'Deixou a unidade Azul Cargo Express\t', 'trackerType': '3b24fa7e14555a1912e5bc2198f8e075', 'from': '25f97bd71401dfc3d10ca9c577f16b4f', 'to': '6adf97f83acf6453d4a6a4b1070f3754'}, {'createdAt': {'$date': 1691074944000}, 'trackingCode': '27e7ef75f8a618919c0cc51a6991185b', 'status': '133', 'description': 'Saida Do Veiculo', 'trackerType': '3b24fa7e14555a1912e5bc2198f8e075', 'from': '25f97bd71401dfc3d10ca9c577f16b4f', 'to': '6adf97f83acf6453d4a6a4b1070f3754'}, {'createdAt': {'$date': 1691082810000}, 'trackingCode': '27e7ef75f8a618919c0cc51a6991185b', 'status': '01', 'description': 'Remessa entregue', 'trackerType': '3b24fa7e14555a1912e5bc2198f8e075', 'from': '6adf97f83acf6453d4a6a4b1070f3754', 'to': '6adf97f83acf6453d4a6a4b1070f3754'}]"
U,151ec9e44aceb9e836895875e5433a70,1690462997,1693824981,1693824981,"[{'createdAt': {'$date': 1690461098000}, 'trackingCode': 'd6c22fa26c31ffb60c4d9d60ee02f392', 'status': '102', 'description': 'Informação do Envio enviado à Azul Cargo Express (CT-e emitido)\t', 'trackerType': '3b24fa7e14555a1912e5bc2198f8e075', 'from': 'cb68b87cb137c5bc144d894eb29fdd1a', 'to': '6adf97f83acf6453d4a6a4b1070f3754'}, {'createdAt': {'$date': 1690477021000}, 'trackingCode': 'd6c22fa26c31ffb60c4d9d60ee02f392', 'status': '142', 'description': 'Embarque no veículo para transferência ou em rota para entrega', 'trackerType': '3b24fa7e14555a1912e5bc2198f8e075', 'from': 'cb68b87cb137c5bc144d894eb29fdd1a', 'to': '6adf97f83acf6453d4a6a4b1070f3754'}, {'createdAt': {'$date': 1690477021000}, 'trackingCode': 'd6c22fa26c31ffb60c4d9d60ee02f392', 'status': '133', 'description': 'Saida Do Veiculo', 'trackerType': '3b24fa7e14555a1912e5bc2198f8e075', 'from': 'cb68b87cb137c5bc144d894eb29fdd1a', 'to': '6adf97f83acf6453d4a6a4b1070f3754'}, {'createdAt': {'$date': 1690487400000}, 'trackingCode': 'd6c22fa26c31ffb60c4d9d60ee02f392', 'status': '136', 'description': 'Chegou na Unidade Azul Cargo Express\t', 'trackerType': '3b24fa7e14555a1912e5bc2198f8e075', 'from': 'c4a0041f7f45e439c53a952b97125bc1', 'to': '6adf97f83acf6453d4a6a4b1070f3754'}, {'createdAt': {'$date': 1690655974000}, 'trackingCode': 'd6c22fa26c31ffb60c4d9d60ee02f392', 'status': '104', 'description': 'Deixou a unidade Azul Cargo Express\t', 'trackerType': '3b24fa7e14555a1912e5bc2198f8e075', 'from': 'c4a0041f7f45e439c53a952b97125bc1', 'to': '6adf97f83acf6453d4a6a4b1070f3754'}, {'createdAt': {'$date': 1690655975000}, 'trackingCode': 'd6c22fa26c31ffb60c4d9d60ee02f392', 'status': '134', 'description': 'Saída do voo\t', 'trackerType': '3b24fa7e14555a1912e5bc2198f8e075', 'from': 'c4a0041f7f45e439c53a952b97125bc1', 'to': '6adf97f83acf6453d4a6a4b1070f3754'}, {'createdAt': {'$date': 1690708380000}, 'trackingCode': 'd6c22fa26c31ffb60c4d9d60ee02f392', 'status': '137', 'description': 'Chegada do voo\t', 'trackerType': '3b24fa7e14555a1912e5bc2198f8e075', 'from': 'd1b9206e3f91e5d6ccbb27d38319f19a', 'to': '6adf97f83acf6453d4a6a4b1070f3754'}, {'createdAt': {'$date': 1690813130000}, 'trackingCode': 'd6c22fa26c31ffb60c4d9d60ee02f392', 'status': '104', 'description': 'Deixou a unidade Azul Cargo Express\t', 'trackerType': '3b24fa7e14555a1912e5bc2198f8e075', 'from': 'd1b9206e3f91e5d6ccbb27d38319f19a', 'to': '6adf97f83acf6453d4a6a4b1070f3754'}, {'createdAt': {'$date': 1690816821000}, 'trackingCode': 'd6c22fa26c31ffb60c4d9d60ee02f392', 'status': '133', 'description': 'Saida Do Veiculo', 'trackerType': '3b24fa7e14555a1912e5bc2198f8e075', 'from': 'd1b9206e3f91e5d6ccbb27d38319f19a', 'to': '6adf97f83acf6453d4a6a4b1070f3754'}, {'createdAt': {'$date': 1690887600000}, 'trackingCode': 'd6c22fa26c31ffb60c4d9d60ee02f392', 'status': '01', 'description': 'Remessa entregue', 'trackerType': '3b24fa7e14555a1912e5bc2198f8e075', 'from': 'd1b9206e3f91e5d6ccbb27d38319f19a', 'to': '6adf97f83acf6453d4a6a4b1070f3754'}]"
U,be57a4e49593f0cfac8bee6b2fc48f75,1693510375,1693824981,1693824981,"[{'createdAt': {'$date': 1693500152000}, 'trackingCode': '67ad420aee4686b66d63f7f1d6749da3', 'status': None, 'description': 'EMISSAO', 'trackerType': '202591c2658eb8db7d1c57e1273cd270', 'from': 'b2443327b54f6cd4c6fc2fe8cb436ae8', 'to': '6adf97f83acf6453d4a6a4b1070f3754'}, {'createdAt': {'$date': 1693500160000}, 'trackingCode': '67ad420aee4686b66d63f7f1d6749da3', 'status': None, 'description': 'TRANSFERENCIA', 'trackerType': '202591c2658eb8db7d1c57e1273cd270', 'from': 'b2443327b54f6cd4c6fc2fe8cb436ae8', 'to': '6adf97f83acf6453d4a6a4b1070f3754'}, {'createdAt': {'$date': 1693546008000}, 'trackingCode': '67ad420aee4686b66d63f7f1d6749da3', 'status': None, 'description': 'TRANSFERENCIA', 'trackerType': '202591c2658eb8db7d1c57e1273cd270', 'from': 'b2443327b54f6cd4c6fc2fe8cb436ae8', 'to': '6adf97f83acf6453d4a6a4b1070f3754'}, {'createdAt': {'$date': 1693640801000}, 'trackingCode': '67ad420aee4686b66d63f7f1d6749da3', 'status': None, 'description': 'ENTRADA', 'trackerType': '202591c2658eb8db7d1c57e1273cd270', 'from': 'fac929278c0e5ba967802153ba729336', 'to': '6adf97f83acf6453d4a6a4b1070f3754'}, {'createdAt': {'$date': 1693660619000}, 'trackingCode': '67ad420aee4686b66d63f7f1d6749da3', 'status': None, 'description': 'TRANSFERENCIA', 'trackerType': '202591c2658eb8db7d1c57e1273cd270', 'from': 'fac929278c0e5ba967802153ba729336', 'to': '6adf97f83acf6453d4a6a4b1070f3754'}, {'createdAt': {'$date': 1693771043000}, 'trackingCode': '67ad420aee4686b66d63f7f1d6749da3', 'status': None, 'description': 'TRANSFERENCIA', 'trackerType': '202591c2658eb8db7d1c57e1273cd270', 'from': 'fac929278c0e5ba967802153ba729336', 'to': '6adf97f83acf6453d4a6a4b1070f3754'}]"
U,7ff3c367073d5ee17ac9cb0e67d20c92,1692868334,1693824981,1693824981,"[{'createdAt': {'$date': 1692860039000}, 'trackingCode': 'ab82cd8a9ccd3c1cf6889e710605af52', 'status': None, 'description': 'EMISSAO', 'trackerType': '202591c2658eb8db7d1c57e1273cd270', 'from': 'c33e4ea1cfb7c47dd8b66d160e2eaeeb', 'to': '6adf97f83acf6453d4a6a4b1070f3754'}, {'createdAt': {'$date': 1692860042000}, 'trackingCode': 'ab82cd8a9ccd3c1cf6889e710605af52', 'status': None, 'description': 'ENTRADA', 'trackerType': '202591c2658eb8db7d1c57e1273cd270', 'from': 'fac929278c0e5ba967802153ba729336', 'to': '6adf97f83acf6453d4a6a4b1070f3754'}, {'createdAt': {'$date': 1692860605000}, 'trackingCode': 'ab82cd8a9ccd3c1cf6889e710605af52', 'status': None, 'description': 'ENTRADA', 'trackerType': '202591c2658eb8db7d1c57e1273cd270', 'from': '898e12ca9ad5c99d74600b297158c9a9', 'to': '6adf97f83acf6453d4a6a4b1070f3754'}, {'createdAt': {'$date': 1692869601000}, 'trackingCode': 'ab82cd8a9ccd3c1cf6889e710605af52', 'status': None, 'description': 'TRANSFERENCIA', 'trackerType': '202591c2658eb8db7d1c57e1273cd270', 'from': '898e12ca9ad5c99d74600b297158c9a9', 'to': '6adf97f83acf6453d4a6a4b1070f3754'}, {'createdAt': {'$date': 1692887828000}, 'trackingCode': 'ab82cd8a9ccd3c1cf6889e710605af52', 'status': None, 'description': 'TRANSFERENCIA', 'trackerType': '202591c2658eb8db7d1c57e1273cd270', 'from': 'fac929278c0e5ba967802153ba729336', 'to': '6adf97f83acf6453d4a6a4b1070f3754'}, {'createdAt': {'$date': 1692933551000}, 'trackingCode': 'ab82cd8a9ccd3c1cf6889e710605af52', 'status': None, 'description': 'ENTRADA', 'trackerType': '202591c2658eb8db7d1c57e1273cd270', 'from': '84c77d7bc3fb1dd258da3c10bb2f8a27', 'to': '6adf97f83acf6453d4a6a4b1070f3754'}, {'createdAt': {'$date': 1692936832000}, 'trackingCode': 'ab82cd8a9ccd3c1cf6889e710605af52', 'status': None, 'description': 'TRANSFERENCIA', 'trackerType': '202591c2658eb8db7d1c57e1273cd270', 'from': '84c77d7bc3fb1dd258da3c10bb2f8a27', 'to': '6adf97f83acf6453d4a6a4b1070f3754'}, {'createdAt': {'$date': 1692942068000}, 'trackingCode': 'ab82cd8a9ccd3c1cf6889e710605af52', 'status': None, 'description': 'TRANSFERENCIA', 'trackerType': '202591c2658eb8db7d1c57e1273cd270', 'from': '84c77d7bc3fb1dd258da3c10bb2f8a27', 'to': '6adf97f83acf6453d4a6a4b1070f3754'}, {'createdAt': {'$date': 1692954325000}, 'trackingCode': 'ab82cd8a9ccd3c1cf6889e710605af52', 'status': None, 'description': 'TRANSFERIDO PARA UNIDADE', 'trackerType': '202591c2658eb8db7d1c57e1273cd270', 'from': '84c77d7bc3fb1dd258da3c10bb2f8a27', 'to': '6adf97f83acf6453d4a6a4b1070f3754'}, {'createdAt': {'$date': 1692956192000}, 'trackingCode': 'ab82cd8a9ccd3c1cf6889e710605af52', 'status': None, 'description': 'ENTRADA', 'trackerType': '202591c2658eb8db7d1c57e1273cd270', 'from': '5723fd9e342e1b336b0bccb974380c0f', 'to': '6adf97f83acf6453d4a6a4b1070f3754'}, {'createdAt': {'$date': 1692957007000}, 'trackingCode': 'ab82cd8a9ccd3c1cf6889e710605af52', 'status': None, 'description': 'EM ROTA', 'trackerType': '202591c2658eb8db7d1c57e1273cd270', 'from': '5723fd9e342e1b336b0bccb974380c0f', 'to': '6adf97f83acf6453d4a6a4b1070f3754'}, {'createdAt': {'$date': 1692969167000}, 'trackingCode': 'ab82cd8a9ccd3c1cf6889e710605af52', 'status': None, 'description': 'ENTREGUE', 'trackerType': '202591c2658eb8db7d1c57e1273cd270', 'from': '5723fd9e342e1b336b0bccb974380c0f', 'to': '6adf97f83acf6453d4a6a4b1070f3754'}]"
U,686dfc6f29c9635b6b3b2ac18ba3aab3,1692827721,1693824981,1693824981,"[{'createdAt': {'$date': 1692808492000}, 'trackingCode': '18d966f47914ef4efab9efc7b223aa17', 'status': None, 'description': 'EMISSAO', 'trackerType': '202591c2658eb8db7d1c57e1273cd270', 'from': 'b1bf46864e3b9601b8f324ade5026f3c', 'to': '6adf97f83acf6453d4a6a4b1070f3754'}, {'createdAt': {'$date': 1692809850000}, 'trackingCode': '18d966f47914ef4efab9efc7b223aa17', 'status': None, 'description': 'TRANSFERENCIA', 'trackerType': '202591c2658eb8db7d1c57e1273cd270', 'from': 'b1bf46864e3b9601b8f324ade5026f3c', 'to': '6adf97f83acf6453d4a6a4b1070f3754'}, {'createdAt': {'$date': 1692814499000}, 'trackingCode': '18d966f47914ef4efab9efc7b223aa17', 'status': None, 'description': 'ENTRADA', 'trackerType': '202591c2658eb8db7d1c57e1273cd270', 'from': 'fac929278c0e5ba967802153ba729336', 'to': '6adf97f83acf6453d4a6a4b1070f3754'}, {'createdAt': {'$date': 1692921356000}, 'trackingCode': '18d966f47914ef4efab9efc7b223aa17', 'status': None, 'description': 'TRANSFERENCIA', 'trackerType': '202591c2658eb8db7d1c57e1273cd270', 'from': 'fac929278c0e5ba967802153ba729336', 'to': '6adf97f83acf6453d4a6a4b1070f3754'}, {'createdAt': {'$date': 1692979989000}, 'trackingCode': '18d966f47914ef4efab9efc7b223aa17', 'status': None, 'description': 'ENTRADA', 'trackerType': '202591c2658eb8db7d1c57e1273cd270', 'from': '971e249ca4af90aa0b044735d8fdd59e', 'to': '6adf97f83acf6453d4a6a4b1070f3754'}, {'createdAt': {'$date': 1692982217000}, 'trackingCode': '18d966f47914ef4efab9efc7b223aa17', 'status': None, 'description': 'TRANSFERENCIA', 'trackerType': '202591c2658eb8db7d1c57e1273cd270', 'from': '971e249ca4af90aa0b044735d8fdd59e', 'to': '6adf97f83acf6453d4a6a4b1070f3754'}, {'createdAt': {'$date': 1693026814000}, 'trackingCode': '18d966f47914ef4efab9efc7b223aa17', 'status': None, 'description': 'TRANSFERENCIA', 'trackerType': '202591c2658eb8db7d1c57e1273cd270', 'from': '971e249ca4af90aa0b044735d8fdd59e', 'to': '6adf97f83acf6453d4a6a4b1070f3754'}, {'createdAt': {'$date': 1693031023000}, 'trackingCode': '18d966f47914ef4efab9efc7b223aa17', 'status': None, 'description': 'TRANSFERIDO PARA UNIDADE', 'trackerType': '202591c2658eb8db7d1c57e1273cd270', 'from': '971e249ca4af90aa0b044735d8fdd59e', 'to': '6adf97f83acf6453d4a6a4b1070f3754'}, {'createdAt': {'$date': 1693206995000}, 'trackingCode': '18d966f47914ef4efab9efc7b223aa17', 'status': None, 'description': 'ENTRADA', 'trackerType': '202591c2658eb8db7d1c57e1273cd270', 'from': '47b889a17d07c12dce4cf31e0263d34d', 'to': '6adf97f83acf6453d4a6a4b1070f3754'}, {'createdAt': {'$date': 1693215650000}, 'trackingCode': '18d966f47914ef4efab9efc7b223aa17', 'status': None, 'description': 'EM ROTA', 'trackerType': '202591c2658eb8db7d1c57e1273cd270', 'from': '47b889a17d07c12dce4cf31e0263d34d', 'to': '6adf97f83acf6453d4a6a4b1070f3754'}, {'createdAt': {'$date': 1693229855000}, 'trackingCode': '18d966f47914ef4efab9efc7b223aa17', 'status': None, 'description': 'ENTREGUE', 'trackerType': '202591c2658eb8db7d1c57e1273cd270', 'from': '47b889a17d07c12dce4cf31e0263d34d', 'to': '6adf97f83acf6453d4a6a4b1070f3754'}]"
U,1c81e1c3c75e7b37c661d96a78ca49d1,1692265001,1693824981,1693824981,"[{'createdAt': {'$date': 1691977971000}, 'trackingCode': '5bdb820c358c689e1d0d86b227b618ae', 'status': '01', 'description': 'Objeto postado', 'trackerType': '27bb7dfdbe0de2d482d1c37c3fe5bfe3', 'from': 'f0aa1982f61314b9aab258c2f110ebab', 'to': '6adf97f83acf6453d4a6a4b1070f3754'}, {'createdAt': {'$date': 1692615868000}, 'trackingCode': '5bdb820c358c689e1d0d86b227b618ae', 'status': '16', 'description': 'Objeto recebido pelos Correios do Brasil', 'trackerType': '27bb7dfdbe0de2d482d1c37c3fe5bfe3', 'from': '44d02c36e6691bb8faacd16784348114', 'to': '6adf97f83acf6453d4a6a4b1070f3754'}, {'createdAt': {'$date': 1692653236000}, 'trackingCode': '5bdb820c358c689e1d0d86b227b618ae', 'status': '01', 'description': 'Objeto em trânsito - por favor aguarde', 'trackerType': '27bb7dfdbe0de2d482d1c37c3fe5bfe3', 'from': '44d02c36e6691bb8faacd16784348114', 'to': 'a5cca99d677af10d5a3f6e966233f9c9'}, {'createdAt': {'$date': 1692653235000}, 'trackingCode': '5bdb820c358c689e1d0d86b227b618ae', 'status': '10', 'description': 'Fiscalização aduaneira finalizada', 'trackerType': '27bb7dfdbe0de2d482d1c37c3fe5bfe3', 'from': '44d02c36e6691bb8faacd16784348114', 'to': '6adf97f83acf6453d4a6a4b1070f3754'}, {'createdAt': {'$date': 1692744285000}, 'trackingCode': '5bdb820c358c689e1d0d86b227b618ae', 'status': '01', 'description': 'Objeto em trânsito - por favor aguarde', 'trackerType': '27bb7dfdbe0de2d482d1c37c3fe5bfe3', 'from': 'a5cca99d677af10d5a3f6e966233f9c9', 'to': '1eddde3dc1d788bcb8725fdbec699dc6'}, {'createdAt': {'$date': 1692951443000}, 'trackingCode': '5bdb820c358c689e1d0d86b227b618ae', 'status': '01', 'description': 'Objeto saiu para entrega ao destinatário', 'trackerType': '27bb7dfdbe0de2d482d1c37c3fe5bfe3', 'from': '1eddde3dc1d788bcb8725fdbec699dc6', 'to': '6adf97f83acf6453d4a6a4b1070f3754'}, {'createdAt': {'$date': 1692964710000}, 'trackingCode': '5bdb820c358c689e1d0d86b227b618ae', 'status': '01', 'description': 'Objeto entregue ao destinatário', 'trackerType': '27bb7dfdbe0de2d482d1c37c3fe5bfe3', 'from': '1eddde3dc1d788bcb8725fdbec699dc6', 'to': '6adf97f83acf6453d4a6a4b1070f3754'}]"
U,24d2a0ea382c0f6a7e5e20cbdaba0670,1692806633,1693824981,1693824981,"[{'createdAt': {'$date': 1692804334000}, 'trackingCode': '1c269af8aef918799593607615f0e967', 'status': None, 'description': 'EMISSAO', 'trackerType': '202591c2658eb8db7d1c57e1273cd270', 'from': '077d4a261bc7fb4bae73e48cc15d4ec8', 'to': '6adf97f83acf6453d4a6a4b1070f3754'}, {'createdAt': {'$date': 1692805172000}, 'trackingCode': '1c269af8aef918799593607615f0e967', 'status': None, 'description': 'TRANSFERENCIA', 'trackerType': '202591c2658eb8db7d1c57e1273cd270', 'from': '077d4a261bc7fb4bae73e48cc15d4ec8', 'to': '6adf97f83acf6453d4a6a4b1070f3754'}, {'createdAt': {'$date': 1692857131000}, 'trackingCode': '1c269af8aef918799593607615f0e967', 'status': None, 'description': 'ENTRADA', 'trackerType': '202591c2658eb8db7d1c57e1273cd270', 'from': 'fac929278c0e5ba967802153ba729336', 'to': '6adf97f83acf6453d4a6a4b1070f3754'}, {'createdAt': {'$date': 1692865017000}, 'trackingCode': '1c269af8aef918799593607615f0e967', 'status': None, 'description': 'TRANSFERENCIA', 'trackerType': '202591c2658eb8db7d1c57e1273cd270', 'from': 'e91b166c1c839824c55ffc2204e0ed8a', 'to': '6adf97f83acf6453d4a6a4b1070f3754'}, {'createdAt': {'$date': 1692913438000}, 'trackingCode': '1c269af8aef918799593607615f0e967', 'status': None, 'description': 'TRANSFERENCIA', 'trackerType': '202591c2658eb8db7d1c57e1273cd270', 'from': 'fac929278c0e5ba967802153ba729336', 'to': '6adf97f83acf6453d4a6a4b1070f3754'}, {'createdAt': {'$date': 1692950532000}, 'trackingCode': '1c269af8aef918799593607615f0e967', 'status': None, 'description': 'ENTRADA', 'trackerType': '202591c2658eb8db7d1c57e1273cd270', 'from': '806a302ab6b943cbfcee4517160a2218', 'to': '6adf97f83acf6453d4a6a4b1070f3754'}, {'createdAt': {'$date': 1692955270000}, 'trackingCode': '1c269af8aef918799593607615f0e967', 'status': None, 'description': 'EM ROTA', 'trackerType': '202591c2658eb8db7d1c57e1273cd270', 'from': '806a302ab6b943cbfcee4517160a2218', 'to': '6adf97f83acf6453d4a6a4b1070f3754'}, {'createdAt': {'$date': 1692967437000}, 'trackingCode': '1c269af8aef918799593607615f0e967', 'status': None, 'description': 'ENTREGUE', 'trackerType': '202591c2658eb8db7d1c57e1273cd270', 'from': '806a302ab6b943cbfcee4517160a2218', 'to': '6adf97f83acf6453d4a6a4b1070f3754'}]"
U,260e9c1d625d399892258d4a1f0b4179,1692817644,1693824981,1693824981,"[{'createdAt': {'$date': 1692807926000}, 'trackingCode': '00c4f74e3d8748870be98f000d4fc2cd', 'status': '102', 'description': 'Informação do Envio enviado à Azul Cargo Express (CT-e emitido)\t', 'trackerType': '3b24fa7e14555a1912e5bc2198f8e075', 'from': '0d706e453668f4d9a0c57ae81f923e51', 'to': '6adf97f83acf6453d4a6a4b1070f3754'}, {'createdAt': {'$date': 1692817379000}, 'trackingCode': '00c4f74e3d8748870be98f000d4fc2cd', 'status': '142', 'description': 'Embarque no veículo para transferência ou em rota para entrega', 'trackerType': '3b24fa7e14555a1912e5bc2198f8e075', 'from': '0d706e453668f4d9a0c57ae81f923e51', 'to': '6adf97f83acf6453d4a6a4b1070f3754'}, {'createdAt': {'$date': 1692817379000}, 'trackingCode': '00c4f74e3d8748870be98f000d4fc2cd', 'status': '133', 'description': 'Saida Do Veiculo', 'trackerType': '3b24fa7e14555a1912e5bc2198f8e075', 'from': '0d706e453668f4d9a0c57ae81f923e51', 'to': '6adf97f83acf6453d4a6a4b1070f3754'}, {'createdAt': {'$date': 1692827220000}, 'trackingCode': '00c4f74e3d8748870be98f000d4fc2cd', 'status': '136', 'description': 'Chegou na Unidade Azul Cargo Express\t', 'trackerType': '3b24fa7e14555a1912e5bc2198f8e075', 'from': '3d546c03f720c3a373b7193c931ff429', 'to': '6adf97f83acf6453d4a6a4b1070f3754'}, {'createdAt': {'$date': 1692887781000}, 'trackingCode': '00c4f74e3d8748870be98f000d4fc2cd', 'status': '104', 'description': 'Deixou a unidade Azul Cargo Express\t', 'trackerType': '3b24fa7e14555a1912e5bc2198f8e075', 'from': '3d546c03f720c3a373b7193c931ff429', 'to': '6adf97f83acf6453d4a6a4b1070f3754'}, {'createdAt': {'$date': 1692887784000}, 'trackingCode': '00c4f74e3d8748870be98f000d4fc2cd', 'status': '134', 'description': 'Saída do voo\t', 'trackerType': '3b24fa7e14555a1912e5bc2198f8e075', 'from': '3d546c03f720c3a373b7193c931ff429', 'to': '6adf97f83acf6453d4a6a4b1070f3754'}, {'createdAt': {'$date': 1692890340000}, 'trackingCode': '00c4f74e3d8748870be98f000d4fc2cd', 'status': '137', 'description': 'Chegada do voo\t', 'trackerType': '3b24fa7e14555a1912e5bc2198f8e075', 'from': '1eaad630b48b36d5fc32e235aead1633', 'to': '6adf97f83acf6453d4a6a4b1070f3754'}, {'createdAt': {'$date': 1692919158000}, 'trackingCode': '00c4f74e3d8748870be98f000d4fc2cd', 'status': '104', 'description': 'Deixou a unidade Azul Cargo Express\t', 'trackerType': '3b24fa7e14555a1912e5bc2198f8e075', 'from': '1eaad630b48b36d5fc32e235aead1633', 'to': '6adf97f83acf6453d4a6a4b1070f3754'}, {'createdAt': {'$date': 1692919160000}, 'trackingCode': '00c4f74e3d8748870be98f000d4fc2cd', 'status': '134', 'description': 'Saída do voo\t', 'trackerType': '3b24fa7e14555a1912e5bc2198f8e075', 'from': '1eaad630b48b36d5fc32e235aead1633', 'to': '6adf97f83acf6453d4a6a4b1070f3754'}, {'createdAt': {'$date': 1692920280000}, 'trackingCode': '00c4f74e3d8748870be98f000d4fc2cd', 'status': '137', 'description': 'Chegada do voo\t', 'trackerType': '3b24fa7e14555a1912e5bc2198f8e075', 'from': '97b34f57ec10aafbe7ddb33a694d019b', 'to': '6adf97f83acf6453d4a6a4b1070f3754'}, {'createdAt': {'$date': 1692996472000}, 'trackingCode': '00c4f74e3d8748870be98f000d4fc2cd', 'status': '142', 'description': 'Embarque no veículo para transferência ou em rota para entrega', 'trackerType': '3b24fa7e14555a1912e5bc2198f8e075', 'from': '97b34f57ec10aafbe7ddb33a694d019b', 'to': '6adf97f83acf6453d4a6a4b1070f3754'}, {'createdAt': {'$date': 1692998435000}, 'trackingCode': '00c4f74e3d8748870be98f000d4fc2cd', 'status': '133', 'description': 'Saida Do Veiculo', 'trackerType': '3b24fa7e14555a1912e5bc2198f8e075', 'from': '97b34f57ec10aafbe7ddb33a694d019b', 'to': '6adf97f83acf6453d4a6a4b1070f3754'}, {'createdAt': {'$date': 1693316400000}, 'trackingCode': '00c4f74e3d8748870be98f000d4fc2cd', 'status': '136', 'description': 'Chegou na Unidade Azul Cargo Express\t', 'trackerType': '3b24fa7e14555a1912e5bc2198f8e075', 'from': '5ec28d85463bec4994a6a97f5bcf4af2', 'to': '6adf97f83acf6453d4a6a4b1070f3754'}, {'createdAt': {'$date': 1693316475000}, 'trackingCode': '00c4f74e3d8748870be98f000d4fc2cd', 'status': '104', 'description': 'Deixou a unidade Azul Cargo Express\t', 'trackerType': '3b24fa7e14555a1912e5bc2198f8e075', 'from': '5ec28d85463bec4994a6a97f5bcf4af2', 'to': '6adf97f83acf6453d4a6a4b1070f3754'}, {'createdAt': {'$date': 1693316478000}, 'trackingCode': '00c4f74e3d8748870be98f000d4fc2cd', 'status': '133', 'description': 'Saida Do Veiculo', 'trackerType': '3b24fa7e14555a1912e5bc2198f8e075', 'from': '5ec28d85463bec4994a6a97f5bcf4af2', 'to': '6adf97f83acf6453d4a6a4b1070f3754'}, {'createdAt': {'$date': 1693310400000}, 'trackingCode': '00c4f74e3d8748870be98f000d4fc2cd', 'status': '01', 'description': 'Remessa entregue', 'trackerType': '3b24fa7e14555a1912e5bc2198f8e075', 'from': '5ec28d85463bec4994a6a97f5bcf4af2', 'to': '6adf97f83acf6453d4a6a4b1070f3754'}]"
U,77689a8fb3e3074ae9a63071354cb7a4,1690795945,1693824981,1693824981,"[{'createdAt': {'$date': 1690572965000}, 'trackingCode': 'c3c8c4e5395129634cc86aa0fcdeae62', 'status': '01', 'description': 'Objeto em trânsito - por favor aguarde', 'trackerType': '27bb7dfdbe0de2d482d1c37c3fe5bfe3', 'from': '1573ecd98346bbe2ca7bfccb30b80633', 'to': '0b31d246d6e2c9ad7c1dab060f7fb7b7'}, {'createdAt': {'$date': 1690341742000}, 'trackingCode': 'c3c8c4e5395129634cc86aa0fcdeae62', 'status': '01', 'description': 'Objeto em trânsito - por favor aguarde', 'trackerType': '27bb7dfdbe0de2d482d1c37c3fe5bfe3', 'from': 'e0e884b320d7340e331862ed6772b798', 'to': '1573ecd98346bbe2ca7bfccb30b80633'}, {'createdAt': {'$date': 1690264916000}, 'trackingCode': 'c3c8c4e5395129634cc86aa0fcdeae62', 'status': '01', 'description': 'Objeto em trânsito - por favor aguarde', 'trackerType': '27bb7dfdbe0de2d482d1c37c3fe5bfe3', 'from': 'a73a615419145fd5f1a0f8689a38600d', 'to': 'e0e884b320d7340e331862ed6772b798'}, {'createdAt': {'$date': 1690216353000}, 'trackingCode': 'c3c8c4e5395129634cc86aa0fcdeae62', 'status': '01', 'description': 'Objeto postado', 'trackerType': '27bb7dfdbe0de2d482d1c37c3fe5bfe3', 'from': 'a73a615419145fd5f1a0f8689a38600d', 'to': '6adf97f83acf6453d4a6a4b1070f3754'}, {'createdAt': {'$date': 1690823054000}, 'trackingCode': 'c3c8c4e5395129634cc86aa0fcdeae62', 'status': '03', 'description': 'Objeto aguardando retirada no endereço indicado', 'trackerType': '27bb7dfdbe0de2d482d1c37c3fe5bfe3', 'from': '0b31d246d6e2c9ad7c1dab060f7fb7b7', 'to': '6adf97f83acf6453d4a6a4b1070f3754'}, {'createdAt': {'$date': 1690878074000}, 'trackingCode': 'c3c8c4e5395129634cc86aa0fcdeae62', 'status': '01', 'description': 'Objeto entregue ao destinatário', 'trackerType': '27bb7dfdbe0de2d482d1c37c3fe5bfe3', 'from': '0b31d246d6e2c9ad7c1dab060f7fb7b7', 'to': '6adf97f83acf6453d4a6a4b1070f3754'}]"
U,5c3156d7c213a8316a940f0da41fbdac,1692806632,1693824981,1693824981,"[{'createdAt': {'$date': 1692803526000}, 'trackingCode': '7e2d503e5664c2fb6ee84908e09da3cb', 'status': None, 'description': 'EMISSAO', 'trackerType': '202591c2658eb8db7d1c57e1273cd270', 'from': 'b2443327b54f6cd4c6fc2fe8cb436ae8', 'to': '6adf97f83acf6453d4a6a4b1070f3754'}, {'createdAt': {'$date': 1692803573000}, 'trackingCode': '7e2d503e5664c2fb6ee84908e09da3cb', 'status': None, 'description': 'TRANSFERENCIA', 'trackerType': '202591c2658eb8db7d1c57e1273cd270', 'from': 'b2443327b54f6cd4c6fc2fe8cb436ae8', 'to': '6adf97f83acf6453d4a6a4b1070f3754'}, {'createdAt': {'$date': 1692854774000}, 'trackingCode': '7e2d503e5664c2fb6ee84908e09da3cb', 'status': None, 'description': 'TRANSFERENCIA', 'trackerType': '202591c2658eb8db7d1c57e1273cd270', 'from': 'b2443327b54f6cd4c6fc2fe8cb436ae8', 'to': '6adf97f83acf6453d4a6a4b1070f3754'}, {'createdAt': {'$date': 1692981055000}, 'trackingCode': '7e2d503e5664c2fb6ee84908e09da3cb', 'status': None, 'description': 'TRANSFERENCIA', 'trackerType': '202591c2658eb8db7d1c57e1273cd270', 'from': 'e81f9b321e898f638477f1f13bf81c38', 'to': '6adf97f83acf6453d4a6a4b1070f3754'}, {'createdAt': {'$date': 1692981170000}, 'trackingCode': '7e2d503e5664c2fb6ee84908e09da3cb', 'status': None, 'description': 'TRANSFERENCIA', 'trackerType': '202591c2658eb8db7d1c57e1273cd270', 'from': 'fac929278c0e5ba967802153ba729336', 'to': '6adf97f83acf6453d4a6a4b1070f3754'}, {'createdAt': {'$date': 1693028827000}, 'trackingCode': '7e2d503e5664c2fb6ee84908e09da3cb', 'status': None, 'description': 'TRANSFERENCIA', 'trackerType': '202591c2658eb8db7d1c57e1273cd270', 'from': 'fac929278c0e5ba967802153ba729336', 'to': '6adf97f83acf6453d4a6a4b1070f3754'}, {'createdAt': {'$date': 1693036826000}, 'trackingCode': '7e2d503e5664c2fb6ee84908e09da3cb', 'status': None, 'description': 'TRANSFERIDO PARA UNIDADE', 'trackerType': '202591c2658eb8db7d1c57e1273cd270', 'from': 'bb06c77b0bda796758fb2d30ec897c06', 'to': '6adf97f83acf6453d4a6a4b1070f3754'}, {'createdAt': {'$date': 1693219429000}, 'trackingCode': '7e2d503e5664c2fb6ee84908e09da3cb', 'status': None, 'description': 'ENTRADA', 'trackerType': '202591c2658eb8db7d1c57e1273cd270', 'from': 'd0d4867c14cd6025ef8e1325ad267599', 'to': '6adf97f83acf6453d4a6a4b1070f3754'}, {'createdAt': {'$date': 1693219668000}, 'trackingCode': '7e2d503e5664c2fb6ee84908e09da3cb', 'status': None, 'description': 'EM ROTA', 'trackerType': '202591c2658eb8db7d1c57e1273cd270', 'from': 'd0d4867c14cd6025ef8e1325ad267599', 'to': '6adf97f83acf6453d4a6a4b1070f3754'}, {'createdAt': {'$date': 1693236570000}, 'trackingCode': '7e2d503e5664c2fb6ee84908e09da3cb', 'status': None, 'description': 'ENTREGUE', 'trackerType': '202591c2658eb8db7d1c57e1273cd270', 'from': 'd0d4867c14cd6025ef8e1325ad267599', 'to': '6adf97f83acf6453d4a6a4b1070f3754'}]"
U,2a398ce15da7c7ea0dd38677c6cbf06d,1692724051,1693824981,1693824981,"[{'createdAt': {'$date': 1692734690000}, 'trackingCode': 'c3e5e520ab801a0c7eadcc8c3b034fd2', 'status': '13', 'description': 'O pacote foi confirmado em uma base da Loggi e vai ser preparado para transferência.', 'trackerType': 'a302942c7f755f858bd9a6c0c6be98fb', 'from': 'a0a65c186d82bc2b220c899f91efd023', 'to': '6adf97f83acf6453d4a6a4b1070f3754'}, {'createdAt': {'$date': 1692626060000}, 'trackingCode': 'c3e5e520ab801a0c7eadcc8c3b034fd2', 'status': '1', 'description': 'A etiqueta de envio já foi criada e o pacote está pronto para a coleta.', 'trackerType': 'a302942c7f755f858bd9a6c0c6be98fb', 'from': 'a0a65c186d82bc2b220c899f91efd023', 'to': '6adf97f83acf6453d4a6a4b1070f3754'}, {'createdAt': {'$date': 1692796365000}, 'trackingCode': 'c3e5e520ab801a0c7eadcc8c3b034fd2', 'status': '16', 'description': 'O pacote está em transferência de uma base para outra.', 'trackerType': 'a302942c7f755f858bd9a6c0c6be98fb', 'from': '6adf97f83acf6453d4a6a4b1070f3754', 'to': '6adf97f83acf6453d4a6a4b1070f3754'}, {'createdAt': {'$date': 1692796039000}, 'trackingCode': 'c3e5e520ab801a0c7eadcc8c3b034fd2', 'status': '3', 'description': 'O pacote está em uma base e, em breve, vai estar em transferência.', 'trackerType': 'a302942c7f755f858bd9a6c0c6be98fb', 'from': '6adf97f83acf6453d4a6a4b1070f3754', 'to': '6adf97f83acf6453d4a6a4b1070f3754'}, {'createdAt': {'$date': 1692823422000}, 'trackingCode': 'c3e5e520ab801a0c7eadcc8c3b034fd2', 'status': '17', 'description': 'Tudo certo, o pacote está em uma base da Loggi.', 'trackerType': 'a302942c7f755f858bd9a6c0c6be98fb', 'from': '6adf97f83acf6453d4a6a4b1070f3754', 'to': '6adf97f83acf6453d4a6a4b1070f3754'}, {'createdAt': {'$date': 1692796037000}, 'trackingCode': 'c3e5e520ab801a0c7eadcc8c3b034fd2', 'status': '3', 'description': 'O pacote está em uma base e, em breve, vai estar em transferência.', 'trackerType': 'a302942c7f755f858bd9a6c0c6be98fb', 'from': '9a5f1b924065b578493527753059860d', 'to': '6adf97f83acf6453d4a6a4b1070f3754'}, {'createdAt': {'$date': 1692943018000}, 'trackingCode': 'c3e5e520ab801a0c7eadcc8c3b034fd2', 'status': '15', 'description': 'O pacote já teve suas dimensões conferidas.', 'trackerType': 'a302942c7f755f858bd9a6c0c6be98fb', 'from': '78a32fcc48731cfdbb11966d312f5f4f', 'to': '6adf97f83acf6453d4a6a4b1070f3754'}, {'createdAt': {'$date': 1692957578000}, 'trackingCode': 'c3e5e520ab801a0c7eadcc8c3b034fd2', 'status': '16', 'description': 'O pacote está em transferência de uma base para outra.', 'trackerType': 'a302942c7f755f858bd9a6c0c6be98fb', 'from': '9a5f1b924065b578493527753059860d', 'to': '6adf97f83acf6453d4a6a4b1070f3754'}, {'createdAt': {'$date': 1692955992000}, 'trackingCode': 'c3e5e520ab801a0c7eadcc8c3b034fd2', 'status': '3', 'description': 'O pacote está em uma base e, em breve, vai estar em transferência.', 'trackerType': 'a302942c7f755f858bd9a6c0c6be98fb', 'from': '6adf97f83acf6453d4a6a4b1070f3754', 'to': '6adf97f83acf6453d4a6a4b1070f3754'}, {'createdAt': {'$date': 1693006963000}, 'trackingCode': 'c3e5e520ab801a0c7eadcc8c3b034fd2', 'status': '17', 'description': 'Tudo certo, o pacote está em uma base da Loggi.', 'trackerType': 'a302942c7f755f858bd9a6c0c6be98fb', 'from': '78a32fcc48731cfdbb11966d312f5f4f', 'to': '6adf97f83acf6453d4a6a4b1070f3754'}, {'createdAt': {'$date': 1693015891000}, 'trackingCode': 'c3e5e520ab801a0c7eadcc8c3b034fd2', 'status': '15', 'description': 'O pacote já teve suas dimensões conferidas.', 'trackerType': 'a302942c7f755f858bd9a6c0c6be98fb', 'from': '4798ea2b0ab3b3c8e9edf3e4e2d9cc21', 'to': '6adf97f83acf6453d4a6a4b1070f3754'}, {'createdAt': {'$date': 1693033227000}, 'trackingCode': 'c3e5e520ab801a0c7eadcc8c3b034fd2', 'status': '16', 'description': 'O pacote está em transferência de uma base para outra.', 'trackerType': 'a302942c7f755f858bd9a6c0c6be98fb', 'from': '6adf97f83acf6453d4a6a4b1070f3754', 'to': '6adf97f83acf6453d4a6a4b1070f3754'}, {'createdAt': {'$date': 1693030039000}, 'trackingCode': 'c3e5e520ab801a0c7eadcc8c3b034fd2', 'status': '3', 'description': 'O pacote está em uma base e, em breve, vai estar em transferência.', 'trackerType': 'a302942c7f755f858bd9a6c0c6be98fb', 'from': '6adf97f83acf6453d4a6a4b1070f3754', 'to': '6adf97f83acf6453d4a6a4b1070f3754'}, {'createdAt': {'$date': 1693055858000}, 'trackingCode': 'c3e5e520ab801a0c7eadcc8c3b034fd2', 'status': '17', 'description': 'Tudo certo, o pacote está em uma base da Loggi.', 'trackerType': 'a302942c7f755f858bd9a6c0c6be98fb', 'from': '294b7139170cce90522433f71afb9309', 'to': '6adf97f83acf6453d4a6a4b1070f3754'}, {'createdAt': {'$date': 1693055856000}, 'trackingCode': 'c3e5e520ab801a0c7eadcc8c3b034fd2', 'status': '17', 'description': 'Tudo certo, o pacote está em uma base da Loggi.', 'trackerType': 'a302942c7f755f858bd9a6c0c6be98fb', 'from': '6adf97f83acf6453d4a6a4b1070f3754', 'to': '6adf97f83acf6453d4a6a4b1070f3754'}, {'createdAt': {'$date': 1693216825000}, 'trackingCode': 'c3e5e520ab801a0c7eadcc8c3b034fd2', 'status': '11', 'description': 'O pacote está a caminho.', 'trackerType': 'a302942c7f755f858bd9a6c0c6be98fb', 'from': '6adf97f83acf6453d4a6a4b1070f3754', 'to': '6adf97f83acf6453d4a6a4b1070f3754'}, {'createdAt': {'$date': 1693227538000}, 'trackingCode': 'c3e5e520ab801a0c7eadcc8c3b034fd2', 'status': '5', 'description': 'O pacote chegou ao destino final.', 'trackerType': 'a302942c7f755f858bd9a6c0c6be98fb', 'from': '294b7139170cce90522433f71afb9309', 'to': '6adf97f83acf6453d4a6a4b1070f3754'}, {'createdAt': {'$date': 1693216812000}, 'trackingCode': 'c3e5e520ab801a0c7eadcc8c3b034fd2', 'status': '11', 'description': 'O pacote está a caminho.', 'trackerType': 'a302942c7f755f858bd9a6c0c6be98fb', 'from': '6adf97f83acf6453d4a6a4b1070f3754', 'to': '6adf97f83acf6453d4a6a4b1070f3754'}]"
U,79f5241c9aaff67547a45fcaa8576809,1689767581,1693824981,1693824981,"[{'createdAt': {'$date': 1689345781000}, 'trackingCode': '57ecca30a61a6999d9b5932a2b475d71', 'status': '1', 'description': 'Arquivo Recebido', 'trackerType': '560eb3b8655c97fabfc9af244772eeed', 'from': 'd1599313c2799caec566f89ec252aea8', 'to': '6adf97f83acf6453d4a6a4b1070f3754'}, {'createdAt': {'$date': 1689779895000}, 'trackingCode': '57ecca30a61a6999d9b5932a2b475d71', 'status': '34', 'description': 'CT-e autorizado', 'trackerType': '560eb3b8655c97fabfc9af244772eeed', 'from': '9696620562cb267779fe88d8f1cf43b1', 'to': '6adf97f83acf6453d4a6a4b1070f3754'}, {'createdAt': {'$date': 1689779738000}, 'trackingCode': '57ecca30a61a6999d9b5932a2b475d71', 'status': '2', 'description': 'Recebido pela transportadora', 'trackerType': '560eb3b8655c97fabfc9af244772eeed', 'from': '9696620562cb267779fe88d8f1cf43b1', 'to': '6adf97f83acf6453d4a6a4b1070f3754'}, {'createdAt': {'$date': 1689795898000}, 'trackingCode': '57ecca30a61a6999d9b5932a2b475d71', 'status': '14', 'description': 'Em Transferência', 'trackerType': '560eb3b8655c97fabfc9af244772eeed', 'from': '9696620562cb267779fe88d8f1cf43b1', 'to': '6adf97f83acf6453d4a6a4b1070f3754'}, {'createdAt': {'$date': 1689853852000}, 'trackingCode': '57ecca30a61a6999d9b5932a2b475d71', 'status': '14', 'description': 'Em Transferência', 'trackerType': '560eb3b8655c97fabfc9af244772eeed', 'from': '23f9a10d30b3af5a77131dcdc4f38c7d', 'to': '6adf97f83acf6453d4a6a4b1070f3754'}, {'createdAt': {'$date': 1689851794000}, 'trackingCode': '57ecca30a61a6999d9b5932a2b475d71', 'status': '9', 'description': 'Liberado', 'trackerType': '560eb3b8655c97fabfc9af244772eeed', 'from': '9696620562cb267779fe88d8f1cf43b1', 'to': '6adf97f83acf6453d4a6a4b1070f3754'}, {'createdAt': {'$date': 1689927256000}, 'trackingCode': '57ecca30a61a6999d9b5932a2b475d71', 'status': '15', 'description': 'Transferido', 'trackerType': '560eb3b8655c97fabfc9af244772eeed', 'from': 'd1599313c2799caec566f89ec252aea8', 'to': '6adf97f83acf6453d4a6a4b1070f3754'}, {'createdAt': {'$date': 1690274714000}, 'trackingCode': '57ecca30a61a6999d9b5932a2b475d71', 'status': '3', 'description': 'Geração de lista', 'trackerType': '560eb3b8655c97fabfc9af244772eeed', 'from': 'd1599313c2799caec566f89ec252aea8', 'to': '6adf97f83acf6453d4a6a4b1070f3754'}, {'createdAt': {'$date': 1690292764000}, 'trackingCode': '57ecca30a61a6999d9b5932a2b475d71', 'status': '6', 'description': 'Entregue', 'trackerType': '560eb3b8655c97fabfc9af244772eeed', 'from': 'd1599313c2799caec566f89ec252aea8', 'to': '6adf97f83acf6453d4a6a4b1070f3754'}, {'createdAt': {'$date': 1690292704000}, 'trackingCode': '57ecca30a61a6999d9b5932a2b475d71', 'status': '5', 'description': 'A caminho do destinatário', 'trackerType': '560eb3b8655c97fabfc9af244772eeed', 'from': 'd1599313c2799caec566f89ec252aea8', 'to': '6adf97f83acf6453d4a6a4b1070f3754'}, {'createdAt': {'$date': 1690292269000}, 'trackingCode': '57ecca30a61a6999d9b5932a2b475d71', 'status': '4', 'description': 'Em Rota', 'trackerType': '560eb3b8655c97fabfc9af244772eeed', 'from': 'd1599313c2799caec566f89ec252aea8', 'to': '6adf97f83acf6453d4a6a4b1070f3754'}]"
U,2c14649f9918501a2e269e1b21f0faf0,1689621705,1693824981,1693824981,"[{'createdAt': {'$date': 1689611809000}, 'trackingCode': 'b2619f072fc6eb20dc19d528d98bd887', 'status': '102', 'description': 'Informação do Envio enviado à Azul Cargo Express (CT-e emitido)\t', 'trackerType': '3b24fa7e14555a1912e5bc2198f8e075', 'from': 'ea23ac95681a36306dfd1349447c9a55', 'to': '6adf97f83acf6453d4a6a4b1070f3754'}, {'createdAt': {'$date': 1689680063000}, 'trackingCode': 'b2619f072fc6eb20dc19d528d98bd887', 'status': '142', 'description': 'Embarque no veículo para transferência ou em rota para entrega', 'trackerType': '3b24fa7e14555a1912e5bc2198f8e075', 'from': 'ea23ac95681a36306dfd1349447c9a55', 'to': '6adf97f83acf6453d4a6a4b1070f3754'}, {'createdAt': {'$date': 1689680067000}, 'trackingCode': 'b2619f072fc6eb20dc19d528d98bd887', 'status': '133', 'description': 'Saida Do Veiculo', 'trackerType': '3b24fa7e14555a1912e5bc2198f8e075', 'from': 'ea23ac95681a36306dfd1349447c9a55', 'to': '6adf97f83acf6453d4a6a4b1070f3754'}, {'createdAt': {'$date': 1689698700000}, 'trackingCode': 'b2619f072fc6eb20dc19d528d98bd887', 'status': '136', 'description': 'Chegou na Unidade Azul Cargo Express\t', 'trackerType': '3b24fa7e14555a1912e5bc2198f8e075', 'from': '8578e7a4f7b9576c788a8a6706e207d9', 'to': '6adf97f83acf6453d4a6a4b1070f3754'}, {'createdAt': {'$date': 1689709831000}, 'trackingCode': 'b2619f072fc6eb20dc19d528d98bd887', 'status': '104', 'description': 'Deixou a unidade Azul Cargo Express\t', 'trackerType': '3b24fa7e14555a1912e5bc2198f8e075', 'from': '8578e7a4f7b9576c788a8a6706e207d9', 'to': '6adf97f83acf6453d4a6a4b1070f3754'}, {'createdAt': {'$date': 1689709832000}, 'trackingCode': 'b2619f072fc6eb20dc19d528d98bd887', 'status': '134', 'description': 'Saída do voo\t', 'trackerType': '3b24fa7e14555a1912e5bc2198f8e075', 'from': '8578e7a4f7b9576c788a8a6706e207d9', 'to': '6adf97f83acf6453d4a6a4b1070f3754'}, {'createdAt': {'$date': 1689716580000}, 'trackingCode': 'b2619f072fc6eb20dc19d528d98bd887', 'status': '137', 'description': 'Chegada do voo\t', 'trackerType': '3b24fa7e14555a1912e5bc2198f8e075', 'from': 'c4a0041f7f45e439c53a952b97125bc1', 'to': '6adf97f83acf6453d4a6a4b1070f3754'}, {'createdAt': {'$date': 1689739053000}, 'trackingCode': 'b2619f072fc6eb20dc19d528d98bd887', 'status': '104', 'description': 'Deixou a unidade Azul Cargo Express\t', 'trackerType': '3b24fa7e14555a1912e5bc2198f8e075', 'from': 'c4a0041f7f45e439c53a952b97125bc1', 'to': '6adf97f83acf6453d4a6a4b1070f3754'}, {'createdAt': {'$date': 1689739058000}, 'trackingCode': 'b2619f072fc6eb20dc19d528d98bd887', 'status': '134', 'description': 'Saída do voo\t', 'trackerType': '3b24fa7e14555a1912e5bc2198f8e075', 'from': 'c4a0041f7f45e439c53a952b97125bc1', 'to': '6adf97f83acf6453d4a6a4b1070f3754'}, {'createdAt': {'$date': 1689753480000}, 'trackingCode': 'b2619f072fc6eb20dc19d528d98bd887', 'status': '137', 'description': 'Chegada do voo\t', 'trackerType': '3b24fa7e14555a1912e5bc2198f8e075', 'from': '562d8d0897940216b3de4dc91237e651', 'to': '6adf97f83acf6453d4a6a4b1070f3754'}, {'createdAt': {'$date': 1689828182000}, 'trackingCode': 'b2619f072fc6eb20dc19d528d98bd887', 'status': '142', 'description': 'Embarque no veículo para transferência ou em rota para entrega', 'trackerType': '3b24fa7e14555a1912e5bc2198f8e075', 'from': '562d8d0897940216b3de4dc91237e651', 'to': '6adf97f83acf6453d4a6a4b1070f3754'}, {'createdAt': {'$date': 1689828182000}, 'trackingCode': 'b2619f072fc6eb20dc19d528d98bd887', 'status': '133', 'description': 'Saida Do Veiculo', 'trackerType': '3b24fa7e14555a1912e5bc2198f8e075', 'from': '562d8d0897940216b3de4dc91237e651', 'to': '6adf97f83acf6453d4a6a4b1070f3754'}, {'createdAt': {'$date': 1689833100000}, 'trackingCode': 'b2619f072fc6eb20dc19d528d98bd887', 'status': '136', 'description': 'Chegou na Unidade Azul Cargo Express\t', 'trackerType': '3b24fa7e14555a1912e5bc2198f8e075', 'from': '3c9666f347f9ba1540e47b6fd1154508', 'to': '6adf97f83acf6453d4a6a4b1070f3754'}, {'createdAt': {'$date': 1690272549000}, 'trackingCode': 'b2619f072fc6eb20dc19d528d98bd887', 'status': '104', 'description': 'Deixou a unidade Azul Cargo Express\t', 'trackerType': '3b24fa7e14555a1912e5bc2198f8e075', 'from': '3c9666f347f9ba1540e47b6fd1154508', 'to': '6adf97f83acf6453d4a6a4b1070f3754'}, {'createdAt': {'$date': 1690273605000}, 'trackingCode': 'b2619f072fc6eb20dc19d528d98bd887', 'status': '104', 'description': 'Deixou a unidade Azul Cargo Express\t', 'trackerType': '3b24fa7e14555a1912e5bc2198f8e075', 'from': '3c9666f347f9ba1540e47b6fd1154508', 'to': '6adf97f83acf6453d4a6a4b1070f3754'}, {'createdAt': {'$date': 1690274892000}, 'trackingCode': 'b2619f072fc6eb20dc19d528d98bd887', 'status': '133', 'description': 'Saida Do Veiculo', 'trackerType': '3b24fa7e14555a1912e5bc2198f8e075', 'from': '3c9666f347f9ba1540e47b6fd1154508', 'to': '6adf97f83acf6453d4a6a4b1070f3754'}, {'createdAt': {'$date': 1690355006000}, 'trackingCode': 'b2619f072fc6eb20dc19d528d98bd887', 'status': '104', 'description': 'Deixou a unidade Azul Cargo Express\t', 'trackerType': '3b24fa7e14555a1912e5bc2198f8e075', 'from': '3c9666f347f9ba1540e47b6fd1154508', 'to': '6adf97f83acf6453d4a6a4b1070f3754'}, {'createdAt': {'$date': 1690355668000}, 'trackingCode': 'b2619f072fc6eb20dc19d528d98bd887', 'status': '133', 'description': 'Saida Do Veiculo', 'trackerType': '3b24fa7e14555a1912e5bc2198f8e075', 'from': '3c9666f347f9ba1540e47b6fd1154508', 'to': '6adf97f83acf6453d4a6a4b1070f3754'}, {'createdAt': {'$date': 1690356490000}, 'trackingCode': 'b2619f072fc6eb20dc19d528d98bd887', 'status': '104', 'description': 'Deixou a unidade Azul Cargo Express\t', 'trackerType': '3b24fa7e14555a1912e5bc2198f8e075', 'from': '3c9666f347f9ba1540e47b6fd1154508', 'to': '6adf97f83acf6453d4a6a4b1070f3754'}, {'createdAt': {'$date': 1690357106000}, 'trackingCode': 'b2619f072fc6eb20dc19d528d98bd887', 'status': '133', 'description': 'Saida Do Veiculo', 'trackerType': '3b24fa7e14555a1912e5bc2198f8e075', 'from': '3c9666f347f9ba1540e47b6fd1154508', 'to': '6adf97f83acf6453d4a6a4b1070f3754'}, {'createdAt': {'$date': 1690389567000}, 'trackingCode': 'b2619f072fc6eb20dc19d528d98bd887', 'status': '01', 'description': 'Remessa entregue', 'trackerType': '3b24fa7e14555a1912e5bc2198f8e075', 'from': '6adf97f83acf6453d4a6a4b1070f3754', 'to': '6adf97f83acf6453d4a6a4b1070f3754'}]"
U,6de64827e5c33ea04ec40d0c4d30dee3,1693323667,1693824981,1693824981,"[{'createdAt': {'$date': 1692976860000}, 'trackingCode': '864f8bba314df32bdd8546dca3eb0e09', 'status': '01', 'description': 'Objeto em trânsito - por favor aguarde', 'trackerType': '27bb7dfdbe0de2d482d1c37c3fe5bfe3', 'from': 'f0aa1982f61314b9aab258c2f110ebab', 'to': 'fab9ec2163f1d49c0421e3d6bb8e760b'}, {'createdAt': {'$date': 1692976620000}, 'trackingCode': '864f8bba314df32bdd8546dca3eb0e09', 'status': '18', 'description': 'Objeto recebido na unidade de exportação no país de origem', 'trackerType': '27bb7dfdbe0de2d482d1c37c3fe5bfe3', 'from': 'f0aa1982f61314b9aab258c2f110ebab', 'to': '6adf97f83acf6453d4a6a4b1070f3754'}, {'createdAt': {'$date': 1692976560000}, 'trackingCode': '864f8bba314df32bdd8546dca3eb0e09', 'status': '01', 'description': 'Objeto postado', 'trackerType': '27bb7dfdbe0de2d482d1c37c3fe5bfe3', 'from': 'f0aa1982f61314b9aab258c2f110ebab', 'to': '6adf97f83acf6453d4a6a4b1070f3754'}, {'createdAt': {'$date': 1693462969000}, 'trackingCode': '864f8bba314df32bdd8546dca3eb0e09', 'status': '16', 'description': 'Objeto recebido pelos Correios do Brasil', 'trackerType': '27bb7dfdbe0de2d482d1c37c3fe5bfe3', 'from': '8f858ee1067df0a89292373651e6c73e', 'to': '6adf97f83acf6453d4a6a4b1070f3754'}, {'createdAt': {'$date': 1693493659000}, 'trackingCode': '864f8bba314df32bdd8546dca3eb0e09', 'status': '01', 'description': 'Objeto em trânsito - por favor aguarde', 'trackerType': '27bb7dfdbe0de2d482d1c37c3fe5bfe3', 'from': '19f61c9bfe1f048ab353e403dfde3103', 'to': 'a455511c1b0d0594d7499ddee7b4fd7a'}, {'createdAt': {'$date': 1693491913000}, 'trackingCode': '864f8bba314df32bdd8546dca3eb0e09', 'status': '10', 'description': 'Fiscalização aduaneira finalizada', 'trackerType': '27bb7dfdbe0de2d482d1c37c3fe5bfe3', 'from': '8f858ee1067df0a89292373651e6c73e', 'to': '6adf97f83acf6453d4a6a4b1070f3754'}]"
U,9dbc5565362dec372753c63d5f8700be,1693241640,1693824981,1693824981,"[{'createdAt': {'$date': 1693233172000}, 'trackingCode': '748c14b85c1fa6aa23f10fe529438a35', 'status': '102', 'description': 'Informação do Envio enviado à Azul Cargo Express (CT-e emitido)\t', 'trackerType': '3b24fa7e14555a1912e5bc2198f8e075', 'from': '8bf0c443abde51ec29a29a207e4fe204', 'to': '6adf97f83acf6453d4a6a4b1070f3754'}, {'createdAt': {'$date': 1693253997000}, 'trackingCode': '748c14b85c1fa6aa23f10fe529438a35', 'status': '104', 'description': 'Deixou a unidade Azul Cargo Express\t', 'trackerType': '3b24fa7e14555a1912e5bc2198f8e075', 'from': '8bf0c443abde51ec29a29a207e4fe204', 'to': '6adf97f83acf6453d4a6a4b1070f3754'}, {'createdAt': {'$date': 1693254001000}, 'trackingCode': '748c14b85c1fa6aa23f10fe529438a35', 'status': '134', 'description': 'Saída do voo\t', 'trackerType': '3b24fa7e14555a1912e5bc2198f8e075', 'from': '8bf0c443abde51ec29a29a207e4fe204', 'to': '6adf97f83acf6453d4a6a4b1070f3754'}, {'createdAt': {'$date': 1693284834000}, 'trackingCode': '748c14b85c1fa6aa23f10fe529438a35', 'status': '137', 'description': 'Chegada do voo\t', 'trackerType': '3b24fa7e14555a1912e5bc2198f8e075', 'from': '89cb1e2fcbb5b49ca53cf4157f671587', 'to': '6adf97f83acf6453d4a6a4b1070f3754'}, {'createdAt': {'$date': 1693347785000}, 'trackingCode': '748c14b85c1fa6aa23f10fe529438a35', 'status': '104', 'description': 'Deixou a unidade Azul Cargo Express\t', 'trackerType': '3b24fa7e14555a1912e5bc2198f8e075', 'from': '89cb1e2fcbb5b49ca53cf4157f671587', 'to': '6adf97f83acf6453d4a6a4b1070f3754'}, {'createdAt': {'$date': 1693347793000}, 'trackingCode': '748c14b85c1fa6aa23f10fe529438a35', 'status': '134', 'description': 'Saída do voo\t', 'trackerType': '3b24fa7e14555a1912e5bc2198f8e075', 'from': '89cb1e2fcbb5b49ca53cf4157f671587', 'to': '6adf97f83acf6453d4a6a4b1070f3754'}, {'createdAt': {'$date': 1693363200000}, 'trackingCode': '748c14b85c1fa6aa23f10fe529438a35', 'status': '137', 'description': 'Chegada do voo\t', 'trackerType': '3b24fa7e14555a1912e5bc2198f8e075', 'from': '5632f013fb05e04460dc06e41c6a14b3', 'to': '6adf97f83acf6453d4a6a4b1070f3754'}, {'createdAt': {'$date': 1693446599000}, 'trackingCode': '748c14b85c1fa6aa23f10fe529438a35', 'status': '104', 'description': 'Deixou a unidade Azul Cargo Express\t', 'trackerType': '3b24fa7e14555a1912e5bc2198f8e075', 'from': '5632f013fb05e04460dc06e41c6a14b3', 'to': '6adf97f83acf6453d4a6a4b1070f3754'}, {'createdAt': {'$date': 1693446605000}, 'trackingCode': '748c14b85c1fa6aa23f10fe529438a35', 'status': '134', 'description': 'Saída do voo\t', 'trackerType': '3b24fa7e14555a1912e5bc2198f8e075', 'from': '5632f013fb05e04460dc06e41c6a14b3', 'to': '6adf97f83acf6453d4a6a4b1070f3754'}, {'createdAt': {'$date': 1693457040000}, 'trackingCode': '748c14b85c1fa6aa23f10fe529438a35', 'status': '137', 'description': 'Chegada do voo\t', 'trackerType': '3b24fa7e14555a1912e5bc2198f8e075', 'from': '5ee1ddd5acbffff9f3503495a128e19d', 'to': '6adf97f83acf6453d4a6a4b1070f3754'}]"
U,9a4629d68d35aa3a6757d8e50e43f048,1691086864,1693824981,1693824981,"[{'createdAt': {'$date': 1691070063000}, 'trackingCode': '523c2c264dbc8a693978c73a936f3e1c', 'status': None, 'description': 'EMISSAO', 'trackerType': '202591c2658eb8db7d1c57e1273cd270', 'from': '96423ec7b05bbe49e98a04cb5a6118ea', 'to': '6adf97f83acf6453d4a6a4b1070f3754'}, {'createdAt': {'$date': 1691084540000}, 'trackingCode': '523c2c264dbc8a693978c73a936f3e1c', 'status': None, 'description': 'TRANSFERENCIA', 'trackerType': '202591c2658eb8db7d1c57e1273cd270', 'from': '96423ec7b05bbe49e98a04cb5a6118ea', 'to': '6adf97f83acf6453d4a6a4b1070f3754'}, {'createdAt': {'$date': 1691135211000}, 'trackingCode': '523c2c264dbc8a693978c73a936f3e1c', 'status': None, 'description': 'ENTRADA', 'trackerType': '202591c2658eb8db7d1c57e1273cd270', 'from': 'fac929278c0e5ba967802153ba729336', 'to': '6adf97f83acf6453d4a6a4b1070f3754'}, {'createdAt': {'$date': 1691135603000}, 'trackingCode': '523c2c264dbc8a693978c73a936f3e1c', 'status': None, 'description': 'ENTRADA', 'trackerType': '202591c2658eb8db7d1c57e1273cd270', 'from': '1d1c443b2c522e1aa7f7a17813a9557e', 'to': '6adf97f83acf6453d4a6a4b1070f3754'}, {'createdAt': {'$date': 1691136076000}, 'trackingCode': '523c2c264dbc8a693978c73a936f3e1c', 'status': None, 'description': 'TRANSFERENCIA', 'trackerType': '202591c2658eb8db7d1c57e1273cd270', 'from': '1d1c443b2c522e1aa7f7a17813a9557e', 'to': '6adf97f83acf6453d4a6a4b1070f3754'}, {'createdAt': {'$date': 1691203239000}, 'trackingCode': '523c2c264dbc8a693978c73a936f3e1c', 'status': None, 'description': 'TRANSFERENCIA', 'trackerType': '202591c2658eb8db7d1c57e1273cd270', 'from': 'fac929278c0e5ba967802153ba729336', 'to': '6adf97f83acf6453d4a6a4b1070f3754'}, {'createdAt': {'$date': 1691374233000}, 'trackingCode': '523c2c264dbc8a693978c73a936f3e1c', 'status': None, 'description': 'TRANSFERIDO PARA UNIDADE', 'trackerType': '202591c2658eb8db7d1c57e1273cd270', 'from': 'bb06c77b0bda796758fb2d30ec897c06', 'to': '6adf97f83acf6453d4a6a4b1070f3754'}, {'createdAt': {'$date': 1691429949000}, 'trackingCode': '523c2c264dbc8a693978c73a936f3e1c', 'status': None, 'description': 'ENTRADA', 'trackerType': '202591c2658eb8db7d1c57e1273cd270', 'from': 'cb465941a10b85ec0a75e09ac3ebac3e', 'to': '6adf97f83acf6453d4a6a4b1070f3754'}, {'createdAt': {'$date': 1691435506000}, 'trackingCode': '523c2c264dbc8a693978c73a936f3e1c', 'status': None, 'description': 'TRANSFERENCIA', 'trackerType': '202591c2658eb8db7d1c57e1273cd270', 'from': 'cb465941a10b85ec0a75e09ac3ebac3e', 'to': '6adf97f83acf6453d4a6a4b1070f3754'}, {'createdAt': {'$date': 1691435627000}, 'trackingCode': '523c2c264dbc8a693978c73a936f3e1c', 'status': None, 'description': 'TRANSFERENCIA', 'trackerType': '202591c2658eb8db7d1c57e1273cd270', 'from': 'cb465941a10b85ec0a75e09ac3ebac3e', 'to': '6adf97f83acf6453d4a6a4b1070f3754'}, {'createdAt': {'$date': 1691437445000}, 'trackingCode': '523c2c264dbc8a693978c73a936f3e1c', 'status': None, 'description': 'TRANSFERENCIA', 'trackerType': '202591c2658eb8db7d1c57e1273cd270', 'from': 'cb465941a10b85ec0a75e09ac3ebac3e', 'to': '6adf97f83acf6453d4a6a4b1070f3754'}, {'createdAt': {'$date': 1691437631000}, 'trackingCode': '523c2c264dbc8a693978c73a936f3e1c', 'status': None, 'description': 'TRANSFERENCIA', 'trackerType': '202591c2658eb8db7d1c57e1273cd270', 'from': 'cb465941a10b85ec0a75e09ac3ebac3e', 'to': '6adf97f83acf6453d4a6a4b1070f3754'}, {'createdAt': {'$date': 1691524096000}, 'trackingCode': '523c2c264dbc8a693978c73a936f3e1c', 'status': None, 'description': 'TRANSFERENCIA', 'trackerType': '202591c2658eb8db7d1c57e1273cd270', 'from': 'cb465941a10b85ec0a75e09ac3ebac3e', 'to': '6adf97f83acf6453d4a6a4b1070f3754'}, {'createdAt': {'$date': 1691524387000}, 'trackingCode': '523c2c264dbc8a693978c73a936f3e1c', 'status': None, 'description': 'TRANSFERENCIA', 'trackerType': '202591c2658eb8db7d1c57e1273cd270', 'from': 'cb465941a10b85ec0a75e09ac3ebac3e', 'to': '6adf97f83acf6453d4a6a4b1070f3754'}, {'createdAt': {'$date': 1691591130000}, 'trackingCode': '523c2c264dbc8a693978c73a936f3e1c', 'status': None, 'description': 'TRANSFERIDO PARA UNIDADE', 'trackerType': '202591c2658eb8db7d1c57e1273cd270', 'from': '6ff177ecc34c83255e619f4d4c1bc046', 'to': '6adf97f83acf6453d4a6a4b1070f3754'}, {'createdAt': {'$date': 1691600982000}, 'trackingCode': '523c2c264dbc8a693978c73a936f3e1c', 'status': None, 'description': 'ENTRADA', 'trackerType': '202591c2658eb8db7d1c57e1273cd270', 'from': 'd7a102afe0380d3c7b33d3a6d37875e5', 'to': '6adf97f83acf6453d4a6a4b1070f3754'}, {'createdAt': {'$date': 1691601173000}, 'trackingCode': '523c2c264dbc8a693978c73a936f3e1c', 'status': None, 'description': 'EM ROTA', 'trackerType': '202591c2658eb8db7d1c57e1273cd270', 'from': 'd7a102afe0380d3c7b33d3a6d37875e5', 'to': '6adf97f83acf6453d4a6a4b1070f3754'}, {'createdAt': {'$date': 1691696088000}, 'trackingCode': '523c2c264dbc8a693978c73a936f3e1c', 'status': None, 'description': 'ENTREGUE', 'trackerType': '202591c2658eb8db7d1c57e1273cd270', 'from': 'd7a102afe0380d3c7b33d3a6d37875e5', 'to': '6adf97f83acf6453d4a6a4b1070f3754'}]"
U,da2f511229b07713c7ee402c66f6e363,1689594773,1693824981,1693824981,"[{'createdAt': {'$date': 1689246659000}, 'trackingCode': '09787ac80092f6876e4e41113a024e4f', 'status': '55', 'description': 'Cliente mudou de endereço', 'trackerType': '560eb3b8655c97fabfc9af244772eeed', 'from': '23f9a10d30b3af5a77131dcdc4f38c7d', 'to': '6adf97f83acf6453d4a6a4b1070f3754'}, {'createdAt': {'$date': 1689246599000}, 'trackingCode': '09787ac80092f6876e4e41113a024e4f', 'status': '5', 'description': 'A caminho do destinatário', 'trackerType': '560eb3b8655c97fabfc9af244772eeed', 'from': '23f9a10d30b3af5a77131dcdc4f38c7d', 'to': '6adf97f83acf6453d4a6a4b1070f3754'}, {'createdAt': {'$date': 1689244574000}, 'trackingCode': '09787ac80092f6876e4e41113a024e4f', 'status': '4', 'description': 'Em Rota', 'trackerType': '560eb3b8655c97fabfc9af244772eeed', 'from': '23f9a10d30b3af5a77131dcdc4f38c7d', 'to': '6adf97f83acf6453d4a6a4b1070f3754'}, {'createdAt': {'$date': 1689238839000}, 'trackingCode': '09787ac80092f6876e4e41113a024e4f', 'status': '3', 'description': 'Geração de lista', 'trackerType': '560eb3b8655c97fabfc9af244772eeed', 'from': '23f9a10d30b3af5a77131dcdc4f38c7d', 'to': '6adf97f83acf6453d4a6a4b1070f3754'}, {'createdAt': {'$date': 1689195449000}, 'trackingCode': '09787ac80092f6876e4e41113a024e4f', 'status': '15', 'description': 'Transferido', 'trackerType': '560eb3b8655c97fabfc9af244772eeed', 'from': '23f9a10d30b3af5a77131dcdc4f38c7d', 'to': '6adf97f83acf6453d4a6a4b1070f3754'}, {'createdAt': {'$date': 1689096184000}, 'trackingCode': '09787ac80092f6876e4e41113a024e4f', 'status': '14', 'description': 'Em Transferência', 'trackerType': '560eb3b8655c97fabfc9af244772eeed', 'from': 'fa07bfea4549b34ab269071f85c9e78a', 'to': '6adf97f83acf6453d4a6a4b1070f3754'}, {'createdAt': {'$date': 1689091274000}, 'trackingCode': '09787ac80092f6876e4e41113a024e4f', 'status': '34', 'description': 'CT-e autorizado', 'trackerType': '560eb3b8655c97fabfc9af244772eeed', 'from': 'fa07bfea4549b34ab269071f85c9e78a', 'to': '6adf97f83acf6453d4a6a4b1070f3754'}, {'createdAt': {'$date': 1689091163000}, 'trackingCode': '09787ac80092f6876e4e41113a024e4f', 'status': '2', 'description': 'Recebido pela transportadora', 'trackerType': '560eb3b8655c97fabfc9af244772eeed', 'from': 'fa07bfea4549b34ab269071f85c9e78a', 'to': '6adf97f83acf6453d4a6a4b1070f3754'}, {'createdAt': {'$date': 1689090493000}, 'trackingCode': '09787ac80092f6876e4e41113a024e4f', 'status': '1', 'description': 'Arquivo Recebido', 'trackerType': '560eb3b8655c97fabfc9af244772eeed', 'from': '23f9a10d30b3af5a77131dcdc4f38c7d', 'to': '6adf97f83acf6453d4a6a4b1070f3754'}, {'createdAt': {'$date': 1690278322000}, 'trackingCode': '09787ac80092f6876e4e41113a024e4f', 'status': '3', 'description': 'Geração de lista', 'trackerType': '560eb3b8655c97fabfc9af244772eeed', 'from': '23f9a10d30b3af5a77131dcdc4f38c7d', 'to': '6adf97f83acf6453d4a6a4b1070f3754'}, {'createdAt': {'$date': 1690285071000}, 'trackingCode': '09787ac80092f6876e4e41113a024e4f', 'status': '4', 'description': 'Em Rota', 'trackerType': '560eb3b8655c97fabfc9af244772eeed', 'from': '23f9a10d30b3af5a77131dcdc4f38c7d', 'to': '6adf97f83acf6453d4a6a4b1070f3754'}, {'createdAt': {'$date': 1690286617000}, 'trackingCode': '09787ac80092f6876e4e41113a024e4f', 'status': '6', 'description': 'Entregue', 'trackerType': '560eb3b8655c97fabfc9af244772eeed', 'from': '23f9a10d30b3af5a77131dcdc4f38c7d', 'to': '6adf97f83acf6453d4a6a4b1070f3754'}, {'createdAt': {'$date': 1690286557000}, 'trackingCode': '09787ac80092f6876e4e41113a024e4f', 'status': '5', 'description': 'A caminho do destinatário', 'trackerType': '560eb3b8655c97fabfc9af244772eeed', 'from': '23f9a10d30b3af5a77131dcdc4f38c7d', 'to': '6adf97f83acf6453d4a6a4b1070f3754'}]"
U,4a059bd57baba0187be57df21f11f8c1,1691923097,1693824981,1693824981,"[{'createdAt': {'$date': 1691227303000}, 'trackingCode': '92fa8c229781ad0d3e71ffa6b1692a0c', 'status': '01', 'description': 'Objeto em trânsito - por favor aguarde', 'trackerType': '27bb7dfdbe0de2d482d1c37c3fe5bfe3', 'from': '44d02c36e6691bb8faacd16784348114', 'to': '09d12b538e03f42368a7efa877aafd12'}, {'createdAt': {'$date': 1691227302000}, 'trackingCode': '92fa8c229781ad0d3e71ffa6b1692a0c', 'status': '10', 'description': 'Fiscalização aduaneira finalizada', 'trackerType': '27bb7dfdbe0de2d482d1c37c3fe5bfe3', 'from': '44d02c36e6691bb8faacd16784348114', 'to': '6adf97f83acf6453d4a6a4b1070f3754'}, {'createdAt': {'$date': 1691222855000}, 'trackingCode': '92fa8c229781ad0d3e71ffa6b1692a0c', 'status': '16', 'description': 'Objeto recebido pelos Correios do Brasil', 'trackerType': '27bb7dfdbe0de2d482d1c37c3fe5bfe3', 'from': '44d02c36e6691bb8faacd16784348114', 'to': '6adf97f83acf6453d4a6a4b1070f3754'}, {'createdAt': {'$date': 1690782005000}, 'trackingCode': '92fa8c229781ad0d3e71ffa6b1692a0c', 'status': '01', 'description': 'Objeto postado', 'trackerType': '27bb7dfdbe0de2d482d1c37c3fe5bfe3', 'from': 'f0aa1982f61314b9aab258c2f110ebab', 'to': '6adf97f83acf6453d4a6a4b1070f3754'}, {'createdAt': {'$date': 1692276892000}, 'trackingCode': '92fa8c229781ad0d3e71ffa6b1692a0c', 'status': '01', 'description': 'Objeto em trânsito - por favor aguarde', 'trackerType': '27bb7dfdbe0de2d482d1c37c3fe5bfe3', 'from': 'c2fab76fc69da04c9a5ba68ce7969b21', 'to': 'dfdbb0bc39be9f7616a79b8370c14c88'}, {'createdAt': {'$date': 1692870737000}, 'trackingCode': '92fa8c229781ad0d3e71ffa6b1692a0c', 'status': '01', 'description': 'Objeto saiu para entrega ao destinatário', 'trackerType': '27bb7dfdbe0de2d482d1c37c3fe5bfe3', 'from': 'dfdbb0bc39be9f7616a79b8370c14c88', 'to': '6adf97f83acf6453d4a6a4b1070f3754'}, {'createdAt': {'$date': 1692886289000}, 'trackingCode': '92fa8c229781ad0d3e71ffa6b1692a0c', 'status': '01', 'description': 'Objeto entregue ao destinatário', 'trackerType': '27bb7dfdbe0de2d482d1c37c3fe5bfe3', 'from': 'dfdbb0bc39be9f7616a79b8370c14c88', 'to': '6adf97f83acf6453d4a6a4b1070f3754'}]"
U,f3ce834ce98ad91a2aaafc5d00f4d0cd,1693300707,1693824981,1693824981,"[{'createdAt': {'$date': 1692799700000}, 'trackingCode': '3bf8de51b1b1ddbebddef09e53cd3bf1', 'status': '01', 'description': 'Objeto em trânsito - por favor aguarde', 'trackerType': '27bb7dfdbe0de2d482d1c37c3fe5bfe3', 'from': 'd7fd547a14bcde970e5c0edf83bca3d6', 'to': 'd29b01170389a24f6563d4157d8a11ba'}, {'createdAt': {'$date': 1692776079000}, 'trackingCode': '3bf8de51b1b1ddbebddef09e53cd3bf1', 'status': '01', 'description': 'Objeto em trânsito - por favor aguarde', 'trackerType': '27bb7dfdbe0de2d482d1c37c3fe5bfe3', 'from': 'a73a615419145fd5f1a0f8689a38600d', 'to': 'e0e884b320d7340e331862ed6772b798'}, {'createdAt': {'$date': 1692726355000}, 'trackingCode': '3bf8de51b1b1ddbebddef09e53cd3bf1', 'status': '01', 'description': 'Objeto postado', 'trackerType': '27bb7dfdbe0de2d482d1c37c3fe5bfe3', 'from': 'a73a615419145fd5f1a0f8689a38600d', 'to': '6adf97f83acf6453d4a6a4b1070f3754'}]"
U,552ee619da1012a3c7d8a84765ee0594,1691503580,1693824982,1693824982,"[{'createdAt': {'$date': 1691492985000}, 'trackingCode': '479d18174b64e1fc366643a195d103ac', 'status': '102', 'description': 'Informação do Envio enviado à Azul Cargo Express (CT-e emitido)\t', 'trackerType': '3b24fa7e14555a1912e5bc2198f8e075', 'from': 'ea23ac95681a36306dfd1349447c9a55', 'to': '6adf97f83acf6453d4a6a4b1070f3754'}, {'createdAt': {'$date': 1691496865000}, 'trackingCode': '479d18174b64e1fc366643a195d103ac', 'status': '142', 'description': 'Embarque no veículo para transferência ou em rota para entrega', 'trackerType': '3b24fa7e14555a1912e5bc2198f8e075', 'from': 'ea23ac95681a36306dfd1349447c9a55', 'to': '6adf97f83acf6453d4a6a4b1070f3754'}, {'createdAt': {'$date': 1691496872000}, 'trackingCode': '479d18174b64e1fc366643a195d103ac', 'status': '133', 'description': 'Saida Do Veiculo', 'trackerType': '3b24fa7e14555a1912e5bc2198f8e075', 'from': 'ea23ac95681a36306dfd1349447c9a55', 'to': '6adf97f83acf6453d4a6a4b1070f3754'}, {'createdAt': {'$date': 1691574720000}, 'trackingCode': '479d18174b64e1fc366643a195d103ac', 'status': '136', 'description': 'Chegou na Unidade Azul Cargo Express\t', 'trackerType': '3b24fa7e14555a1912e5bc2198f8e075', 'from': '8578e7a4f7b9576c788a8a6706e207d9', 'to': '6adf97f83acf6453d4a6a4b1070f3754'}, {'createdAt': {'$date': 1691619997000}, 'trackingCode': '479d18174b64e1fc366643a195d103ac', 'status': '104', 'description': 'Deixou a unidade Azul Cargo Express\t', 'trackerType': '3b24fa7e14555a1912e5bc2198f8e075', 'from': '8578e7a4f7b9576c788a8a6706e207d9', 'to': '6adf97f83acf6453d4a6a4b1070f3754'}, {'createdAt': {'$date': 1691619999000}, 'trackingCode': '479d18174b64e1fc366643a195d103ac', 'status': '134', 'description': 'Saída do voo\t', 'trackerType': '3b24fa7e14555a1912e5bc2198f8e075', 'from': '8578e7a4f7b9576c788a8a6706e207d9', 'to': '6adf97f83acf6453d4a6a4b1070f3754'}, {'createdAt': {'$date': 1691701140000}, 'trackingCode': '479d18174b64e1fc366643a195d103ac', 'status': '137', 'description': 'Chegada do voo\t', 'trackerType': '3b24fa7e14555a1912e5bc2198f8e075', 'from': '573117b689761102d4b2e82849b74e0b', 'to': '6adf97f83acf6453d4a6a4b1070f3754'}, {'createdAt': {'$date': 1691731661000}, 'trackingCode': '479d18174b64e1fc366643a195d103ac', 'status': '142', 'description': 'Embarque no veículo para transferência ou em rota para entrega', 'trackerType': '3b24fa7e14555a1912e5bc2198f8e075', 'from': '573117b689761102d4b2e82849b74e0b', 'to': '6adf97f83acf6453d4a6a4b1070f3754'}, {'createdAt': {'$date': 1691731746000}, 'trackingCode': '479d18174b64e1fc366643a195d103ac', 'status': '133', 'description': 'Saida Do Veiculo', 'trackerType': '3b24fa7e14555a1912e5bc2198f8e075', 'from': '573117b689761102d4b2e82849b74e0b', 'to': '6adf97f83acf6453d4a6a4b1070f3754'}, {'createdAt': {'$date': 1691735100000}, 'trackingCode': '479d18174b64e1fc366643a195d103ac', 'status': '136', 'description': 'Chegou na Unidade Azul Cargo Express\t', 'trackerType': '3b24fa7e14555a1912e5bc2198f8e075', 'from': '8072e62cfb47322350c52c28ec0442bf', 'to': '6adf97f83acf6453d4a6a4b1070f3754'}, {'createdAt': {'$date': 1692006674000}, 'trackingCode': '479d18174b64e1fc366643a195d103ac', 'status': '104', 'description': 'Deixou a unidade Azul Cargo Express\t', 'trackerType': '3b24fa7e14555a1912e5bc2198f8e075', 'from': '8072e62cfb47322350c52c28ec0442bf', 'to': '6adf97f83acf6453d4a6a4b1070f3754'}, {'createdAt': {'$date': 1692007787000}, 'trackingCode': '479d18174b64e1fc366643a195d103ac', 'status': '133', 'description': 'Saida Do Veiculo', 'trackerType': '3b24fa7e14555a1912e5bc2198f8e075', 'from': '8072e62cfb47322350c52c28ec0442bf', 'to': '6adf97f83acf6453d4a6a4b1070f3754'}, {'createdAt': {'$date': 1692017314000}, 'trackingCode': '479d18174b64e1fc366643a195d103ac', 'status': '01', 'description': 'Remessa entregue', 'trackerType': '3b24fa7e14555a1912e5bc2198f8e075', 'from': '6adf97f83acf6453d4a6a4b1070f3754', 'to': '6adf97f83acf6453d4a6a4b1070f3754'}]"
U,62ad13befbef5cc01c5fa83176d328ea,1693499335,1693824982,1693824982,"[{'createdAt': {'$date': 1693508548000}, 'trackingCode': 'e61ee093b1d7c774cf003463f67ccf65', 'status': '13', 'description': 'O pacote foi confirmado em uma base da Loggi e vai ser preparado para transferência.', 'trackerType': 'a302942c7f755f858bd9a6c0c6be98fb', 'from': '769bec8f32db78e3e5310a3c47193ce4', 'to': '6adf97f83acf6453d4a6a4b1070f3754'}, {'createdAt': {'$date': 1693490524000}, 'trackingCode': 'e61ee093b1d7c774cf003463f67ccf65', 'status': '1', 'description': 'A etiqueta de envio já foi criada e o pacote está pronto para a coleta.', 'trackerType': 'a302942c7f755f858bd9a6c0c6be98fb', 'from': '769bec8f32db78e3e5310a3c47193ce4', 'to': '6adf97f83acf6453d4a6a4b1070f3754'}, {'createdAt': {'$date': 1693553844000}, 'trackingCode': 'e61ee093b1d7c774cf003463f67ccf65', 'status': '16', 'description': 'O pacote está em transferência de uma base para outra.', 'trackerType': 'a302942c7f755f858bd9a6c0c6be98fb', 'from': '6adf97f83acf6453d4a6a4b1070f3754', 'to': '6adf97f83acf6453d4a6a4b1070f3754'}, {'createdAt': {'$date': 1693553841000}, 'trackingCode': 'e61ee093b1d7c774cf003463f67ccf65', 'status': '3', 'description': 'O pacote está em uma base e, em breve, vai estar em transferência.', 'trackerType': 'a302942c7f755f858bd9a6c0c6be98fb', 'from': '6adf97f83acf6453d4a6a4b1070f3754', 'to': '6adf97f83acf6453d4a6a4b1070f3754'}, {'createdAt': {'$date': 1693591242000}, 'trackingCode': 'e61ee093b1d7c774cf003463f67ccf65', 'status': '15', 'description': 'O pacote já teve suas dimensões conferidas.', 'trackerType': 'a302942c7f755f858bd9a6c0c6be98fb', 'from': '6adf97f83acf6453d4a6a4b1070f3754', 'to': '6adf97f83acf6453d4a6a4b1070f3754'}, {'createdAt': {'$date': 1693553840000}, 'trackingCode': 'e61ee093b1d7c774cf003463f67ccf65', 'status': '3', 'description': 'O pacote está em uma base e, em breve, vai estar em transferência.', 'trackerType': 'a302942c7f755f858bd9a6c0c6be98fb', 'from': '4798ea2b0ab3b3c8e9edf3e4e2d9cc21', 'to': '6adf97f83acf6453d4a6a4b1070f3754'}, {'createdAt': {'$date': 1693676626000}, 'trackingCode': 'e61ee093b1d7c774cf003463f67ccf65', 'status': '15', 'description': 'O pacote já teve suas dimensões conferidas.', 'trackerType': 'a302942c7f755f858bd9a6c0c6be98fb', 'from': '78a32fcc48731cfdbb11966d312f5f4f', 'to': '6adf97f83acf6453d4a6a4b1070f3754'}, {'createdAt': {'$date': 1693798594000}, 'trackingCode': 'e61ee093b1d7c774cf003463f67ccf65', 'status': '16', 'description': 'O pacote está em transferência de uma base para outra.', 'trackerType': 'a302942c7f755f858bd9a6c0c6be98fb', 'from': '6adf97f83acf6453d4a6a4b1070f3754', 'to': '6adf97f83acf6453d4a6a4b1070f3754'}, {'createdAt': {'$date': 1693798195000}, 'trackingCode': 'e61ee093b1d7c774cf003463f67ccf65', 'status': '3', 'description': 'O pacote está em uma base e, em breve, vai estar em transferência.', 'trackerType': 'a302942c7f755f858bd9a6c0c6be98fb', 'from': '6adf97f83acf6453d4a6a4b1070f3754', 'to': '6adf97f83acf6453d4a6a4b1070f3754'}, {'createdAt': {'$date': 1693818871000}, 'trackingCode': 'e61ee093b1d7c774cf003463f67ccf65', 'status': '17', 'description': 'Tudo certo, o pacote está em uma base da Loggi.', 'trackerType': 'a302942c7f755f858bd9a6c0c6be98fb', 'from': '6adf97f83acf6453d4a6a4b1070f3754', 'to': '6adf97f83acf6453d4a6a4b1070f3754'}]"
U,ced2b6153008dd1e3c9e757a33769a13,1691100093,1693824982,1693824982,"[{'createdAt': {'$date': 1690988630000}, 'trackingCode': '21d00ff2735f0a30f7e000c85dc8de4b', 'status': '01', 'description': 'Objeto em trânsito - por favor aguarde', 'trackerType': '27bb7dfdbe0de2d482d1c37c3fe5bfe3', 'from': 'e0e884b320d7340e331862ed6772b798', 'to': '498802ed11357022a9f4b5c225d70e08'}, {'createdAt': {'$date': 1690883202000}, 'trackingCode': '21d00ff2735f0a30f7e000c85dc8de4b', 'status': '01', 'description': 'Objeto em trânsito - por favor aguarde', 'trackerType': '27bb7dfdbe0de2d482d1c37c3fe5bfe3', 'from': '00b787bd650b24b5ab13728680092746', 'to': 'e0e884b320d7340e331862ed6772b798'}, {'createdAt': {'$date': 1690828504000}, 'trackingCode': '21d00ff2735f0a30f7e000c85dc8de4b', 'status': '09', 'description': 'Objeto postado após o horário limite da unidade', 'trackerType': '27bb7dfdbe0de2d482d1c37c3fe5bfe3', 'from': '00b787bd650b24b5ab13728680092746', 'to': '6adf97f83acf6453d4a6a4b1070f3754'}, {'createdAt': {'$date': 1691238836000}, 'trackingCode': '21d00ff2735f0a30f7e000c85dc8de4b', 'status': '01', 'description': 'Objeto em trânsito - por favor aguarde', 'trackerType': '27bb7dfdbe0de2d482d1c37c3fe5bfe3', 'from': '498802ed11357022a9f4b5c225d70e08', 'to': '77444a23f66ec8f843616ac964ca974a'}, {'createdAt': {'$date': 1691405298000}, 'trackingCode': '21d00ff2735f0a30f7e000c85dc8de4b', 'status': '63', 'description': 'Direcionado para entrega interna a pedido do cliente', 'trackerType': '27bb7dfdbe0de2d482d1c37c3fe5bfe3', 'from': '77444a23f66ec8f843616ac964ca974a', 'to': '6adf97f83acf6453d4a6a4b1070f3754'}, {'createdAt': {'$date': 1691423371000}, 'trackingCode': '21d00ff2735f0a30f7e000c85dc8de4b', 'status': '01', 'description': 'Objeto entregue ao destinatário', 'trackerType': '27bb7dfdbe0de2d482d1c37c3fe5bfe3', 'from': '77444a23f66ec8f843616ac964ca974a', 'to': '6adf97f83acf6453d4a6a4b1070f3754'}, {'createdAt': {'$date': 1691423225000}, 'trackingCode': '21d00ff2735f0a30f7e000c85dc8de4b', 'status': '01', 'description': 'Objeto aguardando retirada no endereço indicado', 'trackerType': '27bb7dfdbe0de2d482d1c37c3fe5bfe3', 'from': '77444a23f66ec8f843616ac964ca974a', 'to': '6adf97f83acf6453d4a6a4b1070f3754'}]"
U,86df063248bf83d8973ea97494f6594a,1690261386,1693824982,1693824982,"[{'createdAt': {'$date': 1690238238000}, 'trackingCode': '602daf371acf87564afc70227956fb10', 'status': None, 'description': 'EMISSAO', 'trackerType': '202591c2658eb8db7d1c57e1273cd270', 'from': 'c33e4ea1cfb7c47dd8b66d160e2eaeeb', 'to': '6adf97f83acf6453d4a6a4b1070f3754'}, {'createdAt': {'$date': 1690255811000}, 'trackingCode': '602daf371acf87564afc70227956fb10', 'status': None, 'description': 'TRANSFERENCIA', 'trackerType': '202591c2658eb8db7d1c57e1273cd270', 'from': 'c33e4ea1cfb7c47dd8b66d160e2eaeeb', 'to': '6adf97f83acf6453d4a6a4b1070f3754'}, {'createdAt': {'$date': 1690292815000}, 'trackingCode': '602daf371acf87564afc70227956fb10', 'status': None, 'description': 'ENTRADA', 'trackerType': '202591c2658eb8db7d1c57e1273cd270', 'from': '089607e1466a53ee58164c9974d00976', 'to': '6adf97f83acf6453d4a6a4b1070f3754'}, {'createdAt': {'$date': 1690294105000}, 'trackingCode': '602daf371acf87564afc70227956fb10', 'status': None, 'description': 'TRANSFERENCIA', 'trackerType': '202591c2658eb8db7d1c57e1273cd270', 'from': '089607e1466a53ee58164c9974d00976', 'to': '6adf97f83acf6453d4a6a4b1070f3754'}, {'createdAt': {'$date': 1690334912000}, 'trackingCode': '602daf371acf87564afc70227956fb10', 'status': None, 'description': 'TRANSFERENCIA', 'trackerType': '202591c2658eb8db7d1c57e1273cd270', 'from': 'fac929278c0e5ba967802153ba729336', 'to': '6adf97f83acf6453d4a6a4b1070f3754'}, {'createdAt': {'$date': 1690424739000}, 'trackingCode': '602daf371acf87564afc70227956fb10', 'status': None, 'description': 'ENTRADA', 'trackerType': '202591c2658eb8db7d1c57e1273cd270', 'from': '971e249ca4af90aa0b044735d8fdd59e', 'to': '6adf97f83acf6453d4a6a4b1070f3754'}, {'createdAt': {'$date': 1690427745000}, 'trackingCode': '602daf371acf87564afc70227956fb10', 'status': None, 'description': 'TRANSFERENCIA', 'trackerType': '202591c2658eb8db7d1c57e1273cd270', 'from': '971e249ca4af90aa0b044735d8fdd59e', 'to': '6adf97f83acf6453d4a6a4b1070f3754'}, {'createdAt': {'$date': 1690474553000}, 'trackingCode': '602daf371acf87564afc70227956fb10', 'status': None, 'description': 'ENTRADA', 'trackerType': '202591c2658eb8db7d1c57e1273cd270', 'from': '8f3a629af248967ca255c670533ce6f7', 'to': '6adf97f83acf6453d4a6a4b1070f3754'}, {'createdAt': {'$date': 1690479266000}, 'trackingCode': '602daf371acf87564afc70227956fb10', 'status': None, 'description': 'EM ROTA', 'trackerType': '202591c2658eb8db7d1c57e1273cd270', 'from': '8f3a629af248967ca255c670533ce6f7', 'to': '6adf97f83acf6453d4a6a4b1070f3754'}, {'createdAt': {'$date': 1690559379000}, 'trackingCode': '602daf371acf87564afc70227956fb10', 'status': None, 'description': 'ENTREGUE', 'trackerType': '202591c2658eb8db7d1c57e1273cd270', 'from': '8f3a629af248967ca255c670533ce6f7', 'to': '6adf97f83acf6453d4a6a4b1070f3754'}]"
U,838f79b1c38272a9fe2f3ea1b2e1b60d,1693430268,1693824982,1693824982,"[{'createdAt': {'$date': 1693416780000}, 'trackingCode': '21def2679f800cf942943b0d5ce4e2e8', 'status': '11', 'description': None, 'trackerType': '2e7165ceb19f183e695ce49285a4c228', 'from': '88addb3bd301a04f8469d36190d9d641', 'to': 'e0ce58c026a0c0cfbddbf5b65f40cef3'}, {'createdAt': {'$date': 1693416780000}, 'trackingCode': '21def2679f800cf942943b0d5ce4e2e8', 'status': '2', 'description': None, 'trackerType': '2e7165ceb19f183e695ce49285a4c228', 'from': '88addb3bd301a04f8469d36190d9d641', 'to': '6adf97f83acf6453d4a6a4b1070f3754'}, {'createdAt': {'$date': 1693416780000}, 'trackingCode': '21def2679f800cf942943b0d5ce4e2e8', 'status': '1', 'description': None, 'trackerType': '2e7165ceb19f183e695ce49285a4c228', 'from': '88addb3bd301a04f8469d36190d9d641', 'to': 'd4498e452a9ae23e25cbf77bbf826be2'}, {'createdAt': {'$date': 1693418580000}, 'trackingCode': '21def2679f800cf942943b0d5ce4e2e8', 'status': '3', 'description': None, 'trackerType': '2e7165ceb19f183e695ce49285a4c228', 'from': '88addb3bd301a04f8469d36190d9d641', 'to': 'd4498e452a9ae23e25cbf77bbf826be2'}, {'createdAt': {'$date': 1693422000000}, 'trackingCode': '21def2679f800cf942943b0d5ce4e2e8', 'status': '3', 'description': None, 'trackerType': '2e7165ceb19f183e695ce49285a4c228', 'from': '88addb3bd301a04f8469d36190d9d641', 'to': 'd4498e452a9ae23e25cbf77bbf826be2'}, {'createdAt': {'$date': 1693425600000}, 'trackingCode': '21def2679f800cf942943b0d5ce4e2e8', 'status': '7', 'description': None, 'trackerType': '2e7165ceb19f183e695ce49285a4c228', 'from': '40a8712b29ac76182ed0c4f632b7d543', 'to': 'd4498e452a9ae23e25cbf77bbf826be2'}, {'createdAt': {'$date': 1693426200000}, 'trackingCode': '21def2679f800cf942943b0d5ce4e2e8', 'status': '6', 'description': None, 'trackerType': '2e7165ceb19f183e695ce49285a4c228', 'from': '40a8712b29ac76182ed0c4f632b7d543', 'to': 'd4498e452a9ae23e25cbf77bbf826be2'}, {'createdAt': {'$date': 1693524420000}, 'trackingCode': '21def2679f800cf942943b0d5ce4e2e8', 'status': '1', 'description': None, 'trackerType': '2e7165ceb19f183e695ce49285a4c228', 'from': 'd4498e452a9ae23e25cbf77bbf826be2', 'to': 'e0ce58c026a0c0cfbddbf5b65f40cef3'}, {'createdAt': {'$date': 1693524480000}, 'trackingCode': '21def2679f800cf942943b0d5ce4e2e8', 'status': '1', 'description': None, 'trackerType': '2e7165ceb19f183e695ce49285a4c228', 'from': 'd4498e452a9ae23e25cbf77bbf826be2', 'to': 'e0ce58c026a0c0cfbddbf5b65f40cef3'}, {'createdAt': {'$date': 1693469700000}, 'trackingCode': '21def2679f800cf942943b0d5ce4e2e8', 'status': '3', 'description': None, 'trackerType': '2e7165ceb19f183e695ce49285a4c228', 'from': 'd4498e452a9ae23e25cbf77bbf826be2', 'to': 'e0ce58c026a0c0cfbddbf5b65f40cef3'}, {'createdAt': {'$date': 1693463400000}, 'trackingCode': '21def2679f800cf942943b0d5ce4e2e8', 'status': '3', 'description': None, 'trackerType': '2e7165ceb19f183e695ce49285a4c228', 'from': 'd4498e452a9ae23e25cbf77bbf826be2', 'to': 'e0ce58c026a0c0cfbddbf5b65f40cef3'}, {'createdAt': {'$date': 1693469580000}, 'trackingCode': '21def2679f800cf942943b0d5ce4e2e8', 'status': '3', 'description': None, 'trackerType': '2e7165ceb19f183e695ce49285a4c228', 'from': 'd4498e452a9ae23e25cbf77bbf826be2', 'to': 'e0ce58c026a0c0cfbddbf5b65f40cef3'}, {'createdAt': {'$date': 1693480860000}, 'trackingCode': '21def2679f800cf942943b0d5ce4e2e8', 'status': '7', 'description': None, 'trackerType': '2e7165ceb19f183e695ce49285a4c228', 'from': '40a8712b29ac76182ed0c4f632b7d543', 'to': 'e0ce58c026a0c0cfbddbf5b65f40cef3'}, {'createdAt': {'$date': 1693490100000}, 'trackingCode': '21def2679f800cf942943b0d5ce4e2e8', 'status': '6', 'description': None, 'trackerType': '2e7165ceb19f183e695ce49285a4c228', 'from': '40a8712b29ac76182ed0c4f632b7d543', 'to': 'e0ce58c026a0c0cfbddbf5b65f40cef3'}, {'createdAt': {'$date': 1693505640000}, 'trackingCode': '21def2679f800cf942943b0d5ce4e2e8', 'status': '12', 'description': 'Liberado pela Fiscalização (Lote Completo)', 'trackerType': '2e7165ceb19f183e695ce49285a4c228', 'from': 'e0ce58c026a0c0cfbddbf5b65f40cef3', 'to': 'e0ce58c026a0c0cfbddbf5b65f40cef3'}, {'createdAt': {'$date': 1693567260000}, 'trackingCode': '21def2679f800cf942943b0d5ce4e2e8', 'status': '9', 'description': None, 'trackerType': '2e7165ceb19f183e695ce49285a4c228', 'from': 'e0ce58c026a0c0cfbddbf5b65f40cef3', 'to': '6adf97f83acf6453d4a6a4b1070f3754'}, {'createdAt': {'$date': 1693567260000}, 'trackingCode': '21def2679f800cf942943b0d5ce4e2e8', 'status': '9', 'description': None, 'trackerType': '2e7165ceb19f183e695ce49285a4c228', 'from': 'e0ce58c026a0c0cfbddbf5b65f40cef3', 'to': '6adf97f83acf6453d4a6a4b1070f3754'}]"
I,3e3e49440abb0950cd72fb5a12f8ec08,1693824982,1693824982,1693824982,"[{'createdAt': {'$date': 1692789751000}, 'trackingCode': 'ae67e85ce026171c74622f3f4ffe65ae', 'status': '01', 'description': 'Objeto entregue ao destinatário', 'trackerType': '27bb7dfdbe0de2d482d1c37c3fe5bfe3', 'from': '049d52c916e51995bb17345f1c0ca3ac', 'to': '6adf97f83acf6453d4a6a4b1070f3754'}, {'createdAt': {'$date': 1692779062000}, 'trackingCode': 'ae67e85ce026171c74622f3f4ffe65ae', 'status': '01', 'description': 'Objeto saiu para entrega ao destinatário', 'trackerType': '27bb7dfdbe0de2d482d1c37c3fe5bfe3', 'from': '049d52c916e51995bb17345f1c0ca3ac', 'to': '6adf97f83acf6453d4a6a4b1070f3754'}, {'createdAt': {'$date': 1692698442000}, 'trackingCode': 'ae67e85ce026171c74622f3f4ffe65ae', 'status': '01', 'description': 'Objeto em trânsito - por favor aguarde', 'trackerType': '27bb7dfdbe0de2d482d1c37c3fe5bfe3', 'from': '468797f5854fc4741e803fd0bcdd4505', 'to': '049d52c916e51995bb17345f1c0ca3ac'}, {'createdAt': {'$date': 1692532260000}, 'trackingCode': 'ae67e85ce026171c74622f3f4ffe65ae', 'status': '01', 'description': 'Objeto em trânsito - por favor aguarde', 'trackerType': '27bb7dfdbe0de2d482d1c37c3fe5bfe3', 'from': 'd7fd547a14bcde970e5c0edf83bca3d6', 'to': '468797f5854fc4741e803fd0bcdd4505'}, {'createdAt': {'$date': 1692252603000}, 'trackingCode': 'ae67e85ce026171c74622f3f4ffe65ae', 'status': '01', 'description': 'Objeto em trânsito - por favor aguarde', 'trackerType': '27bb7dfdbe0de2d482d1c37c3fe5bfe3', 'from': 'a757092f093878f4aac4abe0c0c4746e', 'to': 'e0e884b320d7340e331862ed6772b798'}, {'createdAt': {'$date': 1691849294000}, 'trackingCode': 'ae67e85ce026171c74622f3f4ffe65ae', 'status': '16', 'description': 'Objeto recebido pelos Correios do Brasil', 'trackerType': '27bb7dfdbe0de2d482d1c37c3fe5bfe3', 'from': '44d02c36e6691bb8faacd16784348114', 'to': '6adf97f83acf6453d4a6a4b1070f3754'}, {'createdAt': {'$date': 1691596832000}, 'trackingCode': 'ae67e85ce026171c74622f3f4ffe65ae', 'status': '01', 'description': 'Objeto postado', 'trackerType': '27bb7dfdbe0de2d482d1c37c3fe5bfe3', 'from': 'f0aa1982f61314b9aab258c2f110ebab', 'to': '6adf97f83acf6453d4a6a4b1070f3754'}]"
U,84464f44cd5f2c37976e4572a2d5031e,1691594003,1693824982,1693824982,"[{'createdAt': {'$date': 1691590699000}, 'trackingCode': 'f8d8d85c8ae73c5a7150b96ad8216a86', 'status': '102', 'description': 'Informação do Envio enviado à Azul Cargo Express (CT-e emitido)\t', 'trackerType': '3b24fa7e14555a1912e5bc2198f8e075', 'from': '129c2f941af446fd5e6b1295e58ce1b0', 'to': '6adf97f83acf6453d4a6a4b1070f3754'}, {'createdAt': {'$date': 1691599436000}, 'trackingCode': 'f8d8d85c8ae73c5a7150b96ad8216a86', 'status': '142', 'description': 'Embarque no veículo para transferência ou em rota para entrega', 'trackerType': '3b24fa7e14555a1912e5bc2198f8e075', 'from': '129c2f941af446fd5e6b1295e58ce1b0', 'to': '6adf97f83acf6453d4a6a4b1070f3754'}, {'createdAt': {'$date': 1691599436000}, 'trackingCode': 'f8d8d85c8ae73c5a7150b96ad8216a86', 'status': '133', 'description': 'Saida Do Veiculo', 'trackerType': '3b24fa7e14555a1912e5bc2198f8e075', 'from': '129c2f941af446fd5e6b1295e58ce1b0', 'to': '6adf97f83acf6453d4a6a4b1070f3754'}, {'createdAt': {'$date': 1691606760000}, 'trackingCode': 'f8d8d85c8ae73c5a7150b96ad8216a86', 'status': '136', 'description': 'Chegou na Unidade Azul Cargo Express\t', 'trackerType': '3b24fa7e14555a1912e5bc2198f8e075', 'from': '99a1eda796ad151d505cb40551b5ec78', 'to': '6adf97f83acf6453d4a6a4b1070f3754'}, {'createdAt': {'$date': 1691648423000}, 'trackingCode': 'f8d8d85c8ae73c5a7150b96ad8216a86', 'status': '104', 'description': 'Deixou a unidade Azul Cargo Express\t', 'trackerType': '3b24fa7e14555a1912e5bc2198f8e075', 'from': '99a1eda796ad151d505cb40551b5ec78', 'to': '6adf97f83acf6453d4a6a4b1070f3754'}, {'createdAt': {'$date': 1691648432000}, 'trackingCode': 'f8d8d85c8ae73c5a7150b96ad8216a86', 'status': '134', 'description': 'Saída do voo\t', 'trackerType': '3b24fa7e14555a1912e5bc2198f8e075', 'from': '99a1eda796ad151d505cb40551b5ec78', 'to': '6adf97f83acf6453d4a6a4b1070f3754'}, {'createdAt': {'$date': 1691657340000}, 'trackingCode': 'f8d8d85c8ae73c5a7150b96ad8216a86', 'status': '137', 'description': 'Chegada do voo\t', 'trackerType': '3b24fa7e14555a1912e5bc2198f8e075', 'from': '89cb1e2fcbb5b49ca53cf4157f671587', 'to': '6adf97f83acf6453d4a6a4b1070f3754'}, {'createdAt': {'$date': 1691712723000}, 'trackingCode': 'f8d8d85c8ae73c5a7150b96ad8216a86', 'status': '104', 'description': 'Deixou a unidade Azul Cargo Express\t', 'trackerType': '3b24fa7e14555a1912e5bc2198f8e075', 'from': '89cb1e2fcbb5b49ca53cf4157f671587', 'to': '6adf97f83acf6453d4a6a4b1070f3754'}, {'createdAt': {'$date': 1691712729000}, 'trackingCode': 'f8d8d85c8ae73c5a7150b96ad8216a86', 'status': '134', 'description': 'Saída do voo\t', 'trackerType': '3b24fa7e14555a1912e5bc2198f8e075', 'from': '89cb1e2fcbb5b49ca53cf4157f671587', 'to': '6adf97f83acf6453d4a6a4b1070f3754'}, {'createdAt': {'$date': 1691724180000}, 'trackingCode': 'f8d8d85c8ae73c5a7150b96ad8216a86', 'status': '137', 'description': 'Chegada do voo\t', 'trackerType': '3b24fa7e14555a1912e5bc2198f8e075', 'from': 'dd5ab68e8a28e8286653b47eb785b5bb', 'to': '6adf97f83acf6453d4a6a4b1070f3754'}, {'createdAt': {'$date': 1691843991000}, 'trackingCode': 'f8d8d85c8ae73c5a7150b96ad8216a86', 'status': '104', 'description': 'Deixou a unidade Azul Cargo Express\t', 'trackerType': '3b24fa7e14555a1912e5bc2198f8e075', 'from': 'dd5ab68e8a28e8286653b47eb785b5bb', 'to': '6adf97f83acf6453d4a6a4b1070f3754'}, {'createdAt': {'$date': 1691843994000}, 'trackingCode': 'f8d8d85c8ae73c5a7150b96ad8216a86', 'status': '134', 'description': 'Saída do voo\t', 'trackerType': '3b24fa7e14555a1912e5bc2198f8e075', 'from': 'dd5ab68e8a28e8286653b47eb785b5bb', 'to': '6adf97f83acf6453d4a6a4b1070f3754'}, {'createdAt': {'$date': 1691848980000}, 'trackingCode': 'f8d8d85c8ae73c5a7150b96ad8216a86', 'status': '137', 'description': 'Chegada do voo\t', 'trackerType': '3b24fa7e14555a1912e5bc2198f8e075', 'from': 'c88bb9c6416ace7d728008dcfa7d00f4', 'to': '6adf97f83acf6453d4a6a4b1070f3754'}, {'createdAt': {'$date': 1692132818000}, 'trackingCode': 'f8d8d85c8ae73c5a7150b96ad8216a86', 'status': '104', 'description': 'Deixou a unidade Azul Cargo Express\t', 'trackerType': '3b24fa7e14555a1912e5bc2198f8e075', 'from': 'c88bb9c6416ace7d728008dcfa7d00f4', 'to': '6adf97f83acf6453d4a6a4b1070f3754'}, {'createdAt': {'$date': 1692132826000}, 'trackingCode': 'f8d8d85c8ae73c5a7150b96ad8216a86', 'status': '133', 'description': 'Saida Do Veiculo', 'trackerType': '3b24fa7e14555a1912e5bc2198f8e075', 'from': 'c88bb9c6416ace7d728008dcfa7d00f4', 'to': '6adf97f83acf6453d4a6a4b1070f3754'}, {'createdAt': {'$date': 1692120600000}, 'trackingCode': 'f8d8d85c8ae73c5a7150b96ad8216a86', 'status': '01', 'description': 'Remessa entregue', 'trackerType': '3b24fa7e14555a1912e5bc2198f8e075', 'from': 'c88bb9c6416ace7d728008dcfa7d00f4', 'to': '6adf97f83acf6453d4a6a4b1070f3754'}]"
U,164943f9faca6484adfd97c49a6d8bb7,1691128655,1693824982,1693824982,"[{'createdAt': {'$date': 1691062575000}, 'trackingCode': '0eecc3cb328a7fa5fd75760068cdfb92', 'status': '01', 'description': 'Objeto em trânsito - por favor aguarde', 'trackerType': '27bb7dfdbe0de2d482d1c37c3fe5bfe3', 'from': '468797f5854fc4741e803fd0bcdd4505', 'to': '1d56c3c23fc4f97f4f5021030052fd59'}, {'createdAt': {'$date': 1690714784000}, 'trackingCode': '0eecc3cb328a7fa5fd75760068cdfb92', 'status': '01', 'description': 'Objeto em trânsito - por favor aguarde', 'trackerType': '27bb7dfdbe0de2d482d1c37c3fe5bfe3', 'from': '44d02c36e6691bb8faacd16784348114', 'to': '468797f5854fc4741e803fd0bcdd4505'}, {'createdAt': {'$date': 1690714783000}, 'trackingCode': '0eecc3cb328a7fa5fd75760068cdfb92', 'status': '10', 'description': 'Fiscalização aduaneira finalizada', 'trackerType': '27bb7dfdbe0de2d482d1c37c3fe5bfe3', 'from': '44d02c36e6691bb8faacd16784348114', 'to': '6adf97f83acf6453d4a6a4b1070f3754'}, {'createdAt': {'$date': 1690352947000}, 'trackingCode': '0eecc3cb328a7fa5fd75760068cdfb92', 'status': '16', 'description': 'Objeto recebido pelos Correios do Brasil', 'trackerType': '27bb7dfdbe0de2d482d1c37c3fe5bfe3', 'from': '44d02c36e6691bb8faacd16784348114', 'to': '6adf97f83acf6453d4a6a4b1070f3754'}, {'createdAt': {'$date': 1690002104000}, 'trackingCode': '0eecc3cb328a7fa5fd75760068cdfb92', 'status': '01', 'description': 'Objeto postado', 'trackerType': '27bb7dfdbe0de2d482d1c37c3fe5bfe3', 'from': 'f0aa1982f61314b9aab258c2f110ebab', 'to': '6adf97f83acf6453d4a6a4b1070f3754'}, {'createdAt': {'$date': 1691400127000}, 'trackingCode': '0eecc3cb328a7fa5fd75760068cdfb92', 'status': '01', 'description': 'Objeto saiu para entrega ao destinatário', 'trackerType': '27bb7dfdbe0de2d482d1c37c3fe5bfe3', 'from': '1d56c3c23fc4f97f4f5021030052fd59', 'to': '6adf97f83acf6453d4a6a4b1070f3754'}, {'createdAt': {'$date': 1691415091000}, 'trackingCode': '0eecc3cb328a7fa5fd75760068cdfb92', 'status': '01', 'description': 'Objeto entregue ao destinatário', 'trackerType': '27bb7dfdbe0de2d482d1c37c3fe5bfe3', 'from': '1d56c3c23fc4f97f4f5021030052fd59', 'to': '6adf97f83acf6453d4a6a4b1070f3754'}]"
U,aa842c5c4d9ebed6f52593c6c1a0480e,1692307302,1693824982,1693824982,"[{'createdAt': {'$date': 1692291618000}, 'trackingCode': 'eaaa187ebf7007463ce7138c12be8d7d', 'status': '01', 'description': 'Objeto em trânsito - por favor aguarde', 'trackerType': '27bb7dfdbe0de2d482d1c37c3fe5bfe3', 'from': '73e771891f30b63053b70c62d9c30d17', 'to': '9c503ecc4f113471367063483aca15c7'}, {'createdAt': {'$date': 1692289203000}, 'trackingCode': 'eaaa187ebf7007463ce7138c12be8d7d', 'status': '01', 'description': 'Objeto postado', 'trackerType': '27bb7dfdbe0de2d482d1c37c3fe5bfe3', 'from': '73e771891f30b63053b70c62d9c30d17', 'to': '6adf97f83acf6453d4a6a4b1070f3754'}, {'createdAt': {'$date': 1692309847000}, 'trackingCode': 'eaaa187ebf7007463ce7138c12be8d7d', 'status': '01', 'description': 'Objeto em trânsito - por favor aguarde', 'trackerType': '27bb7dfdbe0de2d482d1c37c3fe5bfe3', 'from': '9c503ecc4f113471367063483aca15c7', 'to': '468797f5854fc4741e803fd0bcdd4505'}, {'createdAt': {'$date': 1692395326000}, 'trackingCode': 'eaaa187ebf7007463ce7138c12be8d7d', 'status': '01', 'description': 'Objeto em trânsito - por favor aguarde', 'trackerType': '27bb7dfdbe0de2d482d1c37c3fe5bfe3', 'from': '468797f5854fc4741e803fd0bcdd4505', 'to': '5d71e751c3e05781f3418aa9a2b78906'}, {'createdAt': {'$date': 1692607003000}, 'trackingCode': 'eaaa187ebf7007463ce7138c12be8d7d', 'status': '01', 'description': 'Objeto saiu para entrega ao destinatário', 'trackerType': '27bb7dfdbe0de2d482d1c37c3fe5bfe3', 'from': '5d71e751c3e05781f3418aa9a2b78906', 'to': '6adf97f83acf6453d4a6a4b1070f3754'}, {'createdAt': {'$date': 1692634102000}, 'trackingCode': 'eaaa187ebf7007463ce7138c12be8d7d', 'status': '01', 'description': 'Objeto entregue ao destinatário', 'trackerType': '27bb7dfdbe0de2d482d1c37c3fe5bfe3', 'from': '5d71e751c3e05781f3418aa9a2b78906', 'to': '6adf97f83acf6453d4a6a4b1070f3754'}]"
U,d3ec72c6e66a81cd69746f2d5e82009b,1692306424,1693824982,1693824982,"[{'createdAt': {'$date': 1692280518000}, 'trackingCode': '4979d91243619ea3f24d6a8d3e6f529f', 'status': None, 'description': 'EMISSAO', 'trackerType': '202591c2658eb8db7d1c57e1273cd270', 'from': '6e2b256ef416d3810b7d61a4786e6484', 'to': '6adf97f83acf6453d4a6a4b1070f3754'}, {'createdAt': {'$date': 1692280524000}, 'trackingCode': '4979d91243619ea3f24d6a8d3e6f529f', 'status': None, 'description': 'ENTRADA', 'trackerType': '202591c2658eb8db7d1c57e1273cd270', 'from': '6e2b256ef416d3810b7d61a4786e6484', 'to': '6adf97f83acf6453d4a6a4b1070f3754'}, {'createdAt': {'$date': 1692291028000}, 'trackingCode': '4979d91243619ea3f24d6a8d3e6f529f', 'status': None, 'description': 'TRANSFERENCIA', 'trackerType': '202591c2658eb8db7d1c57e1273cd270', 'from': '6e2b256ef416d3810b7d61a4786e6484', 'to': '6adf97f83acf6453d4a6a4b1070f3754'}, {'createdAt': {'$date': 1692322072000}, 'trackingCode': '4979d91243619ea3f24d6a8d3e6f529f', 'status': None, 'description': 'ENTRADA', 'trackerType': '202591c2658eb8db7d1c57e1273cd270', 'from': '84c77d7bc3fb1dd258da3c10bb2f8a27', 'to': '6adf97f83acf6453d4a6a4b1070f3754'}, {'createdAt': {'$date': 1692323043000}, 'trackingCode': '4979d91243619ea3f24d6a8d3e6f529f', 'status': None, 'description': 'TRANSFERENCIA', 'trackerType': '202591c2658eb8db7d1c57e1273cd270', 'from': '84c77d7bc3fb1dd258da3c10bb2f8a27', 'to': '6adf97f83acf6453d4a6a4b1070f3754'}, {'createdAt': {'$date': 1692330442000}, 'trackingCode': '4979d91243619ea3f24d6a8d3e6f529f', 'status': None, 'description': 'TRANSFERENCIA', 'trackerType': '202591c2658eb8db7d1c57e1273cd270', 'from': '84c77d7bc3fb1dd258da3c10bb2f8a27', 'to': '6adf97f83acf6453d4a6a4b1070f3754'}, {'createdAt': {'$date': 1692343951000}, 'trackingCode': '4979d91243619ea3f24d6a8d3e6f529f', 'status': None, 'description': 'TRANSFERIDO PARA UNIDADE', 'trackerType': '202591c2658eb8db7d1c57e1273cd270', 'from': '84c77d7bc3fb1dd258da3c10bb2f8a27', 'to': '6adf97f83acf6453d4a6a4b1070f3754'}, {'createdAt': {'$date': 1692353939000}, 'trackingCode': '4979d91243619ea3f24d6a8d3e6f529f', 'status': None, 'description': 'EM ROTA', 'trackerType': '202591c2658eb8db7d1c57e1273cd270', 'from': '7830a6eb47924fcf7ecec18a0da6c6d2', 'to': '6adf97f83acf6453d4a6a4b1070f3754'}, {'createdAt': {'$date': 1692372818000}, 'trackingCode': '4979d91243619ea3f24d6a8d3e6f529f', 'status': None, 'description': 'ENTREGUE', 'trackerType': '202591c2658eb8db7d1c57e1273cd270', 'from': '7830a6eb47924fcf7ecec18a0da6c6d2', 'to': '6adf97f83acf6453d4a6a4b1070f3754'}]"
U,3678a006376a1e877e3dee8105044b4b,1692379772,1693824982,1693824982,"[{'createdAt': {'$date': 1692394423000}, 'trackingCode': 'ab0bdb6eb9f17115bb0b7be4b15f3296', 'status': '16', 'description': 'O pacote está em transferência de uma base para outra.', 'trackerType': 'a302942c7f755f858bd9a6c0c6be98fb', 'from': '6adf97f83acf6453d4a6a4b1070f3754', 'to': '6adf97f83acf6453d4a6a4b1070f3754'}, {'createdAt': {'$date': 1692392921000}, 'trackingCode': 'ab0bdb6eb9f17115bb0b7be4b15f3296', 'status': '3', 'description': 'O pacote está em uma base e, em breve, vai estar em transferência.', 'trackerType': 'a302942c7f755f858bd9a6c0c6be98fb', 'from': '6adf97f83acf6453d4a6a4b1070f3754', 'to': '6adf97f83acf6453d4a6a4b1070f3754'}, {'createdAt': {'$date': 1692388510000}, 'trackingCode': 'ab0bdb6eb9f17115bb0b7be4b15f3296', 'status': '13', 'description': 'O pacote foi confirmado em uma base da Loggi e vai ser preparado para transferência.', 'trackerType': 'a302942c7f755f858bd9a6c0c6be98fb', 'from': '86861fb88eef7616a70646b7cc8b4cc9', 'to': '6adf97f83acf6453d4a6a4b1070f3754'}, {'createdAt': {'$date': 1692383403000}, 'trackingCode': 'ab0bdb6eb9f17115bb0b7be4b15f3296', 'status': '1', 'description': 'A etiqueta de envio já foi criada e o pacote está pronto para a coleta.', 'trackerType': 'a302942c7f755f858bd9a6c0c6be98fb', 'from': '86861fb88eef7616a70646b7cc8b4cc9', 'to': '6adf97f83acf6453d4a6a4b1070f3754'}, {'createdAt': {'$date': 1692414499000}, 'trackingCode': 'ab0bdb6eb9f17115bb0b7be4b15f3296', 'status': '15', 'description': 'O pacote já teve suas dimensões conferidas.', 'trackerType': 'a302942c7f755f858bd9a6c0c6be98fb', 'from': '78a32fcc48731cfdbb11966d312f5f4f', 'to': '6adf97f83acf6453d4a6a4b1070f3754'}, {'createdAt': {'$date': 1692484381000}, 'trackingCode': 'ab0bdb6eb9f17115bb0b7be4b15f3296', 'status': '3', 'description': 'O pacote está em uma base e, em breve, vai estar em transferência.', 'trackerType': 'a302942c7f755f858bd9a6c0c6be98fb', 'from': '6adf97f83acf6453d4a6a4b1070f3754', 'to': '6adf97f83acf6453d4a6a4b1070f3754'}, {'createdAt': {'$date': 1692561508000}, 'trackingCode': 'ab0bdb6eb9f17115bb0b7be4b15f3296', 'status': '17', 'description': 'Tudo certo, o pacote está em uma base da Loggi.', 'trackerType': 'a302942c7f755f858bd9a6c0c6be98fb', 'from': '6adf97f83acf6453d4a6a4b1070f3754', 'to': '6adf97f83acf6453d4a6a4b1070f3754'}, {'createdAt': {'$date': 1692606622000}, 'trackingCode': 'ab0bdb6eb9f17115bb0b7be4b15f3296', 'status': '16', 'description': 'O pacote está em transferência de uma base para outra.', 'trackerType': 'a302942c7f755f858bd9a6c0c6be98fb', 'from': '7af5beeeb4e56d06a8935cc9b92c75a3', 'to': '6adf97f83acf6453d4a6a4b1070f3754'}, {'createdAt': {'$date': 1692606157000}, 'trackingCode': 'ab0bdb6eb9f17115bb0b7be4b15f3296', 'status': '3', 'description': 'O pacote está em uma base e, em breve, vai estar em transferência.', 'trackerType': 'a302942c7f755f858bd9a6c0c6be98fb', 'from': '6adf97f83acf6453d4a6a4b1070f3754', 'to': '6adf97f83acf6453d4a6a4b1070f3754'}, {'createdAt': {'$date': 1692638792000}, 'trackingCode': 'ab0bdb6eb9f17115bb0b7be4b15f3296', 'status': '17', 'description': 'Tudo certo, o pacote está em uma base da Loggi.', 'trackerType': 'a302942c7f755f858bd9a6c0c6be98fb', 'from': '6adf97f83acf6453d4a6a4b1070f3754', 'to': '6adf97f83acf6453d4a6a4b1070f3754'}, {'createdAt': {'$date': 1692653796000}, 'trackingCode': 'ab0bdb6eb9f17115bb0b7be4b15f3296', 'status': '11', 'description': 'O pacote está a caminho.', 'trackerType': 'a302942c7f755f858bd9a6c0c6be98fb', 'from': '6adf97f83acf6453d4a6a4b1070f3754', 'to': '6adf97f83acf6453d4a6a4b1070f3754'}, {'createdAt': {'$date': 1692754654000}, 'trackingCode': 'ab0bdb6eb9f17115bb0b7be4b15f3296', 'status': '18', 'description': 'O destinatário não foi encontrado no endereço. Vamos tentar entregar outra vez.', 'trackerType': 'a302942c7f755f858bd9a6c0c6be98fb', 'from': '37138019cf4e42fc76137ebc38a9666a', 'to': '6adf97f83acf6453d4a6a4b1070f3754'}, {'createdAt': {'$date': 1692653795000}, 'trackingCode': 'ab0bdb6eb9f17115bb0b7be4b15f3296', 'status': '11', 'description': 'O pacote está a caminho.', 'trackerType': 'a302942c7f755f858bd9a6c0c6be98fb', 'from': '6adf97f83acf6453d4a6a4b1070f3754', 'to': '6adf97f83acf6453d4a6a4b1070f3754'}, {'createdAt': {'$date': 1692794531000}, 'trackingCode': 'ab0bdb6eb9f17115bb0b7be4b15f3296', 'status': '11', 'description': 'O pacote está a caminho.', 'trackerType': 'a302942c7f755f858bd9a6c0c6be98fb', 'from': '6adf97f83acf6453d4a6a4b1070f3754', 'to': '6adf97f83acf6453d4a6a4b1070f3754'}, {'createdAt': {'$date': 1692915391000}, 'trackingCode': 'ab0bdb6eb9f17115bb0b7be4b15f3296', 'status': '5', 'description': 'O pacote chegou ao destino final.', 'trackerType': 'a302942c7f755f858bd9a6c0c6be98fb', 'from': '6adf97f83acf6453d4a6a4b1070f3754', 'to': '6adf97f83acf6453d4a6a4b1070f3754'}, {'createdAt': {'$date': 1692915083000}, 'trackingCode': 'ab0bdb6eb9f17115bb0b7be4b15f3296', 'status': '11', 'description': 'O pacote está a caminho.', 'trackerType': 'a302942c7f755f858bd9a6c0c6be98fb', 'from': '6adf97f83acf6453d4a6a4b1070f3754', 'to': '6adf97f83acf6453d4a6a4b1070f3754'}]"
U,1439b534c3c61999fba80498f80e91fc,1690644884,1693824982,1693824982,"[{'createdAt': {'$date': 1690547524000}, 'trackingCode': '64b12f1719e18ccaf7751e143c79aad4', 'status': '01', 'description': 'Objeto em trânsito - por favor aguarde', 'trackerType': '27bb7dfdbe0de2d482d1c37c3fe5bfe3', 'from': '44d02c36e6691bb8faacd16784348114', 'to': 'e0e884b320d7340e331862ed6772b798'}, {'createdAt': {'$date': 1690547523000}, 'trackingCode': '64b12f1719e18ccaf7751e143c79aad4', 'status': '10', 'description': 'Fiscalização aduaneira finalizada', 'trackerType': '27bb7dfdbe0de2d482d1c37c3fe5bfe3', 'from': '44d02c36e6691bb8faacd16784348114', 'to': '6adf97f83acf6453d4a6a4b1070f3754'}, {'createdAt': {'$date': 1690547272000}, 'trackingCode': '64b12f1719e18ccaf7751e143c79aad4', 'status': '16', 'description': 'Objeto recebido pelos Correios do Brasil', 'trackerType': '27bb7dfdbe0de2d482d1c37c3fe5bfe3', 'from': '44d02c36e6691bb8faacd16784348114', 'to': '6adf97f83acf6453d4a6a4b1070f3754'}, {'createdAt': {'$date': 1690171032000}, 'trackingCode': '64b12f1719e18ccaf7751e143c79aad4', 'status': '01', 'description': 'Objeto postado', 'trackerType': '27bb7dfdbe0de2d482d1c37c3fe5bfe3', 'from': 'f0aa1982f61314b9aab258c2f110ebab', 'to': '6adf97f83acf6453d4a6a4b1070f3754'}, {'createdAt': {'$date': 1690878960000}, 'trackingCode': '64b12f1719e18ccaf7751e143c79aad4', 'status': '01', 'description': 'Objeto em trânsito - por favor aguarde', 'trackerType': '27bb7dfdbe0de2d482d1c37c3fe5bfe3', 'from': 'a757092f093878f4aac4abe0c0c4746e', 'to': '2f03431ee62c1882efb9edf0d8020626'}, {'createdAt': {'$date': 1691186462000}, 'trackingCode': '64b12f1719e18ccaf7751e143c79aad4', 'status': '01', 'description': 'Objeto em trânsito - por favor aguarde', 'trackerType': '27bb7dfdbe0de2d482d1c37c3fe5bfe3', 'from': '2f03431ee62c1882efb9edf0d8020626', 'to': 'a19d145bbf63545c2445ecd38938f8b9'}, {'createdAt': {'$date': 1691587924000}, 'trackingCode': '64b12f1719e18ccaf7751e143c79aad4', 'status': '14', 'description': 'Objeto encaminhado para retirada no endereço indicado', 'trackerType': '27bb7dfdbe0de2d482d1c37c3fe5bfe3', 'from': 'a19d145bbf63545c2445ecd38938f8b9', 'to': '6adf97f83acf6453d4a6a4b1070f3754'}]"
U,38ef3ef37a6d358fcc3d7af12bbb1c92,1692655533,1693824982,1693824982,"[{'createdAt': {'$date': 1692376638000}, 'trackingCode': '09a6305a4615ca2d7e73d79a25810486', 'status': '01', 'description': 'Objeto entregue ao destinatário', 'trackerType': '27bb7dfdbe0de2d482d1c37c3fe5bfe3', 'from': '7f5fc6be50e3d8ec45fec9cfea3b0915', 'to': '6adf97f83acf6453d4a6a4b1070f3754'}, {'createdAt': {'$date': 1692350992000}, 'trackingCode': '09a6305a4615ca2d7e73d79a25810486', 'status': '01', 'description': 'Objeto saiu para entrega ao destinatário', 'trackerType': '27bb7dfdbe0de2d482d1c37c3fe5bfe3', 'from': '7f5fc6be50e3d8ec45fec9cfea3b0915', 'to': '6adf97f83acf6453d4a6a4b1070f3754'}, {'createdAt': {'$date': 1692288616000}, 'trackingCode': '09a6305a4615ca2d7e73d79a25810486', 'status': '01', 'description': 'Objeto em trânsito - por favor aguarde', 'trackerType': '27bb7dfdbe0de2d482d1c37c3fe5bfe3', 'from': '77a4c0b23c87fa8a8e11e0410e33d507', 'to': '7f5fc6be50e3d8ec45fec9cfea3b0915'}, {'createdAt': {'$date': 1692110227000}, 'trackingCode': '09a6305a4615ca2d7e73d79a25810486', 'status': '01', 'description': 'Objeto em trânsito - por favor aguarde', 'trackerType': '27bb7dfdbe0de2d482d1c37c3fe5bfe3', 'from': 'd7fd547a14bcde970e5c0edf83bca3d6', 'to': '77a4c0b23c87fa8a8e11e0410e33d507'}, {'createdAt': {'$date': 1692098394000}, 'trackingCode': '09a6305a4615ca2d7e73d79a25810486', 'status': '01', 'description': 'Objeto em trânsito - por favor aguarde', 'trackerType': '27bb7dfdbe0de2d482d1c37c3fe5bfe3', 'from': 'ba69784d3c7bfb2924c5c421e5033d1f', 'to': 'e0e884b320d7340e331862ed6772b798'}, {'createdAt': {'$date': 1692097741000}, 'trackingCode': '09a6305a4615ca2d7e73d79a25810486', 'status': '01', 'description': 'Objeto postado', 'trackerType': '27bb7dfdbe0de2d482d1c37c3fe5bfe3', 'from': 'ba69784d3c7bfb2924c5c421e5033d1f', 'to': '6adf97f83acf6453d4a6a4b1070f3754'}]"
U,0d0450490c520dab38dffa1e7a53fa80,1692806726,1693824982,1693824982,"[{'createdAt': {'$date': 1692806372000}, 'trackingCode': '3387b3697c57ed5ed380def1e8292c5f', 'status': '01', 'description': 'Objeto postado', 'trackerType': '27bb7dfdbe0de2d482d1c37c3fe5bfe3', 'from': 'f19c38bcb4197fb5484ebbe002fc5d17', 'to': '6adf97f83acf6453d4a6a4b1070f3754'}, {'createdAt': {'$date': 1692959719000}, 'trackingCode': '3387b3697c57ed5ed380def1e8292c5f', 'status': '01', 'description': 'Objeto saiu para entrega ao destinatário', 'trackerType': '27bb7dfdbe0de2d482d1c37c3fe5bfe3', 'from': 'a925f2c1e17bff2378c8b51fca696d74', 'to': '6adf97f83acf6453d4a6a4b1070f3754'}, {'createdAt': {'$date': 1692981929000}, 'trackingCode': '3387b3697c57ed5ed380def1e8292c5f', 'status': '01', 'description': 'Objeto entregue ao destinatário', 'trackerType': '27bb7dfdbe0de2d482d1c37c3fe5bfe3', 'from': 'a925f2c1e17bff2378c8b51fca696d74', 'to': '6adf97f83acf6453d4a6a4b1070f3754'}]"
U,a11c6237cf09feaad85feb695625464a,1692416419,1693824982,1693824982,"[{'createdAt': {'$date': 1692381336000}, 'trackingCode': '47aacf96be3c35d5cffed2d842569ed5', 'status': '102', 'description': 'Informação do Envio enviado à Azul Cargo Express (CT-e emitido)\t', 'trackerType': '3b24fa7e14555a1912e5bc2198f8e075', 'from': '3fc883296928094eb7e5f050ae55150a', 'to': '6adf97f83acf6453d4a6a4b1070f3754'}, {'createdAt': {'$date': 1692381878000}, 'trackingCode': '47aacf96be3c35d5cffed2d842569ed5', 'status': '142', 'description': 'Embarque no veículo para transferência ou em rota para entrega', 'trackerType': '3b24fa7e14555a1912e5bc2198f8e075', 'from': '3fc883296928094eb7e5f050ae55150a', 'to': '6adf97f83acf6453d4a6a4b1070f3754'}, {'createdAt': {'$date': 1692381878000}, 'trackingCode': '47aacf96be3c35d5cffed2d842569ed5', 'status': '133', 'description': 'Saida Do Veiculo', 'trackerType': '3b24fa7e14555a1912e5bc2198f8e075', 'from': '3fc883296928094eb7e5f050ae55150a', 'to': '6adf97f83acf6453d4a6a4b1070f3754'}, {'createdAt': {'$date': 1692386880000}, 'trackingCode': '47aacf96be3c35d5cffed2d842569ed5', 'status': '137', 'description': 'Chegada do voo\t', 'trackerType': '3b24fa7e14555a1912e5bc2198f8e075', 'from': '1eaad630b48b36d5fc32e235aead1633', 'to': '6adf97f83acf6453d4a6a4b1070f3754'}, {'createdAt': {'$date': 1692400578000}, 'trackingCode': '47aacf96be3c35d5cffed2d842569ed5', 'status': '104', 'description': 'Deixou a unidade Azul Cargo Express\t', 'trackerType': '3b24fa7e14555a1912e5bc2198f8e075', 'from': '1eaad630b48b36d5fc32e235aead1633', 'to': '6adf97f83acf6453d4a6a4b1070f3754'}, {'createdAt': {'$date': 1692400581000}, 'trackingCode': '47aacf96be3c35d5cffed2d842569ed5', 'status': '134', 'description': 'Saída do voo\t', 'trackerType': '3b24fa7e14555a1912e5bc2198f8e075', 'from': '1eaad630b48b36d5fc32e235aead1633', 'to': '6adf97f83acf6453d4a6a4b1070f3754'}, {'createdAt': {'$date': 1692448200000}, 'trackingCode': '47aacf96be3c35d5cffed2d842569ed5', 'status': '137', 'description': 'Chegada do voo\t', 'trackerType': '3b24fa7e14555a1912e5bc2198f8e075', 'from': 'c4a0041f7f45e439c53a952b97125bc1', 'to': '6adf97f83acf6453d4a6a4b1070f3754'}, {'createdAt': {'$date': 1692459900000}, 'trackingCode': '47aacf96be3c35d5cffed2d842569ed5', 'status': '137', 'description': 'Chegada do voo\t', 'trackerType': '3b24fa7e14555a1912e5bc2198f8e075', 'from': 'c4a0041f7f45e439c53a952b97125bc1', 'to': '6adf97f83acf6453d4a6a4b1070f3754'}, {'createdAt': {'$date': 1692596823000}, 'trackingCode': '47aacf96be3c35d5cffed2d842569ed5', 'status': '142', 'description': 'Embarque no veículo para transferência ou em rota para entrega', 'trackerType': '3b24fa7e14555a1912e5bc2198f8e075', 'from': 'c4a0041f7f45e439c53a952b97125bc1', 'to': '6adf97f83acf6453d4a6a4b1070f3754'}, {'createdAt': {'$date': 1692596823000}, 'trackingCode': '47aacf96be3c35d5cffed2d842569ed5', 'status': '133', 'description': 'Saida Do Veiculo', 'trackerType': '3b24fa7e14555a1912e5bc2198f8e075', 'from': 'c4a0041f7f45e439c53a952b97125bc1', 'to': '6adf97f83acf6453d4a6a4b1070f3754'}, {'createdAt': {'$date': 1692599520000}, 'trackingCode': '47aacf96be3c35d5cffed2d842569ed5', 'status': '136', 'description': 'Chegou na Unidade Azul Cargo Express\t', 'trackerType': '3b24fa7e14555a1912e5bc2198f8e075', 'from': 'fd07b385ca9ad84bdcb9403992374b2a', 'to': '6adf97f83acf6453d4a6a4b1070f3754'}, {'createdAt': {'$date': 1692707602000}, 'trackingCode': '47aacf96be3c35d5cffed2d842569ed5', 'status': '104', 'description': 'Deixou a unidade Azul Cargo Express\t', 'trackerType': '3b24fa7e14555a1912e5bc2198f8e075', 'from': 'fd07b385ca9ad84bdcb9403992374b2a', 'to': '6adf97f83acf6453d4a6a4b1070f3754'}, {'createdAt': {'$date': 1692707608000}, 'trackingCode': '47aacf96be3c35d5cffed2d842569ed5', 'status': '133', 'description': 'Saida Do Veiculo', 'trackerType': '3b24fa7e14555a1912e5bc2198f8e075', 'from': 'fd07b385ca9ad84bdcb9403992374b2a', 'to': '6adf97f83acf6453d4a6a4b1070f3754'}, {'createdAt': {'$date': 1692705600000}, 'trackingCode': '47aacf96be3c35d5cffed2d842569ed5', 'status': '01', 'description': 'Remessa entregue', 'trackerType': '3b24fa7e14555a1912e5bc2198f8e075', 'from': 'fd07b385ca9ad84bdcb9403992374b2a', 'to': '6adf97f83acf6453d4a6a4b1070f3754'}]"
U,8ac5fc0a8a23e63c8ce5ddfd337d803f,1689207457,1693824982,1693824982,"[{'createdAt': {'$date': 1688973545000}, 'trackingCode': '54af509d22def7833d7b63b179462248', 'status': '16', 'description': 'Objeto recebido pelos Correios do Brasil', 'trackerType': '27bb7dfdbe0de2d482d1c37c3fe5bfe3', 'from': '8f858ee1067df0a89292373651e6c73e', 'to': '6adf97f83acf6453d4a6a4b1070f3754'}, {'createdAt': {'$date': 1688147520000}, 'trackingCode': '54af509d22def7833d7b63b179462248', 'status': '01', 'description': 'Objeto em trânsito - por favor aguarde', 'trackerType': '27bb7dfdbe0de2d482d1c37c3fe5bfe3', 'from': 'f0aa1982f61314b9aab258c2f110ebab', 'to': 'fab9ec2163f1d49c0421e3d6bb8e760b'}, {'createdAt': {'$date': 1688147340000}, 'trackingCode': '54af509d22def7833d7b63b179462248', 'status': '18', 'description': 'Objeto recebido na unidade de exportação no país de origem', 'trackerType': '27bb7dfdbe0de2d482d1c37c3fe5bfe3', 'from': 'f0aa1982f61314b9aab258c2f110ebab', 'to': '6adf97f83acf6453d4a6a4b1070f3754'}, {'createdAt': {'$date': 1688145840000}, 'trackingCode': '54af509d22def7833d7b63b179462248', 'status': '01', 'description': 'Objeto postado', 'trackerType': '27bb7dfdbe0de2d482d1c37c3fe5bfe3', 'from': 'f0aa1982f61314b9aab258c2f110ebab', 'to': '6adf97f83acf6453d4a6a4b1070f3754'}, {'createdAt': {'$date': 1689557092000}, 'trackingCode': '54af509d22def7833d7b63b179462248', 'status': '01', 'description': 'Objeto em trânsito - por favor aguarde', 'trackerType': '27bb7dfdbe0de2d482d1c37c3fe5bfe3', 'from': '19f61c9bfe1f048ab353e403dfde3103', 'to': '66266e39728f3e0913be520c73819475'}, {'createdAt': {'$date': 1689555753000}, 'trackingCode': '54af509d22def7833d7b63b179462248', 'status': '10', 'description': 'Fiscalização aduaneira finalizada', 'trackerType': '27bb7dfdbe0de2d482d1c37c3fe5bfe3', 'from': '8f858ee1067df0a89292373651e6c73e', 'to': '6adf97f83acf6453d4a6a4b1070f3754'}, {'createdAt': {'$date': 1689957814000}, 'trackingCode': '54af509d22def7833d7b63b179462248', 'status': '01', 'description': 'Objeto em trânsito - por favor aguarde', 'trackerType': '27bb7dfdbe0de2d482d1c37c3fe5bfe3', 'from': '66266e39728f3e0913be520c73819475', 'to': 'b9eab5382ef9f0f4a69a85c11ce8b7b0'}, {'createdAt': {'$date': 1690207422000}, 'trackingCode': '54af509d22def7833d7b63b179462248', 'status': '01', 'description': 'Objeto saiu para entrega ao destinatário', 'trackerType': '27bb7dfdbe0de2d482d1c37c3fe5bfe3', 'from': 'b9eab5382ef9f0f4a69a85c11ce8b7b0', 'to': '6adf97f83acf6453d4a6a4b1070f3754'}, {'createdAt': {'$date': 1690212281000}, 'trackingCode': '54af509d22def7833d7b63b179462248', 'status': '01', 'description': 'Objeto entregue ao destinatário', 'trackerType': '27bb7dfdbe0de2d482d1c37c3fe5bfe3', 'from': 'b9eab5382ef9f0f4a69a85c11ce8b7b0', 'to': '6adf97f83acf6453d4a6a4b1070f3754'}, {'createdAt': {'$date': 1689717801000}, 'trackingCode': '54af509d22def7833d7b63b179462248', 'status': '01', 'description': 'Objeto em trânsito - por favor aguarde', 'trackerType': '27bb7dfdbe0de2d482d1c37c3fe5bfe3', 'from': '19f61c9bfe1f048ab353e403dfde3103', 'to': '66266e39728f3e0913be520c73819475'}]"
U,c0a563e140394b8b84eed91153094385,1693510376,1693824982,1693824982,"[{'createdAt': {'$date': 1693501550000}, 'trackingCode': '20680b5f4121263c2849b4913b47b22b', 'status': None, 'description': 'EMISSAO', 'trackerType': '202591c2658eb8db7d1c57e1273cd270', 'from': '98c0993152d38702b888de020c2c987c', 'to': '6adf97f83acf6453d4a6a4b1070f3754'}, {'createdAt': {'$date': 1693504858000}, 'trackingCode': '20680b5f4121263c2849b4913b47b22b', 'status': None, 'description': 'TRANSFERENCIA', 'trackerType': '202591c2658eb8db7d1c57e1273cd270', 'from': '98c0993152d38702b888de020c2c987c', 'to': '6adf97f83acf6453d4a6a4b1070f3754'}, {'createdAt': {'$date': 1693524290000}, 'trackingCode': '20680b5f4121263c2849b4913b47b22b', 'status': None, 'description': 'ENTRADA', 'trackerType': '202591c2658eb8db7d1c57e1273cd270', 'from': 'fac929278c0e5ba967802153ba729336', 'to': '6adf97f83acf6453d4a6a4b1070f3754'}, {'createdAt': {'$date': 1693537884000}, 'trackingCode': '20680b5f4121263c2849b4913b47b22b', 'status': None, 'description': 'TRANSFERENCIA', 'trackerType': '202591c2658eb8db7d1c57e1273cd270', 'from': 'e81f9b321e898f638477f1f13bf81c38', 'to': '6adf97f83acf6453d4a6a4b1070f3754'}, {'createdAt': {'$date': 1693566595000}, 'trackingCode': '20680b5f4121263c2849b4913b47b22b', 'status': None, 'description': 'ENTRADA', 'trackerType': '202591c2658eb8db7d1c57e1273cd270', 'from': 'f0c4a4cbc485e54ea75f90113bbc8274', 'to': '6adf97f83acf6453d4a6a4b1070f3754'}, {'createdAt': {'$date': 1693566626000}, 'trackingCode': '20680b5f4121263c2849b4913b47b22b', 'status': None, 'description': 'EM ROTA', 'trackerType': '202591c2658eb8db7d1c57e1273cd270', 'from': 'f0c4a4cbc485e54ea75f90113bbc8274', 'to': '6adf97f83acf6453d4a6a4b1070f3754'}, {'createdAt': {'$date': 1693579161000}, 'trackingCode': '20680b5f4121263c2849b4913b47b22b', 'status': None, 'description': 'ENTREGUE', 'trackerType': '202591c2658eb8db7d1c57e1273cd270', 'from': 'f0c4a4cbc485e54ea75f90113bbc8274', 'to': '6adf97f83acf6453d4a6a4b1070f3754'}]"
U,e5a247554faeaf3abc0bb74afd4f3949,1691140917,1693824982,1693824982,"[{'createdAt': {'$date': 1690825901000}, 'trackingCode': '24b5d9a6f2e213944f041dd5ff3eceeb', 'status': '01', 'description': 'Objeto entregue ao destinatário', 'trackerType': '27bb7dfdbe0de2d482d1c37c3fe5bfe3', 'from': '0f293a952ac9ca7c68bc34259ede7764', 'to': '6adf97f83acf6453d4a6a4b1070f3754'}, {'createdAt': {'$date': 1690803148000}, 'trackingCode': '24b5d9a6f2e213944f041dd5ff3eceeb', 'status': '01', 'description': 'Objeto saiu para entrega ao destinatário', 'trackerType': '27bb7dfdbe0de2d482d1c37c3fe5bfe3', 'from': '0f293a952ac9ca7c68bc34259ede7764', 'to': '6adf97f83acf6453d4a6a4b1070f3754'}, {'createdAt': {'$date': 1690606811000}, 'trackingCode': '24b5d9a6f2e213944f041dd5ff3eceeb', 'status': '01', 'description': 'Objeto em trânsito - por favor aguarde', 'trackerType': '27bb7dfdbe0de2d482d1c37c3fe5bfe3', 'from': 'd7fd547a14bcde970e5c0edf83bca3d6', 'to': '0f293a952ac9ca7c68bc34259ede7764'}, {'createdAt': {'$date': 1690556606000}, 'trackingCode': '24b5d9a6f2e213944f041dd5ff3eceeb', 'status': '01', 'description': 'Objeto em trânsito - por favor aguarde', 'trackerType': '27bb7dfdbe0de2d482d1c37c3fe5bfe3', 'from': 'e0e884b320d7340e331862ed6772b798', 'to': 'd7fd547a14bcde970e5c0edf83bca3d6'}, {'createdAt': {'$date': 1690364385000}, 'trackingCode': '24b5d9a6f2e213944f041dd5ff3eceeb', 'status': '01', 'description': 'Objeto em trânsito - por favor aguarde', 'trackerType': '27bb7dfdbe0de2d482d1c37c3fe5bfe3', 'from': '44d02c36e6691bb8faacd16784348114', 'to': 'e0e884b320d7340e331862ed6772b798'}, {'createdAt': {'$date': 1690364384000}, 'trackingCode': '24b5d9a6f2e213944f041dd5ff3eceeb', 'status': '10', 'description': 'Fiscalização aduaneira finalizada', 'trackerType': '27bb7dfdbe0de2d482d1c37c3fe5bfe3', 'from': '44d02c36e6691bb8faacd16784348114', 'to': '6adf97f83acf6453d4a6a4b1070f3754'}, {'createdAt': {'$date': 1690360147000}, 'trackingCode': '24b5d9a6f2e213944f041dd5ff3eceeb', 'status': '16', 'description': 'Objeto recebido pelos Correios do Brasil', 'trackerType': '27bb7dfdbe0de2d482d1c37c3fe5bfe3', 'from': '44d02c36e6691bb8faacd16784348114', 'to': '6adf97f83acf6453d4a6a4b1070f3754'}, {'createdAt': {'$date': 1689730292000}, 'trackingCode': '24b5d9a6f2e213944f041dd5ff3eceeb', 'status': '01', 'description': 'Objeto postado', 'trackerType': '27bb7dfdbe0de2d482d1c37c3fe5bfe3', 'from': 'f0aa1982f61314b9aab258c2f110ebab', 'to': '6adf97f83acf6453d4a6a4b1070f3754'}]"
U,09dc74b71c32b4f29d4b9427df361288,1691597306,1693824982,1693824982,"[{'createdAt': {'$date': 1691582552000}, 'trackingCode': 'e31c2420fd6a48382def282045c0565a', 'status': None, 'description': 'EMISSAO', 'trackerType': '202591c2658eb8db7d1c57e1273cd270', 'from': '451ffbc1f3058363510ad8a1cab40767', 'to': '6adf97f83acf6453d4a6a4b1070f3754'}, {'createdAt': {'$date': 1691594422000}, 'trackingCode': 'e31c2420fd6a48382def282045c0565a', 'status': None, 'description': 'TRANSFERENCIA', 'trackerType': '202591c2658eb8db7d1c57e1273cd270', 'from': '451ffbc1f3058363510ad8a1cab40767', 'to': '6adf97f83acf6453d4a6a4b1070f3754'}, {'createdAt': {'$date': 1691614747000}, 'trackingCode': 'e31c2420fd6a48382def282045c0565a', 'status': None, 'description': 'ENTRADA', 'trackerType': '202591c2658eb8db7d1c57e1273cd270', 'from': '84c77d7bc3fb1dd258da3c10bb2f8a27', 'to': '6adf97f83acf6453d4a6a4b1070f3754'}, {'createdAt': {'$date': 1691615783000}, 'trackingCode': 'e31c2420fd6a48382def282045c0565a', 'status': None, 'description': 'TRANSFERENCIA', 'trackerType': '202591c2658eb8db7d1c57e1273cd270', 'from': '84c77d7bc3fb1dd258da3c10bb2f8a27', 'to': '6adf97f83acf6453d4a6a4b1070f3754'}, {'createdAt': {'$date': 1691623677000}, 'trackingCode': 'e31c2420fd6a48382def282045c0565a', 'status': None, 'description': 'TRANSFERENCIA', 'trackerType': '202591c2658eb8db7d1c57e1273cd270', 'from': '84c77d7bc3fb1dd258da3c10bb2f8a27', 'to': '6adf97f83acf6453d4a6a4b1070f3754'}, {'createdAt': {'$date': 1691623931000}, 'trackingCode': 'e31c2420fd6a48382def282045c0565a', 'status': None, 'description': 'TRANSFERENCIA', 'trackerType': '202591c2658eb8db7d1c57e1273cd270', 'from': '84c77d7bc3fb1dd258da3c10bb2f8a27', 'to': '6adf97f83acf6453d4a6a4b1070f3754'}, {'createdAt': {'$date': 1691676557000}, 'trackingCode': 'e31c2420fd6a48382def282045c0565a', 'status': None, 'description': 'TRANSFERIDO PARA UNIDADE', 'trackerType': '202591c2658eb8db7d1c57e1273cd270', 'from': '84c77d7bc3fb1dd258da3c10bb2f8a27', 'to': '6adf97f83acf6453d4a6a4b1070f3754'}, {'createdAt': {'$date': 1691710645000}, 'trackingCode': 'e31c2420fd6a48382def282045c0565a', 'status': None, 'description': 'TRANSFERENCIA', 'trackerType': '202591c2658eb8db7d1c57e1273cd270', 'from': '84c77d7bc3fb1dd258da3c10bb2f8a27', 'to': '6adf97f83acf6453d4a6a4b1070f3754'}, {'createdAt': {'$date': 1691710842000}, 'trackingCode': 'e31c2420fd6a48382def282045c0565a', 'status': None, 'description': 'TRANSFERENCIA', 'trackerType': '202591c2658eb8db7d1c57e1273cd270', 'from': '84c77d7bc3fb1dd258da3c10bb2f8a27', 'to': '6adf97f83acf6453d4a6a4b1070f3754'}, {'createdAt': {'$date': 1691743467000}, 'trackingCode': 'e31c2420fd6a48382def282045c0565a', 'status': None, 'description': 'TRANSFERIDO PARA UNIDADE', 'trackerType': '202591c2658eb8db7d1c57e1273cd270', 'from': '84c77d7bc3fb1dd258da3c10bb2f8a27', 'to': '6adf97f83acf6453d4a6a4b1070f3754'}, {'createdAt': {'$date': 1691747573000}, 'trackingCode': 'e31c2420fd6a48382def282045c0565a', 'status': None, 'description': 'ENTRADA', 'trackerType': '202591c2658eb8db7d1c57e1273cd270', 'from': '089607e1466a53ee58164c9974d00976', 'to': '6adf97f83acf6453d4a6a4b1070f3754'}, {'createdAt': {'$date': 1691749348000}, 'trackingCode': 'e31c2420fd6a48382def282045c0565a', 'status': None, 'description': 'TRANSFERENCIA', 'trackerType': '202591c2658eb8db7d1c57e1273cd270', 'from': '089607e1466a53ee58164c9974d00976', 'to': '6adf97f83acf6453d4a6a4b1070f3754'}, {'createdAt': {'$date': 1691764059000}, 'trackingCode': 'e31c2420fd6a48382def282045c0565a', 'status': None, 'description': 'TRANSFERENCIA', 'trackerType': '202591c2658eb8db7d1c57e1273cd270', 'from': 'fac929278c0e5ba967802153ba729336', 'to': '6adf97f83acf6453d4a6a4b1070f3754'}, {'createdAt': {'$date': 1691850658000}, 'trackingCode': 'e31c2420fd6a48382def282045c0565a', 'status': None, 'description': 'TRANSFERIDO PARA UNIDADE', 'trackerType': '202591c2658eb8db7d1c57e1273cd270', 'from': 'bb06c77b0bda796758fb2d30ec897c06', 'to': '6adf97f83acf6453d4a6a4b1070f3754'}, {'createdAt': {'$date': 1692096183000}, 'trackingCode': 'e31c2420fd6a48382def282045c0565a', 'status': None, 'description': 'ENTRADA', 'trackerType': '202591c2658eb8db7d1c57e1273cd270', 'from': 'e368014bf2cbe85287b2c333808b25de', 'to': '6adf97f83acf6453d4a6a4b1070f3754'}, {'createdAt': {'$date': 1692110124000}, 'trackingCode': 'e31c2420fd6a48382def282045c0565a', 'status': None, 'description': 'TRANSFERENCIA', 'trackerType': '202591c2658eb8db7d1c57e1273cd270', 'from': 'e368014bf2cbe85287b2c333808b25de', 'to': '6adf97f83acf6453d4a6a4b1070f3754'}, {'createdAt': {'$date': 1692110145000}, 'trackingCode': 'e31c2420fd6a48382def282045c0565a', 'status': None, 'description': 'TRANSFERENCIA', 'trackerType': '202591c2658eb8db7d1c57e1273cd270', 'from': 'e368014bf2cbe85287b2c333808b25de', 'to': '6adf97f83acf6453d4a6a4b1070f3754'}, {'createdAt': {'$date': 1692159984000}, 'trackingCode': 'e31c2420fd6a48382def282045c0565a', 'status': None, 'description': 'TRANSFERENCIA', 'trackerType': '202591c2658eb8db7d1c57e1273cd270', 'from': 'e368014bf2cbe85287b2c333808b25de', 'to': '6adf97f83acf6453d4a6a4b1070f3754'}, {'createdAt': {'$date': 1692162706000}, 'trackingCode': 'e31c2420fd6a48382def282045c0565a', 'status': None, 'description': 'TRANSFERIDO PARA UNIDADE', 'trackerType': '202591c2658eb8db7d1c57e1273cd270', 'from': 'e368014bf2cbe85287b2c333808b25de', 'to': '6adf97f83acf6453d4a6a4b1070f3754'}, {'createdAt': {'$date': 1692172264000}, 'trackingCode': 'e31c2420fd6a48382def282045c0565a', 'status': None, 'description': 'ENTRADA', 'trackerType': '202591c2658eb8db7d1c57e1273cd270', 'from': '9d647db1767e991affba96c777917339', 'to': '6adf97f83acf6453d4a6a4b1070f3754'}, {'createdAt': {'$date': 1692182118000}, 'trackingCode': 'e31c2420fd6a48382def282045c0565a', 'status': None, 'description': 'EM ROTA', 'trackerType': '202591c2658eb8db7d1c57e1273cd270', 'from': '9d647db1767e991affba96c777917339', 'to': '6adf97f83acf6453d4a6a4b1070f3754'}, {'createdAt': {'$date': 1692202007000}, 'trackingCode': 'e31c2420fd6a48382def282045c0565a', 'status': None, 'description': 'ENTREGUE', 'trackerType': '202591c2658eb8db7d1c57e1273cd270', 'from': '9d647db1767e991affba96c777917339', 'to': '6adf97f83acf6453d4a6a4b1070f3754'}]"
U,0d0e0f66c05e13be7db02f28084220db,1691445463,1693824982,1693824982,"[{'createdAt': {'$date': 1691427826000}, 'trackingCode': '710de2a7a64e9cb5603c4c70e2c7d285', 'status': '102', 'description': 'Informação do Envio enviado à Azul Cargo Express (CT-e emitido)\t', 'trackerType': '3b24fa7e14555a1912e5bc2198f8e075', 'from': 'e470aeaca96aba6599cac9c2619c1757', 'to': '6adf97f83acf6453d4a6a4b1070f3754'}, {'createdAt': {'$date': 1691431704000}, 'trackingCode': '710de2a7a64e9cb5603c4c70e2c7d285', 'status': '142', 'description': 'Embarque no veículo para transferência ou em rota para entrega', 'trackerType': '3b24fa7e14555a1912e5bc2198f8e075', 'from': 'e470aeaca96aba6599cac9c2619c1757', 'to': '6adf97f83acf6453d4a6a4b1070f3754'}, {'createdAt': {'$date': 1691431704000}, 'trackingCode': '710de2a7a64e9cb5603c4c70e2c7d285', 'status': '133', 'description': 'Saida Do Veiculo', 'trackerType': '3b24fa7e14555a1912e5bc2198f8e075', 'from': 'e470aeaca96aba6599cac9c2619c1757', 'to': '6adf97f83acf6453d4a6a4b1070f3754'}, {'createdAt': {'$date': 1691435880000}, 'trackingCode': '710de2a7a64e9cb5603c4c70e2c7d285', 'status': '136', 'description': 'Chegou na Unidade Azul Cargo Express\t', 'trackerType': '3b24fa7e14555a1912e5bc2198f8e075', 'from': '06e06a17681fe072e310794a31a4259f', 'to': '6adf97f83acf6453d4a6a4b1070f3754'}, {'createdAt': {'$date': 1691448860000}, 'trackingCode': '710de2a7a64e9cb5603c4c70e2c7d285', 'status': '104', 'description': 'Deixou a unidade Azul Cargo Express\t', 'trackerType': '3b24fa7e14555a1912e5bc2198f8e075', 'from': '06e06a17681fe072e310794a31a4259f', 'to': '6adf97f83acf6453d4a6a4b1070f3754'}, {'createdAt': {'$date': 1691448861000}, 'trackingCode': '710de2a7a64e9cb5603c4c70e2c7d285', 'status': '104', 'description': 'Deixou a unidade Azul Cargo Express\t', 'trackerType': '3b24fa7e14555a1912e5bc2198f8e075', 'from': '06e06a17681fe072e310794a31a4259f', 'to': '6adf97f83acf6453d4a6a4b1070f3754'}, {'createdAt': {'$date': 1691452268000}, 'trackingCode': '710de2a7a64e9cb5603c4c70e2c7d285', 'status': '134', 'description': 'Saída do voo\t', 'trackerType': '3b24fa7e14555a1912e5bc2198f8e075', 'from': '06e06a17681fe072e310794a31a4259f', 'to': '6adf97f83acf6453d4a6a4b1070f3754'}, {'createdAt': {'$date': 1691462460000}, 'trackingCode': '710de2a7a64e9cb5603c4c70e2c7d285', 'status': '137', 'description': 'Chegada do voo\t', 'trackerType': '3b24fa7e14555a1912e5bc2198f8e075', 'from': 'dd5ab68e8a28e8286653b47eb785b5bb', 'to': '6adf97f83acf6453d4a6a4b1070f3754'}, {'createdAt': {'$date': 1691513006000}, 'trackingCode': '710de2a7a64e9cb5603c4c70e2c7d285', 'status': '142', 'description': 'Embarque no veículo para transferência ou em rota para entrega', 'trackerType': '3b24fa7e14555a1912e5bc2198f8e075', 'from': 'dd5ab68e8a28e8286653b47eb785b5bb', 'to': '6adf97f83acf6453d4a6a4b1070f3754'}, {'createdAt': {'$date': 1691513011000}, 'trackingCode': '710de2a7a64e9cb5603c4c70e2c7d285', 'status': '133', 'description': 'Saida Do Veiculo', 'trackerType': '3b24fa7e14555a1912e5bc2198f8e075', 'from': 'dd5ab68e8a28e8286653b47eb785b5bb', 'to': '6adf97f83acf6453d4a6a4b1070f3754'}, {'createdAt': {'$date': 1691657520000}, 'trackingCode': '710de2a7a64e9cb5603c4c70e2c7d285', 'status': '136', 'description': 'Chegou na Unidade Azul Cargo Express\t', 'trackerType': '3b24fa7e14555a1912e5bc2198f8e075', 'from': 'fa04acf9f92f8fc044ad561116fa3e36', 'to': '6adf97f83acf6453d4a6a4b1070f3754'}, {'createdAt': {'$date': 1691742342000}, 'trackingCode': '710de2a7a64e9cb5603c4c70e2c7d285', 'status': '104', 'description': 'Deixou a unidade Azul Cargo Express\t', 'trackerType': '3b24fa7e14555a1912e5bc2198f8e075', 'from': 'fa04acf9f92f8fc044ad561116fa3e36', 'to': '6adf97f83acf6453d4a6a4b1070f3754'}, {'createdAt': {'$date': 1691742411000}, 'trackingCode': '710de2a7a64e9cb5603c4c70e2c7d285', 'status': '133', 'description': 'Saida Do Veiculo', 'trackerType': '3b24fa7e14555a1912e5bc2198f8e075', 'from': 'fa04acf9f92f8fc044ad561116fa3e36', 'to': '6adf97f83acf6453d4a6a4b1070f3754'}, {'createdAt': {'$date': 1691751418000}, 'trackingCode': '710de2a7a64e9cb5603c4c70e2c7d285', 'status': '01', 'description': 'Remessa entregue', 'trackerType': '3b24fa7e14555a1912e5bc2198f8e075', 'from': '6adf97f83acf6453d4a6a4b1070f3754', 'to': '6adf97f83acf6453d4a6a4b1070f3754'}]"
U,d736fad294c2f4f2ff3a931eff7bd605,1690232504,1693824982,1693824982,"[{'createdAt': {'$date': 1690216464000}, 'trackingCode': '8f4de8691723942fb23c20dc6be3d787', 'status': None, 'description': 'EMISSAO', 'trackerType': '202591c2658eb8db7d1c57e1273cd270', 'from': '262a666dbc87b2504fc610a0b83036d6', 'to': '6adf97f83acf6453d4a6a4b1070f3754'}, {'createdAt': {'$date': 1690221361000}, 'trackingCode': '8f4de8691723942fb23c20dc6be3d787', 'status': None, 'description': 'TRANSFERENCIA', 'trackerType': '202591c2658eb8db7d1c57e1273cd270', 'from': '262a666dbc87b2504fc610a0b83036d6', 'to': '6adf97f83acf6453d4a6a4b1070f3754'}, {'createdAt': {'$date': 1690221384000}, 'trackingCode': '8f4de8691723942fb23c20dc6be3d787', 'status': None, 'description': 'TRANSFERENCIA', 'trackerType': '202591c2658eb8db7d1c57e1273cd270', 'from': '262a666dbc87b2504fc610a0b83036d6', 'to': '6adf97f83acf6453d4a6a4b1070f3754'}, {'createdAt': {'$date': 1690310555000}, 'trackingCode': '8f4de8691723942fb23c20dc6be3d787', 'status': None, 'description': 'ENTRADA', 'trackerType': '202591c2658eb8db7d1c57e1273cd270', 'from': '678eb27519e5bec839ae31ec9455ea1b', 'to': '6adf97f83acf6453d4a6a4b1070f3754'}, {'createdAt': {'$date': 1690319148000}, 'trackingCode': '8f4de8691723942fb23c20dc6be3d787', 'status': None, 'description': 'TRANSFERENCIA', 'trackerType': '202591c2658eb8db7d1c57e1273cd270', 'from': '678eb27519e5bec839ae31ec9455ea1b', 'to': '6adf97f83acf6453d4a6a4b1070f3754'}, {'createdAt': {'$date': 1690351491000}, 'trackingCode': '8f4de8691723942fb23c20dc6be3d787', 'status': None, 'description': 'TRANSFERENCIA', 'trackerType': '202591c2658eb8db7d1c57e1273cd270', 'from': '678eb27519e5bec839ae31ec9455ea1b', 'to': '6adf97f83acf6453d4a6a4b1070f3754'}, {'createdAt': {'$date': 1690354039000}, 'trackingCode': '8f4de8691723942fb23c20dc6be3d787', 'status': None, 'description': 'TRANSFERENCIA', 'trackerType': '202591c2658eb8db7d1c57e1273cd270', 'from': '678eb27519e5bec839ae31ec9455ea1b', 'to': '6adf97f83acf6453d4a6a4b1070f3754'}, {'createdAt': {'$date': 1690359875000}, 'trackingCode': '8f4de8691723942fb23c20dc6be3d787', 'status': None, 'description': 'TRANSFERIDO PARA UNIDADE', 'trackerType': '202591c2658eb8db7d1c57e1273cd270', 'from': '678eb27519e5bec839ae31ec9455ea1b', 'to': '6adf97f83acf6453d4a6a4b1070f3754'}, {'createdAt': {'$date': 1690365890000}, 'trackingCode': '8f4de8691723942fb23c20dc6be3d787', 'status': None, 'description': 'ENTRADA', 'trackerType': '202591c2658eb8db7d1c57e1273cd270', 'from': 'd87c16b2947b00d201791720e7a2435a', 'to': '6adf97f83acf6453d4a6a4b1070f3754'}, {'createdAt': {'$date': 1690369624000}, 'trackingCode': '8f4de8691723942fb23c20dc6be3d787', 'status': None, 'description': 'EM ROTA', 'trackerType': '202591c2658eb8db7d1c57e1273cd270', 'from': 'd87c16b2947b00d201791720e7a2435a', 'to': '6adf97f83acf6453d4a6a4b1070f3754'}, {'createdAt': {'$date': 1690451985000}, 'trackingCode': '8f4de8691723942fb23c20dc6be3d787', 'status': None, 'description': 'ENTREGUE', 'trackerType': '202591c2658eb8db7d1c57e1273cd270', 'from': 'd87c16b2947b00d201791720e7a2435a', 'to': '6adf97f83acf6453d4a6a4b1070f3754'}]"
U,314b96b615b67d4add5ebfc58e40ca0c,1690283773,1693824982,1693824982,"[{'createdAt': {'$date': 1690278377000}, 'trackingCode': '9c9136c1553f99d3005a43c3cb6cddb2', 'status': '01', 'description': 'Objeto saiu para entrega ao destinatário', 'trackerType': '27bb7dfdbe0de2d482d1c37c3fe5bfe3', 'from': '1d56c3c23fc4f97f4f5021030052fd59', 'to': '6adf97f83acf6453d4a6a4b1070f3754'}, {'createdAt': {'$date': 1690235513000}, 'trackingCode': '9c9136c1553f99d3005a43c3cb6cddb2', 'status': '01', 'description': 'Objeto em trânsito - por favor aguarde', 'trackerType': '27bb7dfdbe0de2d482d1c37c3fe5bfe3', 'from': '468797f5854fc4741e803fd0bcdd4505', 'to': '1d56c3c23fc4f97f4f5021030052fd59'}, {'createdAt': {'$date': 1690195464000}, 'trackingCode': '9c9136c1553f99d3005a43c3cb6cddb2', 'status': '01', 'description': 'Objeto em trânsito - por favor aguarde', 'trackerType': '27bb7dfdbe0de2d482d1c37c3fe5bfe3', 'from': '56282218b8b46ade1c7dce0ec38d63b5', 'to': '468797f5854fc4741e803fd0bcdd4505'}, {'createdAt': {'$date': 1690191098000}, 'trackingCode': '9c9136c1553f99d3005a43c3cb6cddb2', 'status': '01', 'description': 'Objeto postado', 'trackerType': '27bb7dfdbe0de2d482d1c37c3fe5bfe3', 'from': '56282218b8b46ade1c7dce0ec38d63b5', 'to': '6adf97f83acf6453d4a6a4b1070f3754'}, {'createdAt': {'$date': 1690300086000}, 'trackingCode': '9c9136c1553f99d3005a43c3cb6cddb2', 'status': '01', 'description': 'Objeto entregue ao destinatário', 'trackerType': '27bb7dfdbe0de2d482d1c37c3fe5bfe3', 'from': '1d56c3c23fc4f97f4f5021030052fd59', 'to': '6adf97f83acf6453d4a6a4b1070f3754'}]"
U,979f9b0ddba41122c2ef5292f3f4df96,1693299668,1693824982,1693824982,"[{'createdAt': {'$date': 1693242303000}, 'trackingCode': 'b4a6fa3214a37d4f46495faad4570731', 'status': '102', 'description': 'Informação do Envio enviado à Azul Cargo Express (CT-e emitido)\t', 'trackerType': '3b24fa7e14555a1912e5bc2198f8e075', 'from': '3faac877df14f6f359b459a222aa6030', 'to': '6adf97f83acf6453d4a6a4b1070f3754'}, {'createdAt': {'$date': 1693322062000}, 'trackingCode': 'b4a6fa3214a37d4f46495faad4570731', 'status': '104', 'description': 'Deixou a unidade Azul Cargo Express\t', 'trackerType': '3b24fa7e14555a1912e5bc2198f8e075', 'from': '3faac877df14f6f359b459a222aa6030', 'to': '6adf97f83acf6453d4a6a4b1070f3754'}, {'createdAt': {'$date': 1693494173000}, 'trackingCode': 'b4a6fa3214a37d4f46495faad4570731', 'status': '104', 'description': 'Deixou a unidade Azul Cargo Express\t', 'trackerType': '3b24fa7e14555a1912e5bc2198f8e075', 'from': '3faac877df14f6f359b459a222aa6030', 'to': '6adf97f83acf6453d4a6a4b1070f3754'}, {'createdAt': {'$date': 1693516860000}, 'trackingCode': 'b4a6fa3214a37d4f46495faad4570731', 'status': '137', 'description': 'Chegada do voo\t', 'trackerType': '3b24fa7e14555a1912e5bc2198f8e075', 'from': '573117b689761102d4b2e82849b74e0b', 'to': '6adf97f83acf6453d4a6a4b1070f3754'}, {'createdAt': {'$date': 1693558500000}, 'trackingCode': 'b4a6fa3214a37d4f46495faad4570731', 'status': '137', 'description': 'Chegada do voo\t', 'trackerType': '3b24fa7e14555a1912e5bc2198f8e075', 'from': '562d8d0897940216b3de4dc91237e651', 'to': '6adf97f83acf6453d4a6a4b1070f3754'}, {'createdAt': {'$date': 1693594452000}, 'trackingCode': 'b4a6fa3214a37d4f46495faad4570731', 'status': '142', 'description': 'Embarque no veículo para transferência ou em rota para entrega', 'trackerType': '3b24fa7e14555a1912e5bc2198f8e075', 'from': '562d8d0897940216b3de4dc91237e651', 'to': '6adf97f83acf6453d4a6a4b1070f3754'}, {'createdAt': {'$date': 1693594452000}, 'trackingCode': 'b4a6fa3214a37d4f46495faad4570731', 'status': '133', 'description': 'Saida Do Veiculo', 'trackerType': '3b24fa7e14555a1912e5bc2198f8e075', 'from': '562d8d0897940216b3de4dc91237e651', 'to': '6adf97f83acf6453d4a6a4b1070f3754'}, {'createdAt': {'$date': 1693771260000}, 'trackingCode': 'b4a6fa3214a37d4f46495faad4570731', 'status': '136', 'description': 'Chegou na Unidade Azul Cargo Express\t', 'trackerType': '3b24fa7e14555a1912e5bc2198f8e075', 'from': 'cb5e6e481d83cf0d7e66889bf159fe48', 'to': '6adf97f83acf6453d4a6a4b1070f3754'}, {'createdAt': {'$date': 1693781331000}, 'trackingCode': 'b4a6fa3214a37d4f46495faad4570731', 'status': '104', 'description': 'Deixou a unidade Azul Cargo Express\t', 'trackerType': '3b24fa7e14555a1912e5bc2198f8e075', 'from': 'cb5e6e481d83cf0d7e66889bf159fe48', 'to': '6adf97f83acf6453d4a6a4b1070f3754'}, {'createdAt': {'$date': 1693800653000}, 'trackingCode': 'b4a6fa3214a37d4f46495faad4570731', 'status': '133', 'description': 'Saida Do Veiculo', 'trackerType': '3b24fa7e14555a1912e5bc2198f8e075', 'from': 'cb5e6e481d83cf0d7e66889bf159fe48', 'to': '6adf97f83acf6453d4a6a4b1070f3754'}]"
U,1d6212bcba533597355aaf6b4d756ef0,1693510375,1693824982,1693824982,"[{'createdAt': {'$date': 1693500153000}, 'trackingCode': '0ed52f3f7b39640c5fc6eed4fda43649', 'status': None, 'description': 'EMISSAO', 'trackerType': '202591c2658eb8db7d1c57e1273cd270', 'from': 'b2443327b54f6cd4c6fc2fe8cb436ae8', 'to': '6adf97f83acf6453d4a6a4b1070f3754'}, {'createdAt': {'$date': 1693500160000}, 'trackingCode': '0ed52f3f7b39640c5fc6eed4fda43649', 'status': None, 'description': 'TRANSFERENCIA', 'trackerType': '202591c2658eb8db7d1c57e1273cd270', 'from': 'b2443327b54f6cd4c6fc2fe8cb436ae8', 'to': '6adf97f83acf6453d4a6a4b1070f3754'}, {'createdAt': {'$date': 1693546008000}, 'trackingCode': '0ed52f3f7b39640c5fc6eed4fda43649', 'status': None, 'description': 'TRANSFERENCIA', 'trackerType': '202591c2658eb8db7d1c57e1273cd270', 'from': 'b2443327b54f6cd4c6fc2fe8cb436ae8', 'to': '6adf97f83acf6453d4a6a4b1070f3754'}, {'createdAt': {'$date': 1693640919000}, 'trackingCode': '0ed52f3f7b39640c5fc6eed4fda43649', 'status': None, 'description': 'ENTRADA', 'trackerType': '202591c2658eb8db7d1c57e1273cd270', 'from': 'fac929278c0e5ba967802153ba729336', 'to': '6adf97f83acf6453d4a6a4b1070f3754'}, {'createdAt': {'$date': 1693641226000}, 'trackingCode': '0ed52f3f7b39640c5fc6eed4fda43649', 'status': None, 'description': 'ENTRADA', 'trackerType': '202591c2658eb8db7d1c57e1273cd270', 'from': '1d1c443b2c522e1aa7f7a17813a9557e', 'to': '6adf97f83acf6453d4a6a4b1070f3754'}, {'createdAt': {'$date': 1693644211000}, 'trackingCode': '0ed52f3f7b39640c5fc6eed4fda43649', 'status': None, 'description': 'TRANSFERENCIA', 'trackerType': '202591c2658eb8db7d1c57e1273cd270', 'from': '1d1c443b2c522e1aa7f7a17813a9557e', 'to': '6adf97f83acf6453d4a6a4b1070f3754'}, {'createdAt': {'$date': 1693670380000}, 'trackingCode': '0ed52f3f7b39640c5fc6eed4fda43649', 'status': None, 'description': 'TRANSFERENCIA', 'trackerType': '202591c2658eb8db7d1c57e1273cd270', 'from': 'fac929278c0e5ba967802153ba729336', 'to': '6adf97f83acf6453d4a6a4b1070f3754'}, {'createdAt': {'$date': 1693746417000}, 'trackingCode': '0ed52f3f7b39640c5fc6eed4fda43649', 'status': None, 'description': 'PARADO NA FISCALIZACAO', 'trackerType': '202591c2658eb8db7d1c57e1273cd270', 'from': '1887409277b8317cbfc0d44fff59fbfa', 'to': '6adf97f83acf6453d4a6a4b1070f3754'}]"
U,52788a81a3389a109603dd2c64631ad1,1692306425,1693824982,1693824982,"[{'createdAt': {'$date': 1692185932000}, 'trackingCode': '08261bfc6fc9390318d084065b6574ba', 'status': None, 'description': 'EMISSAO', 'trackerType': '202591c2658eb8db7d1c57e1273cd270', 'from': '8ad33d8455bc40426f52c32c448064fe', 'to': '6adf97f83acf6453d4a6a4b1070f3754'}, {'createdAt': {'$date': 1692279507000}, 'trackingCode': '08261bfc6fc9390318d084065b6574ba', 'status': None, 'description': 'TRANSFERENCIA', 'trackerType': '202591c2658eb8db7d1c57e1273cd270', 'from': '8ad33d8455bc40426f52c32c448064fe', 'to': '6adf97f83acf6453d4a6a4b1070f3754'}, {'createdAt': {'$date': 1692286049000}, 'trackingCode': '08261bfc6fc9390318d084065b6574ba', 'status': None, 'description': 'ENTRADA', 'trackerType': '202591c2658eb8db7d1c57e1273cd270', 'from': 'fac929278c0e5ba967802153ba729336', 'to': '6adf97f83acf6453d4a6a4b1070f3754'}, {'createdAt': {'$date': 1692287899000}, 'trackingCode': '08261bfc6fc9390318d084065b6574ba', 'status': None, 'description': 'TRANSFERENCIA', 'trackerType': '202591c2658eb8db7d1c57e1273cd270', 'from': 'e81f9b321e898f638477f1f13bf81c38', 'to': '6adf97f83acf6453d4a6a4b1070f3754'}, {'createdAt': {'$date': 1692310520000}, 'trackingCode': '08261bfc6fc9390318d084065b6574ba', 'status': None, 'description': 'TRANSFERENCIA', 'trackerType': '202591c2658eb8db7d1c57e1273cd270', 'from': 'fac929278c0e5ba967802153ba729336', 'to': '6adf97f83acf6453d4a6a4b1070f3754'}, {'createdAt': {'$date': 1692310677000}, 'trackingCode': '08261bfc6fc9390318d084065b6574ba', 'status': None, 'description': 'TRANSFERENCIA', 'trackerType': '202591c2658eb8db7d1c57e1273cd270', 'from': 'fac929278c0e5ba967802153ba729336', 'to': '6adf97f83acf6453d4a6a4b1070f3754'}, {'createdAt': {'$date': 1692311852000}, 'trackingCode': '08261bfc6fc9390318d084065b6574ba', 'status': None, 'description': 'TRANSFERENCIA', 'trackerType': '202591c2658eb8db7d1c57e1273cd270', 'from': 'fac929278c0e5ba967802153ba729336', 'to': '6adf97f83acf6453d4a6a4b1070f3754'}, {'createdAt': {'$date': 1692687931000}, 'trackingCode': '08261bfc6fc9390318d084065b6574ba', 'status': None, 'description': 'PARADO NA FISCALIZACAO', 'trackerType': '202591c2658eb8db7d1c57e1273cd270', 'from': 'bb06c77b0bda796758fb2d30ec897c06', 'to': '6adf97f83acf6453d4a6a4b1070f3754'}, {'createdAt': {'$date': 1692791320000}, 'trackingCode': '08261bfc6fc9390318d084065b6574ba', 'status': None, 'description': 'ENTRADA', 'trackerType': '202591c2658eb8db7d1c57e1273cd270', 'from': '787089cd49257b48ac9129805307a621', 'to': '6adf97f83acf6453d4a6a4b1070f3754'}, {'createdAt': {'$date': 1692798166000}, 'trackingCode': '08261bfc6fc9390318d084065b6574ba', 'status': None, 'description': 'EM ROTA', 'trackerType': '202591c2658eb8db7d1c57e1273cd270', 'from': '787089cd49257b48ac9129805307a621', 'to': '6adf97f83acf6453d4a6a4b1070f3754'}, {'createdAt': {'$date': 1692863332000}, 'trackingCode': '08261bfc6fc9390318d084065b6574ba', 'status': None, 'description': 'ENTREGUE', 'trackerType': '202591c2658eb8db7d1c57e1273cd270', 'from': '787089cd49257b48ac9129805307a621', 'to': '6adf97f83acf6453d4a6a4b1070f3754'}]"
U,2a01439d1dd828106abf11227389669d,1689746916,1693824982,1693824982,"[{'createdAt': {'$date': 1689736440000}, 'trackingCode': 'ebd6cfe599c66c65ffe43f013917f5d7', 'status': '1', 'description': None, 'trackerType': '2e7165ceb19f183e695ce49285a4c228', 'from': '07ee3bad02858e40446b99e9bc7bc60b', 'to': 'f48674ada942f6f2964cf618c7bab2e4'}, {'createdAt': {'$date': 1689736440000}, 'trackingCode': 'ebd6cfe599c66c65ffe43f013917f5d7', 'status': '2', 'description': None, 'trackerType': '2e7165ceb19f183e695ce49285a4c228', 'from': '07ee3bad02858e40446b99e9bc7bc60b', 'to': '6adf97f83acf6453d4a6a4b1070f3754'}, {'createdAt': {'$date': 1689736440000}, 'trackingCode': 'ebd6cfe599c66c65ffe43f013917f5d7', 'status': '11', 'description': None, 'trackerType': '2e7165ceb19f183e695ce49285a4c228', 'from': '07ee3bad02858e40446b99e9bc7bc60b', 'to': 'f48674ada942f6f2964cf618c7bab2e4'}, {'createdAt': {'$date': 1689825660000}, 'trackingCode': 'ebd6cfe599c66c65ffe43f013917f5d7', 'status': '3', 'description': None, 'trackerType': '2e7165ceb19f183e695ce49285a4c228', 'from': '07ee3bad02858e40446b99e9bc7bc60b', 'to': 'f48674ada942f6f2964cf618c7bab2e4'}, {'createdAt': {'$date': 1689832320000}, 'trackingCode': 'ebd6cfe599c66c65ffe43f013917f5d7', 'status': '3', 'description': None, 'trackerType': '2e7165ceb19f183e695ce49285a4c228', 'from': '07ee3bad02858e40446b99e9bc7bc60b', 'to': 'f48674ada942f6f2964cf618c7bab2e4'}, {'createdAt': {'$date': 1689836520000}, 'trackingCode': 'ebd6cfe599c66c65ffe43f013917f5d7', 'status': '7', 'description': None, 'trackerType': '2e7165ceb19f183e695ce49285a4c228', 'from': '40a8712b29ac76182ed0c4f632b7d543', 'to': 'f48674ada942f6f2964cf618c7bab2e4'}, {'createdAt': {'$date': 1689839160000}, 'trackingCode': 'ebd6cfe599c66c65ffe43f013917f5d7', 'status': '6', 'description': None, 'trackerType': '2e7165ceb19f183e695ce49285a4c228', 'from': '40a8712b29ac76182ed0c4f632b7d543', 'to': 'f48674ada942f6f2964cf618c7bab2e4'}, {'createdAt': {'$date': 1689953940000}, 'trackingCode': 'ebd6cfe599c66c65ffe43f013917f5d7', 'status': '9', 'description': None, 'trackerType': '2e7165ceb19f183e695ce49285a4c228', 'from': 'f48674ada942f6f2964cf618c7bab2e4', 'to': '6adf97f83acf6453d4a6a4b1070f3754'}, {'createdAt': {'$date': 1689953940000}, 'trackingCode': 'ebd6cfe599c66c65ffe43f013917f5d7', 'status': '9', 'description': None, 'trackerType': '2e7165ceb19f183e695ce49285a4c228', 'from': 'f48674ada942f6f2964cf618c7bab2e4', 'to': '6adf97f83acf6453d4a6a4b1070f3754'}]"
U,ff728e88400bd731660cca934d5746ed,1692824621,1693824982,1693824982,"[{'createdAt': {'$date': 1692796098000}, 'trackingCode': '5f3c6baaf8d56932ac271868bf119d81', 'status': '01', 'description': 'Objeto em trânsito - por favor aguarde', 'trackerType': '27bb7dfdbe0de2d482d1c37c3fe5bfe3', 'from': 'e0e884b320d7340e331862ed6772b798', 'to': '0a60361c7944903633b454a8dd0529a3'}, {'createdAt': {'$date': 1692692593000}, 'trackingCode': '5f3c6baaf8d56932ac271868bf119d81', 'status': '01', 'description': 'Objeto em trânsito - por favor aguarde', 'trackerType': '27bb7dfdbe0de2d482d1c37c3fe5bfe3', 'from': '44d02c36e6691bb8faacd16784348114', 'to': 'e0e884b320d7340e331862ed6772b798'}, {'createdAt': {'$date': 1692692592000}, 'trackingCode': '5f3c6baaf8d56932ac271868bf119d81', 'status': '10', 'description': 'Fiscalização aduaneira finalizada', 'trackerType': '27bb7dfdbe0de2d482d1c37c3fe5bfe3', 'from': '44d02c36e6691bb8faacd16784348114', 'to': '6adf97f83acf6453d4a6a4b1070f3754'}, {'createdAt': {'$date': 1692597866000}, 'trackingCode': '5f3c6baaf8d56932ac271868bf119d81', 'status': '16', 'description': 'Objeto recebido pelos Correios do Brasil', 'trackerType': '27bb7dfdbe0de2d482d1c37c3fe5bfe3', 'from': '44d02c36e6691bb8faacd16784348114', 'to': '6adf97f83acf6453d4a6a4b1070f3754'}, {'createdAt': {'$date': 1692074314000}, 'trackingCode': '5f3c6baaf8d56932ac271868bf119d81', 'status': '01', 'description': 'Objeto postado', 'trackerType': '27bb7dfdbe0de2d482d1c37c3fe5bfe3', 'from': 'f0aa1982f61314b9aab258c2f110ebab', 'to': '6adf97f83acf6453d4a6a4b1070f3754'}, {'createdAt': {'$date': 1692871177000}, 'trackingCode': '5f3c6baaf8d56932ac271868bf119d81', 'status': '01', 'description': 'Objeto saiu para entrega ao destinatário', 'trackerType': '27bb7dfdbe0de2d482d1c37c3fe5bfe3', 'from': '0a60361c7944903633b454a8dd0529a3', 'to': '6adf97f83acf6453d4a6a4b1070f3754'}, {'createdAt': {'$date': 1692883635000}, 'trackingCode': '5f3c6baaf8d56932ac271868bf119d81', 'status': '01', 'description': 'Objeto entregue ao destinatário', 'trackerType': '27bb7dfdbe0de2d482d1c37c3fe5bfe3', 'from': '0a60361c7944903633b454a8dd0529a3', 'to': '6adf97f83acf6453d4a6a4b1070f3754'}]"
U,d164550ef243d5d368ee7afb0e84d6be,1692122632,1693824982,1693824982,"[{'createdAt': {'$date': 1692118741000}, 'trackingCode': '736b4cc1499ea90a07a2330f4bcc58db', 'status': None, 'description': 'EMISSAO', 'trackerType': '202591c2658eb8db7d1c57e1273cd270', 'from': '856a0f7e3cc2e0950cddd48974c76adc', 'to': '6adf97f83acf6453d4a6a4b1070f3754'}, {'createdAt': {'$date': 1692119667000}, 'trackingCode': '736b4cc1499ea90a07a2330f4bcc58db', 'status': None, 'description': 'TRANSFERENCIA', 'trackerType': '202591c2658eb8db7d1c57e1273cd270', 'from': '856a0f7e3cc2e0950cddd48974c76adc', 'to': '6adf97f83acf6453d4a6a4b1070f3754'}, {'createdAt': {'$date': 1692130173000}, 'trackingCode': '736b4cc1499ea90a07a2330f4bcc58db', 'status': None, 'description': 'ENTRADA', 'trackerType': '202591c2658eb8db7d1c57e1273cd270', 'from': '971e249ca4af90aa0b044735d8fdd59e', 'to': '6adf97f83acf6453d4a6a4b1070f3754'}, {'createdAt': {'$date': 1692131653000}, 'trackingCode': '736b4cc1499ea90a07a2330f4bcc58db', 'status': None, 'description': 'TRANSFERENCIA', 'trackerType': '202591c2658eb8db7d1c57e1273cd270', 'from': '971e249ca4af90aa0b044735d8fdd59e', 'to': '6adf97f83acf6453d4a6a4b1070f3754'}, {'createdAt': {'$date': 1692136044000}, 'trackingCode': '736b4cc1499ea90a07a2330f4bcc58db', 'status': None, 'description': 'TRANSFERENCIA', 'trackerType': '202591c2658eb8db7d1c57e1273cd270', 'from': '971e249ca4af90aa0b044735d8fdd59e', 'to': '6adf97f83acf6453d4a6a4b1070f3754'}, {'createdAt': {'$date': 1692168086000}, 'trackingCode': '736b4cc1499ea90a07a2330f4bcc58db', 'status': None, 'description': 'TRANSFERENCIA', 'trackerType': '202591c2658eb8db7d1c57e1273cd270', 'from': '678eb27519e5bec839ae31ec9455ea1b', 'to': '6adf97f83acf6453d4a6a4b1070f3754'}, {'createdAt': {'$date': 1692229188000}, 'trackingCode': '736b4cc1499ea90a07a2330f4bcc58db', 'status': None, 'description': 'TRANSFERIDO PARA UNIDADE', 'trackerType': '202591c2658eb8db7d1c57e1273cd270', 'from': '971e249ca4af90aa0b044735d8fdd59e', 'to': '6adf97f83acf6453d4a6a4b1070f3754'}, {'createdAt': {'$date': 1692335145000}, 'trackingCode': '736b4cc1499ea90a07a2330f4bcc58db', 'status': None, 'description': 'ENTRADA', 'trackerType': '202591c2658eb8db7d1c57e1273cd270', 'from': 'fac929278c0e5ba967802153ba729336', 'to': '6adf97f83acf6453d4a6a4b1070f3754'}, {'createdAt': {'$date': 1692389522000}, 'trackingCode': '736b4cc1499ea90a07a2330f4bcc58db', 'status': None, 'description': 'TRANSFERENCIA', 'trackerType': '202591c2658eb8db7d1c57e1273cd270', 'from': 'e81f9b321e898f638477f1f13bf81c38', 'to': '6adf97f83acf6453d4a6a4b1070f3754'}, {'createdAt': {'$date': 1692591690000}, 'trackingCode': '736b4cc1499ea90a07a2330f4bcc58db', 'status': None, 'description': 'TRANSFERENCIA', 'trackerType': '202591c2658eb8db7d1c57e1273cd270', 'from': 'fac929278c0e5ba967802153ba729336', 'to': '6adf97f83acf6453d4a6a4b1070f3754'}, {'createdAt': {'$date': 1692610457000}, 'trackingCode': '736b4cc1499ea90a07a2330f4bcc58db', 'status': None, 'description': 'TRANSFERIDO PARA UNIDADE', 'trackerType': '202591c2658eb8db7d1c57e1273cd270', 'from': 'bb06c77b0bda796758fb2d30ec897c06', 'to': '6adf97f83acf6453d4a6a4b1070f3754'}, {'createdAt': {'$date': 1692618380000}, 'trackingCode': '736b4cc1499ea90a07a2330f4bcc58db', 'status': None, 'description': 'ENTRADA', 'trackerType': '202591c2658eb8db7d1c57e1273cd270', 'from': '7c8dccdb36bc9ae2d8975ea8238b3864', 'to': '6adf97f83acf6453d4a6a4b1070f3754'}, {'createdAt': {'$date': 1692618395000}, 'trackingCode': '736b4cc1499ea90a07a2330f4bcc58db', 'status': None, 'description': 'EM ROTA', 'trackerType': '202591c2658eb8db7d1c57e1273cd270', 'from': '7c8dccdb36bc9ae2d8975ea8238b3864', 'to': '6adf97f83acf6453d4a6a4b1070f3754'}, {'createdAt': {'$date': 1692642396000}, 'trackingCode': '736b4cc1499ea90a07a2330f4bcc58db', 'status': None, 'description': 'ENTREGUE', 'trackerType': '202591c2658eb8db7d1c57e1273cd270', 'from': '7c8dccdb36bc9ae2d8975ea8238b3864', 'to': '6adf97f83acf6453d4a6a4b1070f3754'}]"
U,b320a02503e7b3eb05fe4d5efb2f2c31,1690363652,1693824982,1693824982,"[{'createdAt': {'$date': 1690311243000}, 'trackingCode': 'ad4b2a8d2df163189f848956902ef126', 'status': None, 'description': 'EMISSAO', 'trackerType': '202591c2658eb8db7d1c57e1273cd270', 'from': '13fb1862e4295782ee22522f9456106b', 'to': '6adf97f83acf6453d4a6a4b1070f3754'}, {'createdAt': {'$date': 1690314327000}, 'trackingCode': 'ad4b2a8d2df163189f848956902ef126', 'status': None, 'description': 'TRANSFERENCIA', 'trackerType': '202591c2658eb8db7d1c57e1273cd270', 'from': '13fb1862e4295782ee22522f9456106b', 'to': '6adf97f83acf6453d4a6a4b1070f3754'}, {'createdAt': {'$date': 1690330659000}, 'trackingCode': 'ad4b2a8d2df163189f848956902ef126', 'status': None, 'description': 'ENTRADA', 'trackerType': '202591c2658eb8db7d1c57e1273cd270', 'from': 'fac929278c0e5ba967802153ba729336', 'to': '6adf97f83acf6453d4a6a4b1070f3754'}, {'createdAt': {'$date': 1690348918000}, 'trackingCode': 'ad4b2a8d2df163189f848956902ef126', 'status': None, 'description': 'TRANSFERENCIA', 'trackerType': '202591c2658eb8db7d1c57e1273cd270', 'from': '866813c9a5f756fd2d824c2b492e80c6', 'to': '6adf97f83acf6453d4a6a4b1070f3754'}, {'createdAt': {'$date': 1690406635000}, 'trackingCode': 'ad4b2a8d2df163189f848956902ef126', 'status': None, 'description': 'TRANSFERENCIA', 'trackerType': '202591c2658eb8db7d1c57e1273cd270', 'from': 'fac929278c0e5ba967802153ba729336', 'to': '6adf97f83acf6453d4a6a4b1070f3754'}, {'createdAt': {'$date': 1690454209000}, 'trackingCode': 'ad4b2a8d2df163189f848956902ef126', 'status': None, 'description': 'EM ROTA', 'trackerType': '202591c2658eb8db7d1c57e1273cd270', 'from': '7dc5f26980fc638bdc8e6044a066af87', 'to': '6adf97f83acf6453d4a6a4b1070f3754'}, {'createdAt': {'$date': 1690472842000}, 'trackingCode': 'ad4b2a8d2df163189f848956902ef126', 'status': None, 'description': 'ENTREGUE', 'trackerType': '202591c2658eb8db7d1c57e1273cd270', 'from': '7dc5f26980fc638bdc8e6044a066af87', 'to': '6adf97f83acf6453d4a6a4b1070f3754'}]"
U,7a94133ba65483133731bf1ce516c633,1690146852,1693824982,1693824982,"[{'createdAt': {'$date': 1689962079000}, 'trackingCode': '5ca2b471775b1533945cb2b07fc49fe5', 'status': None, 'description': 'EMISSAO', 'trackerType': '202591c2658eb8db7d1c57e1273cd270', 'from': 'f8e0625d9d4d0d0c06caf82fa5482847', 'to': '6adf97f83acf6453d4a6a4b1070f3754'}, {'createdAt': {'$date': 1690012337000}, 'trackingCode': '5ca2b471775b1533945cb2b07fc49fe5', 'status': None, 'description': 'TRANSFERENCIA', 'trackerType': '202591c2658eb8db7d1c57e1273cd270', 'from': 'f8e0625d9d4d0d0c06caf82fa5482847', 'to': '6adf97f83acf6453d4a6a4b1070f3754'}, {'createdAt': {'$date': 1690022891000}, 'trackingCode': '5ca2b471775b1533945cb2b07fc49fe5', 'status': None, 'description': 'ENTRADA', 'trackerType': '202591c2658eb8db7d1c57e1273cd270', 'from': 'cea42657b7208972625c9fa072925406', 'to': '6adf97f83acf6453d4a6a4b1070f3754'}, {'createdAt': {'$date': 1690022982000}, 'trackingCode': '5ca2b471775b1533945cb2b07fc49fe5', 'status': None, 'description': 'TRANSFERENCIA', 'trackerType': '202591c2658eb8db7d1c57e1273cd270', 'from': 'cea42657b7208972625c9fa072925406', 'to': '6adf97f83acf6453d4a6a4b1070f3754'}, {'createdAt': {'$date': 1690164734000}, 'trackingCode': '5ca2b471775b1533945cb2b07fc49fe5', 'status': None, 'description': 'ENTRADA', 'trackerType': '202591c2658eb8db7d1c57e1273cd270', 'from': '089607e1466a53ee58164c9974d00976', 'to': '6adf97f83acf6453d4a6a4b1070f3754'}, {'createdAt': {'$date': 1690166098000}, 'trackingCode': '5ca2b471775b1533945cb2b07fc49fe5', 'status': None, 'description': 'TRANSFERENCIA', 'trackerType': '202591c2658eb8db7d1c57e1273cd270', 'from': '089607e1466a53ee58164c9974d00976', 'to': '6adf97f83acf6453d4a6a4b1070f3754'}, {'createdAt': {'$date': 1690166677000}, 'trackingCode': '5ca2b471775b1533945cb2b07fc49fe5', 'status': None, 'description': 'TRANSFERENCIA', 'trackerType': '202591c2658eb8db7d1c57e1273cd270', 'from': 'e81f9b321e898f638477f1f13bf81c38', 'to': '6adf97f83acf6453d4a6a4b1070f3754'}, {'createdAt': {'$date': 1690192336000}, 'trackingCode': '5ca2b471775b1533945cb2b07fc49fe5', 'status': None, 'description': 'ENTRADA', 'trackerType': '202591c2658eb8db7d1c57e1273cd270', 'from': 'c021258317e90e0cdbdf5bad6d6fca3f', 'to': '6adf97f83acf6453d4a6a4b1070f3754'}, {'createdAt': {'$date': 1690192854000}, 'trackingCode': '5ca2b471775b1533945cb2b07fc49fe5', 'status': None, 'description': 'EM ROTA', 'trackerType': '202591c2658eb8db7d1c57e1273cd270', 'from': 'c021258317e90e0cdbdf5bad6d6fca3f', 'to': '6adf97f83acf6453d4a6a4b1070f3754'}, {'createdAt': {'$date': 1690197594000}, 'trackingCode': '5ca2b471775b1533945cb2b07fc49fe5', 'status': None, 'description': 'ENTREGUE', 'trackerType': '202591c2658eb8db7d1c57e1273cd270', 'from': 'c021258317e90e0cdbdf5bad6d6fca3f', 'to': '6adf97f83acf6453d4a6a4b1070f3754'}]"
U,244ed049a679192a11f14fc5d097464e,1692379771,1693824982,1693824982,"[{'createdAt': {'$date': 1692388927000}, 'trackingCode': '8e4ff64815ef548921a6036c36b22c46', 'status': '13', 'description': 'O pacote foi confirmado em uma base da Loggi e vai ser preparado para transferência.', 'trackerType': 'a302942c7f755f858bd9a6c0c6be98fb', 'from': 'a0a65c186d82bc2b220c899f91efd023', 'to': '6adf97f83acf6453d4a6a4b1070f3754'}, {'createdAt': {'$date': 1692383744000}, 'trackingCode': '8e4ff64815ef548921a6036c36b22c46', 'status': '1', 'description': 'A etiqueta de envio já foi criada e o pacote está pronto para a coleta.', 'trackerType': 'a302942c7f755f858bd9a6c0c6be98fb', 'from': 'a0a65c186d82bc2b220c899f91efd023', 'to': '6adf97f83acf6453d4a6a4b1070f3754'}, {'createdAt': {'$date': 1692435085000}, 'trackingCode': '8e4ff64815ef548921a6036c36b22c46', 'status': '16', 'description': 'O pacote está em transferência de uma base para outra.', 'trackerType': 'a302942c7f755f858bd9a6c0c6be98fb', 'from': '6adf97f83acf6453d4a6a4b1070f3754', 'to': '6adf97f83acf6453d4a6a4b1070f3754'}, {'createdAt': {'$date': 1692434846000}, 'trackingCode': '8e4ff64815ef548921a6036c36b22c46', 'status': '3', 'description': 'O pacote está em uma base e, em breve, vai estar em transferência.', 'trackerType': 'a302942c7f755f858bd9a6c0c6be98fb', 'from': '6adf97f83acf6453d4a6a4b1070f3754', 'to': '6adf97f83acf6453d4a6a4b1070f3754'}, {'createdAt': {'$date': 1692455341000}, 'trackingCode': '8e4ff64815ef548921a6036c36b22c46', 'status': '17', 'description': 'Tudo certo, o pacote está em uma base da Loggi.', 'trackerType': 'a302942c7f755f858bd9a6c0c6be98fb', 'from': '6adf97f83acf6453d4a6a4b1070f3754', 'to': '6adf97f83acf6453d4a6a4b1070f3754'}, {'createdAt': {'$date': 1692434844000}, 'trackingCode': '8e4ff64815ef548921a6036c36b22c46', 'status': '3', 'description': 'O pacote está em uma base e, em breve, vai estar em transferência.', 'trackerType': 'a302942c7f755f858bd9a6c0c6be98fb', 'from': '9a5f1b924065b578493527753059860d', 'to': '6adf97f83acf6453d4a6a4b1070f3754'}, {'createdAt': {'$date': 1692491604000}, 'trackingCode': '8e4ff64815ef548921a6036c36b22c46', 'status': '3', 'description': 'O pacote está em uma base e, em breve, vai estar em transferência.', 'trackerType': 'a302942c7f755f858bd9a6c0c6be98fb', 'from': '6adf97f83acf6453d4a6a4b1070f3754', 'to': '6adf97f83acf6453d4a6a4b1070f3754'}, {'createdAt': {'$date': 1692504949000}, 'trackingCode': '8e4ff64815ef548921a6036c36b22c46', 'status': '16', 'description': 'O pacote está em transferência de uma base para outra.', 'trackerType': 'a302942c7f755f858bd9a6c0c6be98fb', 'from': '6adf97f83acf6453d4a6a4b1070f3754', 'to': '6adf97f83acf6453d4a6a4b1070f3754'}, {'createdAt': {'$date': 1692491606000}, 'trackingCode': '8e4ff64815ef548921a6036c36b22c46', 'status': '3', 'description': 'O pacote está em uma base e, em breve, vai estar em transferência.', 'trackerType': 'a302942c7f755f858bd9a6c0c6be98fb', 'from': '6adf97f83acf6453d4a6a4b1070f3754', 'to': '6adf97f83acf6453d4a6a4b1070f3754'}, {'createdAt': {'$date': 1692574541000}, 'trackingCode': '8e4ff64815ef548921a6036c36b22c46', 'status': '15', 'description': 'O pacote já teve suas dimensões conferidas.', 'trackerType': 'a302942c7f755f858bd9a6c0c6be98fb', 'from': '78a32fcc48731cfdbb11966d312f5f4f', 'to': '6adf97f83acf6453d4a6a4b1070f3754'}, {'createdAt': {'$date': 1692595758000}, 'trackingCode': '8e4ff64815ef548921a6036c36b22c46', 'status': '16', 'description': 'O pacote está em transferência de uma base para outra.', 'trackerType': 'a302942c7f755f858bd9a6c0c6be98fb', 'from': '6adf97f83acf6453d4a6a4b1070f3754', 'to': '6adf97f83acf6453d4a6a4b1070f3754'}, {'createdAt': {'$date': 1692595701000}, 'trackingCode': '8e4ff64815ef548921a6036c36b22c46', 'status': '3', 'description': 'O pacote está em uma base e, em breve, vai estar em transferência.', 'trackerType': 'a302942c7f755f858bd9a6c0c6be98fb', 'from': '6adf97f83acf6453d4a6a4b1070f3754', 'to': '6adf97f83acf6453d4a6a4b1070f3754'}, {'createdAt': {'$date': 1692602309000}, 'trackingCode': '8e4ff64815ef548921a6036c36b22c46', 'status': '17', 'description': 'Tudo certo, o pacote está em uma base da Loggi.', 'trackerType': 'a302942c7f755f858bd9a6c0c6be98fb', 'from': '8564170b9698d5664230a07af53a8d2b', 'to': '6adf97f83acf6453d4a6a4b1070f3754'}, {'createdAt': {'$date': 1692617617000}, 'trackingCode': '8e4ff64815ef548921a6036c36b22c46', 'status': '11', 'description': 'O pacote está a caminho.', 'trackerType': 'a302942c7f755f858bd9a6c0c6be98fb', 'from': '6adf97f83acf6453d4a6a4b1070f3754', 'to': '6adf97f83acf6453d4a6a4b1070f3754'}, {'createdAt': {'$date': 1692628491000}, 'trackingCode': '8e4ff64815ef548921a6036c36b22c46', 'status': '5', 'description': 'O pacote chegou ao destino final.', 'trackerType': 'a302942c7f755f858bd9a6c0c6be98fb', 'from': '6adf97f83acf6453d4a6a4b1070f3754', 'to': '6adf97f83acf6453d4a6a4b1070f3754'}]"
U,1a5675a4547bb821a15c97c6186e000d,1690546773,1693824982,1693824982,"[{'createdAt': {'$date': 1690543594000}, 'trackingCode': '66aa0e00cb483cea8605ba8c638dcdd4', 'status': None, 'description': 'EMISSAO', 'trackerType': '202591c2658eb8db7d1c57e1273cd270', 'from': '8e12e4acd14f9bdce8813e939601bce0', 'to': '6adf97f83acf6453d4a6a4b1070f3754'}, {'createdAt': {'$date': 1690545547000}, 'trackingCode': '66aa0e00cb483cea8605ba8c638dcdd4', 'status': None, 'description': 'TRANSFERENCIA', 'trackerType': '202591c2658eb8db7d1c57e1273cd270', 'from': '8e12e4acd14f9bdce8813e939601bce0', 'to': '6adf97f83acf6453d4a6a4b1070f3754'}, {'createdAt': {'$date': 1690616682000}, 'trackingCode': '66aa0e00cb483cea8605ba8c638dcdd4', 'status': None, 'description': 'TRANSFERENCIA', 'trackerType': '202591c2658eb8db7d1c57e1273cd270', 'from': '8e12e4acd14f9bdce8813e939601bce0', 'to': '6adf97f83acf6453d4a6a4b1070f3754'}, {'createdAt': {'$date': 1690698980000}, 'trackingCode': '66aa0e00cb483cea8605ba8c638dcdd4', 'status': None, 'description': 'NAO ENTROU NA UNIDADE', 'trackerType': '202591c2658eb8db7d1c57e1273cd270', 'from': '465ed0749c8c28723e9281743c48be53', 'to': '6adf97f83acf6453d4a6a4b1070f3754'}, {'createdAt': {'$date': 1690713087000}, 'trackingCode': '66aa0e00cb483cea8605ba8c638dcdd4', 'status': None, 'description': 'ENTRADA', 'trackerType': '202591c2658eb8db7d1c57e1273cd270', 'from': '465ed0749c8c28723e9281743c48be53', 'to': '6adf97f83acf6453d4a6a4b1070f3754'}, {'createdAt': {'$date': 1690713105000}, 'trackingCode': '66aa0e00cb483cea8605ba8c638dcdd4', 'status': None, 'description': 'TRANSFERENCIA', 'trackerType': '202591c2658eb8db7d1c57e1273cd270', 'from': '465ed0749c8c28723e9281743c48be53', 'to': '6adf97f83acf6453d4a6a4b1070f3754'}, {'createdAt': {'$date': 1690714032000}, 'trackingCode': '66aa0e00cb483cea8605ba8c638dcdd4', 'status': None, 'description': 'TRANSFERENCIA', 'trackerType': '202591c2658eb8db7d1c57e1273cd270', 'from': '465ed0749c8c28723e9281743c48be53', 'to': '6adf97f83acf6453d4a6a4b1070f3754'}, {'createdAt': {'$date': 1690859725000}, 'trackingCode': '66aa0e00cb483cea8605ba8c638dcdd4', 'status': None, 'description': 'TRANSFERENCIA', 'trackerType': '202591c2658eb8db7d1c57e1273cd270', 'from': '465ed0749c8c28723e9281743c48be53', 'to': '6adf97f83acf6453d4a6a4b1070f3754'}, {'createdAt': {'$date': 1690995436000}, 'trackingCode': '66aa0e00cb483cea8605ba8c638dcdd4', 'status': None, 'description': 'ENTRADA', 'trackerType': '202591c2658eb8db7d1c57e1273cd270', 'from': 'fac929278c0e5ba967802153ba729336', 'to': '6adf97f83acf6453d4a6a4b1070f3754'}, {'createdAt': {'$date': 1691005124000}, 'trackingCode': '66aa0e00cb483cea8605ba8c638dcdd4', 'status': None, 'description': 'TRANSFERENCIA', 'trackerType': '202591c2658eb8db7d1c57e1273cd270', 'from': 'fac929278c0e5ba967802153ba729336', 'to': '6adf97f83acf6453d4a6a4b1070f3754'}, {'createdAt': {'$date': 1691038505000}, 'trackingCode': '66aa0e00cb483cea8605ba8c638dcdd4', 'status': None, 'description': 'TRANSFERENCIA', 'trackerType': '202591c2658eb8db7d1c57e1273cd270', 'from': 'fac929278c0e5ba967802153ba729336', 'to': '6adf97f83acf6453d4a6a4b1070f3754'}, {'createdAt': {'$date': 1691047176000}, 'trackingCode': '66aa0e00cb483cea8605ba8c638dcdd4', 'status': None, 'description': 'TRANSFERIDO PARA UNIDADE', 'trackerType': '202591c2658eb8db7d1c57e1273cd270', 'from': 'bb06c77b0bda796758fb2d30ec897c06', 'to': '6adf97f83acf6453d4a6a4b1070f3754'}, {'createdAt': {'$date': 1691059177000}, 'trackingCode': '66aa0e00cb483cea8605ba8c638dcdd4', 'status': None, 'description': 'NAO ENTROU NA UNIDADE', 'trackerType': '202591c2658eb8db7d1c57e1273cd270', 'from': '98c0993152d38702b888de020c2c987c', 'to': '6adf97f83acf6453d4a6a4b1070f3754'}, {'createdAt': {'$date': 1691140370000}, 'trackingCode': '66aa0e00cb483cea8605ba8c638dcdd4', 'status': None, 'description': 'EM ROTA', 'trackerType': '202591c2658eb8db7d1c57e1273cd270', 'from': '98c0993152d38702b888de020c2c987c', 'to': '6adf97f83acf6453d4a6a4b1070f3754'}, {'createdAt': {'$date': 1691140412000}, 'trackingCode': '66aa0e00cb483cea8605ba8c638dcdd4', 'status': None, 'description': 'EM ROTA', 'trackerType': '202591c2658eb8db7d1c57e1273cd270', 'from': '98c0993152d38702b888de020c2c987c', 'to': '6adf97f83acf6453d4a6a4b1070f3754'}, {'createdAt': {'$date': 1691169243000}, 'trackingCode': '66aa0e00cb483cea8605ba8c638dcdd4', 'status': None, 'description': 'ENTREGUE', 'trackerType': '202591c2658eb8db7d1c57e1273cd270', 'from': '98c0993152d38702b888de020c2c987c', 'to': '6adf97f83acf6453d4a6a4b1070f3754'}]"
U,ceb842db162b2545f347bd468dc2a9ae,1692125688,1693824982,1693824982,"[{'createdAt': {'$date': 1692122582000}, 'trackingCode': '6d0a7457d3b3d921fc9bf14494d9560f', 'status': '14', 'description': 'Em Transferência', 'trackerType': '560eb3b8655c97fabfc9af244772eeed', 'from': '712fb32f0a7840b0e546d834f1b0e250', 'to': '6adf97f83acf6453d4a6a4b1070f3754'}, {'createdAt': {'$date': 1692118457000}, 'trackingCode': '6d0a7457d3b3d921fc9bf14494d9560f', 'status': '34', 'description': 'CT-e autorizado', 'trackerType': '560eb3b8655c97fabfc9af244772eeed', 'from': '712fb32f0a7840b0e546d834f1b0e250', 'to': '6adf97f83acf6453d4a6a4b1070f3754'}, {'createdAt': {'$date': 1692118205000}, 'trackingCode': '6d0a7457d3b3d921fc9bf14494d9560f', 'status': '2', 'description': 'Recebido pela transportadora', 'trackerType': '560eb3b8655c97fabfc9af244772eeed', 'from': '712fb32f0a7840b0e546d834f1b0e250', 'to': '6adf97f83acf6453d4a6a4b1070f3754'}, {'createdAt': {'$date': 1692109387000}, 'trackingCode': '6d0a7457d3b3d921fc9bf14494d9560f', 'status': '1', 'description': 'Arquivo Recebido', 'trackerType': '560eb3b8655c97fabfc9af244772eeed', 'from': '00b3b4cf5963f6f90fec5ede31857e76', 'to': '6adf97f83acf6453d4a6a4b1070f3754'}, {'createdAt': {'$date': 1692145121000}, 'trackingCode': '6d0a7457d3b3d921fc9bf14494d9560f', 'status': '15', 'description': 'Transferido', 'trackerType': '560eb3b8655c97fabfc9af244772eeed', 'from': '4a69ea185baf893855e089c6bc074483', 'to': '6adf97f83acf6453d4a6a4b1070f3754'}, {'createdAt': {'$date': 1692165071000}, 'trackingCode': '6d0a7457d3b3d921fc9bf14494d9560f', 'status': '14', 'description': 'Em Transferência', 'trackerType': '560eb3b8655c97fabfc9af244772eeed', 'from': '4a69ea185baf893855e089c6bc074483', 'to': '6adf97f83acf6453d4a6a4b1070f3754'}, {'createdAt': {'$date': 1692196173000}, 'trackingCode': '6d0a7457d3b3d921fc9bf14494d9560f', 'status': '15', 'description': 'Transferido', 'trackerType': '560eb3b8655c97fabfc9af244772eeed', 'from': '23f9a10d30b3af5a77131dcdc4f38c7d', 'to': '6adf97f83acf6453d4a6a4b1070f3754'}, {'createdAt': {'$date': 1692229395000}, 'trackingCode': '6d0a7457d3b3d921fc9bf14494d9560f', 'status': '14', 'description': 'Em Transferência', 'trackerType': '560eb3b8655c97fabfc9af244772eeed', 'from': '23f9a10d30b3af5a77131dcdc4f38c7d', 'to': '6adf97f83acf6453d4a6a4b1070f3754'}, {'createdAt': {'$date': 1692257876000}, 'trackingCode': '6d0a7457d3b3d921fc9bf14494d9560f', 'status': '15', 'description': 'Transferido', 'trackerType': '560eb3b8655c97fabfc9af244772eeed', 'from': '00b3b4cf5963f6f90fec5ede31857e76', 'to': '6adf97f83acf6453d4a6a4b1070f3754'}, {'createdAt': {'$date': 1692382321000}, 'trackingCode': '6d0a7457d3b3d921fc9bf14494d9560f', 'status': '4', 'description': 'Em Rota', 'trackerType': '560eb3b8655c97fabfc9af244772eeed', 'from': '00b3b4cf5963f6f90fec5ede31857e76', 'to': '6adf97f83acf6453d4a6a4b1070f3754'}, {'createdAt': {'$date': 1692382160000}, 'trackingCode': '6d0a7457d3b3d921fc9bf14494d9560f', 'status': '3', 'description': 'Geração de lista', 'trackerType': '560eb3b8655c97fabfc9af244772eeed', 'from': '00b3b4cf5963f6f90fec5ede31857e76', 'to': '6adf97f83acf6453d4a6a4b1070f3754'}, {'createdAt': {'$date': 1692389119000}, 'trackingCode': '6d0a7457d3b3d921fc9bf14494d9560f', 'status': '6', 'description': 'Entregue', 'trackerType': '560eb3b8655c97fabfc9af244772eeed', 'from': '00b3b4cf5963f6f90fec5ede31857e76', 'to': '6adf97f83acf6453d4a6a4b1070f3754'}, {'createdAt': {'$date': 1692389059000}, 'trackingCode': '6d0a7457d3b3d921fc9bf14494d9560f', 'status': '5', 'description': 'A caminho do destinatário', 'trackerType': '560eb3b8655c97fabfc9af244772eeed', 'from': '00b3b4cf5963f6f90fec5ede31857e76', 'to': '6adf97f83acf6453d4a6a4b1070f3754'}]"
U,367a2d6788322c4eabb8a3b2b439582a,1689661455,1693824982,1693824982,"[{'createdAt': {'$date': 1689612364000}, 'trackingCode': '0a498d14955c8ed96755b95889e0c18b', 'status': None, 'description': 'EMISSAO', 'trackerType': '202591c2658eb8db7d1c57e1273cd270', 'from': 'ee0365ea36205462c9236c02943a492f', 'to': '6adf97f83acf6453d4a6a4b1070f3754'}, {'createdAt': {'$date': 1689659990000}, 'trackingCode': '0a498d14955c8ed96755b95889e0c18b', 'status': None, 'description': 'TRANSFERENCIA', 'trackerType': '202591c2658eb8db7d1c57e1273cd270', 'from': 'ee0365ea36205462c9236c02943a492f', 'to': '6adf97f83acf6453d4a6a4b1070f3754'}, {'createdAt': {'$date': 1689689611000}, 'trackingCode': '0a498d14955c8ed96755b95889e0c18b', 'status': None, 'description': 'ENTRADA', 'trackerType': '202591c2658eb8db7d1c57e1273cd270', 'from': 'd85aff691a83b2c3cc392739515e41c1', 'to': '6adf97f83acf6453d4a6a4b1070f3754'}, {'createdAt': {'$date': 1689690992000}, 'trackingCode': '0a498d14955c8ed96755b95889e0c18b', 'status': None, 'description': 'TRANSFERENCIA', 'trackerType': '202591c2658eb8db7d1c57e1273cd270', 'from': 'd85aff691a83b2c3cc392739515e41c1', 'to': '6adf97f83acf6453d4a6a4b1070f3754'}, {'createdAt': {'$date': 1689717724000}, 'trackingCode': '0a498d14955c8ed96755b95889e0c18b', 'status': None, 'description': 'TRANSFERENCIA', 'trackerType': '202591c2658eb8db7d1c57e1273cd270', 'from': 'd85aff691a83b2c3cc392739515e41c1', 'to': '6adf97f83acf6453d4a6a4b1070f3754'}, {'createdAt': {'$date': 1689772123000}, 'trackingCode': '0a498d14955c8ed96755b95889e0c18b', 'status': None, 'description': 'TRANSFERIDO PARA UNIDADE', 'trackerType': '202591c2658eb8db7d1c57e1273cd270', 'from': 'd85aff691a83b2c3cc392739515e41c1', 'to': '6adf97f83acf6453d4a6a4b1070f3754'}, {'createdAt': {'$date': 1689983264000}, 'trackingCode': '0a498d14955c8ed96755b95889e0c18b', 'status': None, 'description': 'TRANSFERENCIA', 'trackerType': '202591c2658eb8db7d1c57e1273cd270', 'from': 'daa9dcb5feb8f8cb8a0504889945846b', 'to': '6adf97f83acf6453d4a6a4b1070f3754'}, {'createdAt': {'$date': 1690168071000}, 'trackingCode': '0a498d14955c8ed96755b95889e0c18b', 'status': None, 'description': 'TRANSFERENCIA', 'trackerType': '202591c2658eb8db7d1c57e1273cd270', 'from': 'fac929278c0e5ba967802153ba729336', 'to': '6adf97f83acf6453d4a6a4b1070f3754'}, {'createdAt': {'$date': 1690193641000}, 'trackingCode': '0a498d14955c8ed96755b95889e0c18b', 'status': None, 'description': 'TRANSFERIDO PARA UNIDADE', 'trackerType': '202591c2658eb8db7d1c57e1273cd270', 'from': 'bb06c77b0bda796758fb2d30ec897c06', 'to': '6adf97f83acf6453d4a6a4b1070f3754'}, {'createdAt': {'$date': 1690209404000}, 'trackingCode': '0a498d14955c8ed96755b95889e0c18b', 'status': None, 'description': 'ENTRADA', 'trackerType': '202591c2658eb8db7d1c57e1273cd270', 'from': 'c368c4cadfd5bca0f41288c564abfb7a', 'to': '6adf97f83acf6453d4a6a4b1070f3754'}, {'createdAt': {'$date': 1690304845000}, 'trackingCode': '0a498d14955c8ed96755b95889e0c18b', 'status': None, 'description': 'EM ROTA', 'trackerType': '202591c2658eb8db7d1c57e1273cd270', 'from': 'c368c4cadfd5bca0f41288c564abfb7a', 'to': '6adf97f83acf6453d4a6a4b1070f3754'}, {'createdAt': {'$date': 1690390452000}, 'trackingCode': '0a498d14955c8ed96755b95889e0c18b', 'status': None, 'description': 'ENTREGUE', 'trackerType': '202591c2658eb8db7d1c57e1273cd270', 'from': 'c368c4cadfd5bca0f41288c564abfb7a', 'to': '6adf97f83acf6453d4a6a4b1070f3754'}]"
U,a0d0c88b168fedb2fba092353850ee1c,1690322011,1693824982,1693824982,"[{'createdAt': {'$date': 1690293465000}, 'trackingCode': '47bd83479d7f3900c3880a18791ebfc3', 'status': '1', 'description': 'Arquivo Recebido', 'trackerType': '560eb3b8655c97fabfc9af244772eeed', 'from': 'ecc2e68ffbb12da757662092d73a43ec', 'to': '6adf97f83acf6453d4a6a4b1070f3754'}, {'createdAt': {'$date': 1690370640000}, 'trackingCode': '47bd83479d7f3900c3880a18791ebfc3', 'status': '34', 'description': 'CT-e autorizado', 'trackerType': '560eb3b8655c97fabfc9af244772eeed', 'from': 'c3f89d6194c0e23341d31a16a0486b4d', 'to': '6adf97f83acf6453d4a6a4b1070f3754'}, {'createdAt': {'$date': 1690370486000}, 'trackingCode': '47bd83479d7f3900c3880a18791ebfc3', 'status': '2', 'description': 'Recebido pela transportadora', 'trackerType': '560eb3b8655c97fabfc9af244772eeed', 'from': 'c3f89d6194c0e23341d31a16a0486b4d', 'to': '6adf97f83acf6453d4a6a4b1070f3754'}, {'createdAt': {'$date': 1690380349000}, 'trackingCode': '47bd83479d7f3900c3880a18791ebfc3', 'status': '14', 'description': 'Em Transferência', 'trackerType': '560eb3b8655c97fabfc9af244772eeed', 'from': 'c3f89d6194c0e23341d31a16a0486b4d', 'to': '6adf97f83acf6453d4a6a4b1070f3754'}, {'createdAt': {'$date': 1690415680000}, 'trackingCode': '47bd83479d7f3900c3880a18791ebfc3', 'status': '15', 'description': 'Transferido', 'trackerType': '560eb3b8655c97fabfc9af244772eeed', 'from': '23f9a10d30b3af5a77131dcdc4f38c7d', 'to': '6adf97f83acf6453d4a6a4b1070f3754'}, {'createdAt': {'$date': 1690443122000}, 'trackingCode': '47bd83479d7f3900c3880a18791ebfc3', 'status': '14', 'description': 'Em Transferência', 'trackerType': '560eb3b8655c97fabfc9af244772eeed', 'from': '23f9a10d30b3af5a77131dcdc4f38c7d', 'to': '6adf97f83acf6453d4a6a4b1070f3754'}, {'createdAt': {'$date': 1690474729000}, 'trackingCode': '47bd83479d7f3900c3880a18791ebfc3', 'status': '15', 'description': 'Transferido', 'trackerType': '560eb3b8655c97fabfc9af244772eeed', 'from': 'ecc2e68ffbb12da757662092d73a43ec', 'to': '6adf97f83acf6453d4a6a4b1070f3754'}, {'createdAt': {'$date': 1690888175000}, 'trackingCode': '47bd83479d7f3900c3880a18791ebfc3', 'status': '4', 'description': 'Em Rota', 'trackerType': '560eb3b8655c97fabfc9af244772eeed', 'from': 'ecc2e68ffbb12da757662092d73a43ec', 'to': '6adf97f83acf6453d4a6a4b1070f3754'}, {'createdAt': {'$date': 1690888143000}, 'trackingCode': '47bd83479d7f3900c3880a18791ebfc3', 'status': '3', 'description': 'Geração de lista', 'trackerType': '560eb3b8655c97fabfc9af244772eeed', 'from': 'ecc2e68ffbb12da757662092d73a43ec', 'to': '6adf97f83acf6453d4a6a4b1070f3754'}, {'createdAt': {'$date': 1690904439000}, 'trackingCode': '47bd83479d7f3900c3880a18791ebfc3', 'status': '6', 'description': 'Entregue', 'trackerType': '560eb3b8655c97fabfc9af244772eeed', 'from': 'ecc2e68ffbb12da757662092d73a43ec', 'to': '6adf97f83acf6453d4a6a4b1070f3754'}, {'createdAt': {'$date': 1690904379000}, 'trackingCode': '47bd83479d7f3900c3880a18791ebfc3', 'status': '5', 'description': 'A caminho do destinatário', 'trackerType': '560eb3b8655c97fabfc9af244772eeed', 'from': 'ecc2e68ffbb12da757662092d73a43ec', 'to': '6adf97f83acf6453d4a6a4b1070f3754'}]"
U,ba869b74f730cdc8d2f36b3eb5153434,1693819102,1693824982,1693824982,"[{'createdAt': {'$date': 1693417972000}, 'trackingCode': 'e39d37045b16a42506ffde06608d6ce2', 'status': '01', 'description': 'Objeto entregue ao destinatário', 'trackerType': '27bb7dfdbe0de2d482d1c37c3fe5bfe3', 'from': '40b6320520b26520c24900ed00e5b7c1', 'to': '6adf97f83acf6453d4a6a4b1070f3754'}, {'createdAt': {'$date': 1693325541000}, 'trackingCode': 'e39d37045b16a42506ffde06608d6ce2', 'status': '01', 'description': 'Objeto aguardando retirada no endereço indicado', 'trackerType': '27bb7dfdbe0de2d482d1c37c3fe5bfe3', 'from': '40b6320520b26520c24900ed00e5b7c1', 'to': '6adf97f83acf6453d4a6a4b1070f3754'}, {'createdAt': {'$date': 1693310061000}, 'trackingCode': 'e39d37045b16a42506ffde06608d6ce2', 'status': '01', 'description': 'Objeto em trânsito - por favor aguarde', 'trackerType': '27bb7dfdbe0de2d482d1c37c3fe5bfe3', 'from': 'ff0a3fd77170c8ad7d05463a39c4d1cd', 'to': '40b6320520b26520c24900ed00e5b7c1'}, {'createdAt': {'$date': 1693198892000}, 'trackingCode': 'e39d37045b16a42506ffde06608d6ce2', 'status': '01', 'description': 'Objeto em trânsito - por favor aguarde', 'trackerType': '27bb7dfdbe0de2d482d1c37c3fe5bfe3', 'from': '14715bd2acdbd6d389ce8747d560689a', 'to': 'ff0a3fd77170c8ad7d05463a39c4d1cd'}, {'createdAt': {'$date': 1692801577000}, 'trackingCode': 'e39d37045b16a42506ffde06608d6ce2', 'status': '01', 'description': 'Objeto em trânsito - por favor aguarde', 'trackerType': '27bb7dfdbe0de2d482d1c37c3fe5bfe3', 'from': 'a757092f093878f4aac4abe0c0c4746e', 'to': '14715bd2acdbd6d389ce8747d560689a'}, {'createdAt': {'$date': 1692708418000}, 'trackingCode': 'e39d37045b16a42506ffde06608d6ce2', 'status': '01', 'description': 'Objeto em trânsito - por favor aguarde', 'trackerType': '27bb7dfdbe0de2d482d1c37c3fe5bfe3', 'from': '44d02c36e6691bb8faacd16784348114', 'to': 'a757092f093878f4aac4abe0c0c4746e'}, {'createdAt': {'$date': 1692708417000}, 'trackingCode': 'e39d37045b16a42506ffde06608d6ce2', 'status': '10', 'description': 'Fiscalização aduaneira finalizada', 'trackerType': '27bb7dfdbe0de2d482d1c37c3fe5bfe3', 'from': '44d02c36e6691bb8faacd16784348114', 'to': '6adf97f83acf6453d4a6a4b1070f3754'}, {'createdAt': {'$date': 1692707096000}, 'trackingCode': 'e39d37045b16a42506ffde06608d6ce2', 'status': '16', 'description': 'Objeto recebido pelos Correios do Brasil', 'trackerType': '27bb7dfdbe0de2d482d1c37c3fe5bfe3', 'from': '44d02c36e6691bb8faacd16784348114', 'to': '6adf97f83acf6453d4a6a4b1070f3754'}, {'createdAt': {'$date': 1692082186000}, 'trackingCode': 'e39d37045b16a42506ffde06608d6ce2', 'status': '01', 'description': 'Objeto postado', 'trackerType': '27bb7dfdbe0de2d482d1c37c3fe5bfe3', 'from': 'f0aa1982f61314b9aab258c2f110ebab', 'to': '6adf97f83acf6453d4a6a4b1070f3754'}]"
U,dcdfb8dcfc737eef1669c3100e294a92,1691809867,1693824982,1693824982,"[{'createdAt': {'$date': 1691798848000}, 'trackingCode': 'e7ff19ba09aac1c719f2d581c3e2929f', 'status': '01', 'description': 'Objeto em trânsito - por favor aguarde', 'trackerType': '27bb7dfdbe0de2d482d1c37c3fe5bfe3', 'from': 'd7fd547a14bcde970e5c0edf83bca3d6', 'to': '0f293a952ac9ca7c68bc34259ede7764'}]"
U,f95133d84f17547a76133b8af2fac6d5,1693299631,1693824982,1693824982,"[{'createdAt': {'$date': 1693245469000}, 'trackingCode': '02b24187876b999ba48687b4c3d51371', 'status': '102', 'description': 'Informação do Envio enviado à Azul Cargo Express (CT-e emitido)\t', 'trackerType': '3b24fa7e14555a1912e5bc2198f8e075', 'from': '8bf0c443abde51ec29a29a207e4fe204', 'to': '6adf97f83acf6453d4a6a4b1070f3754'}, {'createdAt': {'$date': 1693307564000}, 'trackingCode': '02b24187876b999ba48687b4c3d51371', 'status': '104', 'description': 'Deixou a unidade Azul Cargo Express\t', 'trackerType': '3b24fa7e14555a1912e5bc2198f8e075', 'from': '8bf0c443abde51ec29a29a207e4fe204', 'to': '6adf97f83acf6453d4a6a4b1070f3754'}, {'createdAt': {'$date': 1693307569000}, 'trackingCode': '02b24187876b999ba48687b4c3d51371', 'status': '134', 'description': 'Saída do voo\t', 'trackerType': '3b24fa7e14555a1912e5bc2198f8e075', 'from': '8bf0c443abde51ec29a29a207e4fe204', 'to': '6adf97f83acf6453d4a6a4b1070f3754'}, {'createdAt': {'$date': 1693334760000}, 'trackingCode': '02b24187876b999ba48687b4c3d51371', 'status': '137', 'description': 'Chegada do voo\t', 'trackerType': '3b24fa7e14555a1912e5bc2198f8e075', 'from': '89cb1e2fcbb5b49ca53cf4157f671587', 'to': '6adf97f83acf6453d4a6a4b1070f3754'}, {'createdAt': {'$date': 1693365113000}, 'trackingCode': '02b24187876b999ba48687b4c3d51371', 'status': '142', 'description': 'Embarque no veículo para transferência ou em rota para entrega', 'trackerType': '3b24fa7e14555a1912e5bc2198f8e075', 'from': '89cb1e2fcbb5b49ca53cf4157f671587', 'to': '6adf97f83acf6453d4a6a4b1070f3754'}, {'createdAt': {'$date': 1693365113000}, 'trackingCode': '02b24187876b999ba48687b4c3d51371', 'status': '133', 'description': 'Saida Do Veiculo', 'trackerType': '3b24fa7e14555a1912e5bc2198f8e075', 'from': '89cb1e2fcbb5b49ca53cf4157f671587', 'to': '6adf97f83acf6453d4a6a4b1070f3754'}, {'createdAt': {'$date': 1693372560000}, 'trackingCode': '02b24187876b999ba48687b4c3d51371', 'status': '136', 'description': 'Chegou na Unidade Azul Cargo Express\t', 'trackerType': '3b24fa7e14555a1912e5bc2198f8e075', 'from': '97b34f57ec10aafbe7ddb33a694d019b', 'to': '6adf97f83acf6453d4a6a4b1070f3754'}, {'createdAt': {'$date': 1693430939000}, 'trackingCode': '02b24187876b999ba48687b4c3d51371', 'status': '142', 'description': 'Embarque no veículo para transferência ou em rota para entrega', 'trackerType': '3b24fa7e14555a1912e5bc2198f8e075', 'from': '97b34f57ec10aafbe7ddb33a694d019b', 'to': '6adf97f83acf6453d4a6a4b1070f3754'}, {'createdAt': {'$date': 1693430943000}, 'trackingCode': '02b24187876b999ba48687b4c3d51371', 'status': '133', 'description': 'Saida Do Veiculo', 'trackerType': '3b24fa7e14555a1912e5bc2198f8e075', 'from': '97b34f57ec10aafbe7ddb33a694d019b', 'to': '6adf97f83acf6453d4a6a4b1070f3754'}, {'createdAt': {'$date': 1693471740000}, 'trackingCode': '02b24187876b999ba48687b4c3d51371', 'status': '136', 'description': 'Chegou na Unidade Azul Cargo Express\t', 'trackerType': '3b24fa7e14555a1912e5bc2198f8e075', 'from': '0eeee8c3b1d655b1dd3a33ccdb7874ea', 'to': '6adf97f83acf6453d4a6a4b1070f3754'}, {'createdAt': {'$date': 1693472355000}, 'trackingCode': '02b24187876b999ba48687b4c3d51371', 'status': '104', 'description': 'Deixou a unidade Azul Cargo Express\t', 'trackerType': '3b24fa7e14555a1912e5bc2198f8e075', 'from': '0eeee8c3b1d655b1dd3a33ccdb7874ea', 'to': '6adf97f83acf6453d4a6a4b1070f3754'}, {'createdAt': {'$date': 1693472727000}, 'trackingCode': '02b24187876b999ba48687b4c3d51371', 'status': '133', 'description': 'Saida Do Veiculo', 'trackerType': '3b24fa7e14555a1912e5bc2198f8e075', 'from': '0eeee8c3b1d655b1dd3a33ccdb7874ea', 'to': '6adf97f83acf6453d4a6a4b1070f3754'}, {'createdAt': {'$date': 1693485684000}, 'trackingCode': '02b24187876b999ba48687b4c3d51371', 'status': '01', 'description': 'Remessa entregue', 'trackerType': '3b24fa7e14555a1912e5bc2198f8e075', 'from': '6adf97f83acf6453d4a6a4b1070f3754', 'to': '6adf97f83acf6453d4a6a4b1070f3754'}]"
U,a9e4dac640a0574e5751b98e427671fa,1693580167,1693824982,1693824982,"[{'createdAt': {'$date': 1693580136000}, 'trackingCode': 'efe5a57d5c06a6e6dd6d6bf3a8cad3b7', 'status': '1', 'description': 'Arquivo Recebido', 'trackerType': '560eb3b8655c97fabfc9af244772eeed', 'from': 'aa14ea79fd2ec8d3718adb3fd6e0f02b', 'to': '6adf97f83acf6453d4a6a4b1070f3754'}, {'createdAt': {'$date': 1693588109000}, 'trackingCode': 'efe5a57d5c06a6e6dd6d6bf3a8cad3b7', 'status': '34', 'description': 'CT-e autorizado', 'trackerType': '560eb3b8655c97fabfc9af244772eeed', 'from': '00b3b4cf5963f6f90fec5ede31857e76', 'to': '6adf97f83acf6453d4a6a4b1070f3754'}, {'createdAt': {'$date': 1693587920000}, 'trackingCode': 'efe5a57d5c06a6e6dd6d6bf3a8cad3b7', 'status': '2', 'description': 'Recebido pela transportadora', 'trackerType': '560eb3b8655c97fabfc9af244772eeed', 'from': '00b3b4cf5963f6f90fec5ede31857e76', 'to': '6adf97f83acf6453d4a6a4b1070f3754'}, {'createdAt': {'$date': 1693599586000}, 'trackingCode': 'efe5a57d5c06a6e6dd6d6bf3a8cad3b7', 'status': '14', 'description': 'Em Transferência', 'trackerType': '560eb3b8655c97fabfc9af244772eeed', 'from': '00b3b4cf5963f6f90fec5ede31857e76', 'to': '6adf97f83acf6453d4a6a4b1070f3754'}, {'createdAt': {'$date': 1693614345000}, 'trackingCode': 'efe5a57d5c06a6e6dd6d6bf3a8cad3b7', 'status': '15', 'description': 'Transferido', 'trackerType': '560eb3b8655c97fabfc9af244772eeed', 'from': '23f9a10d30b3af5a77131dcdc4f38c7d', 'to': '6adf97f83acf6453d4a6a4b1070f3754'}, {'createdAt': {'$date': 1693766212000}, 'trackingCode': 'efe5a57d5c06a6e6dd6d6bf3a8cad3b7', 'status': '14', 'description': 'Em Transferência', 'trackerType': '560eb3b8655c97fabfc9af244772eeed', 'from': '23f9a10d30b3af5a77131dcdc4f38c7d', 'to': '6adf97f83acf6453d4a6a4b1070f3754'}, {'createdAt': {'$date': 1693815183000}, 'trackingCode': 'efe5a57d5c06a6e6dd6d6bf3a8cad3b7', 'status': '15', 'description': 'Transferido', 'trackerType': '560eb3b8655c97fabfc9af244772eeed', 'from': 'aa14ea79fd2ec8d3718adb3fd6e0f02b', 'to': '6adf97f83acf6453d4a6a4b1070f3754'}]"
U,d321f34cee410193ef05df29a57c4cb2,1690808958,1693824982,1693824982,"[{'createdAt': {'$date': 1690817528000}, 'trackingCode': '08ac38309c4812709a93bbee4962bc52', 'status': '13', 'description': 'O pacote foi confirmado em uma base da Loggi e vai ser preparado para transferência.', 'trackerType': 'a302942c7f755f858bd9a6c0c6be98fb', 'from': 'b2547cf7e1474b3fe29de0eea12da3b4', 'to': '6adf97f83acf6453d4a6a4b1070f3754'}, {'createdAt': {'$date': 1690810400000}, 'trackingCode': '08ac38309c4812709a93bbee4962bc52', 'status': '1', 'description': 'A etiqueta de envio já foi criada e o pacote está pronto para a coleta.', 'trackerType': 'a302942c7f755f858bd9a6c0c6be98fb', 'from': 'b2547cf7e1474b3fe29de0eea12da3b4', 'to': '6adf97f83acf6453d4a6a4b1070f3754'}, {'createdAt': {'$date': 1690858031000}, 'trackingCode': '08ac38309c4812709a93bbee4962bc52', 'status': '16', 'description': 'O pacote está em transferência de uma base para outra.', 'trackerType': 'a302942c7f755f858bd9a6c0c6be98fb', 'from': '6adf97f83acf6453d4a6a4b1070f3754', 'to': '6adf97f83acf6453d4a6a4b1070f3754'}, {'createdAt': {'$date': 1690857811000}, 'trackingCode': '08ac38309c4812709a93bbee4962bc52', 'status': '3', 'description': 'O pacote está em uma base e, em breve, vai estar em transferência.', 'trackerType': 'a302942c7f755f858bd9a6c0c6be98fb', 'from': '6adf97f83acf6453d4a6a4b1070f3754', 'to': '6adf97f83acf6453d4a6a4b1070f3754'}, {'createdAt': {'$date': 1690865743000}, 'trackingCode': '08ac38309c4812709a93bbee4962bc52', 'status': '16', 'description': 'O pacote está em transferência de uma base para outra.', 'trackerType': 'a302942c7f755f858bd9a6c0c6be98fb', 'from': '6adf97f83acf6453d4a6a4b1070f3754', 'to': '6adf97f83acf6453d4a6a4b1070f3754'}, {'createdAt': {'$date': 1690865727000}, 'trackingCode': '08ac38309c4812709a93bbee4962bc52', 'status': '3', 'description': 'O pacote está em uma base e, em breve, vai estar em transferência.', 'trackerType': 'a302942c7f755f858bd9a6c0c6be98fb', 'from': '6adf97f83acf6453d4a6a4b1070f3754', 'to': '6adf97f83acf6453d4a6a4b1070f3754'}, {'createdAt': {'$date': 1690951475000}, 'trackingCode': '08ac38309c4812709a93bbee4962bc52', 'status': '16', 'description': 'O pacote está em transferência de uma base para outra.', 'trackerType': 'a302942c7f755f858bd9a6c0c6be98fb', 'from': '6adf97f83acf6453d4a6a4b1070f3754', 'to': '6adf97f83acf6453d4a6a4b1070f3754'}, {'createdAt': {'$date': 1690951353000}, 'trackingCode': '08ac38309c4812709a93bbee4962bc52', 'status': '3', 'description': 'O pacote está em uma base e, em breve, vai estar em transferência.', 'trackerType': 'a302942c7f755f858bd9a6c0c6be98fb', 'from': '6adf97f83acf6453d4a6a4b1070f3754', 'to': '6adf97f83acf6453d4a6a4b1070f3754'}, {'createdAt': {'$date': 1690977674000}, 'trackingCode': '08ac38309c4812709a93bbee4962bc52', 'status': '17', 'description': 'Tudo certo, o pacote está em uma base da Loggi.', 'trackerType': 'a302942c7f755f858bd9a6c0c6be98fb', 'from': '09f8029a48c2c48152567663eb497c55', 'to': '6adf97f83acf6453d4a6a4b1070f3754'}, {'createdAt': {'$date': 1690977673000}, 'trackingCode': '08ac38309c4812709a93bbee4962bc52', 'status': '17', 'description': 'Tudo certo, o pacote está em uma base da Loggi.', 'trackerType': 'a302942c7f755f858bd9a6c0c6be98fb', 'from': '6adf97f83acf6453d4a6a4b1070f3754', 'to': '6adf97f83acf6453d4a6a4b1070f3754'}, {'createdAt': {'$date': 1691059781000}, 'trackingCode': '08ac38309c4812709a93bbee4962bc52', 'status': '11', 'description': 'O pacote está a caminho.', 'trackerType': 'a302942c7f755f858bd9a6c0c6be98fb', 'from': '6adf97f83acf6453d4a6a4b1070f3754', 'to': '6adf97f83acf6453d4a6a4b1070f3754'}, {'createdAt': {'$date': 1691087788000}, 'trackingCode': '08ac38309c4812709a93bbee4962bc52', 'status': '5', 'description': 'O pacote chegou ao destino final.', 'trackerType': 'a302942c7f755f858bd9a6c0c6be98fb', 'from': '6adf97f83acf6453d4a6a4b1070f3754', 'to': '6adf97f83acf6453d4a6a4b1070f3754'}]"
U,4af3d336002ab436c6c543f1fc73226f,1691701858,1693824982,1693824982,"[{'createdAt': {'$date': 1691698975000}, 'trackingCode': 'd305969a516230d2c55e56bbea2313ea', 'status': '01', 'description': 'Objeto em trânsito - por favor aguarde', 'trackerType': '27bb7dfdbe0de2d482d1c37c3fe5bfe3', 'from': 'd7fd547a14bcde970e5c0edf83bca3d6', 'to': '66266e39728f3e0913be520c73819475'}, {'createdAt': {'$date': 1691729133000}, 'trackingCode': 'd305969a516230d2c55e56bbea2313ea', 'status': '01', 'description': 'Objeto em trânsito - por favor aguarde', 'trackerType': '27bb7dfdbe0de2d482d1c37c3fe5bfe3', 'from': '66266e39728f3e0913be520c73819475', 'to': '188ff00af4539154cbd9ccb1d7cb9d65'}, {'createdAt': {'$date': 1691750735000}, 'trackingCode': 'd305969a516230d2c55e56bbea2313ea', 'status': '01', 'description': 'Objeto saiu para entrega ao destinatário', 'trackerType': '27bb7dfdbe0de2d482d1c37c3fe5bfe3', 'from': '188ff00af4539154cbd9ccb1d7cb9d65', 'to': '6adf97f83acf6453d4a6a4b1070f3754'}, {'createdAt': {'$date': 1691762735000}, 'trackingCode': 'd305969a516230d2c55e56bbea2313ea', 'status': '01', 'description': 'Objeto entregue ao destinatário', 'trackerType': '27bb7dfdbe0de2d482d1c37c3fe5bfe3', 'from': '188ff00af4539154cbd9ccb1d7cb9d65', 'to': '6adf97f83acf6453d4a6a4b1070f3754'}]"
U,c4eb9bbef230866f56e3d7b6d2b6baf6,1688979450,1693824982,1693824982,"[{'createdAt': {'$date': 1688468118000}, 'trackingCode': '43a09f72970c2bcd4799aaf03c43c511', 'status': '01', 'description': 'Objeto aguardando retirada no endereço indicado', 'trackerType': '27bb7dfdbe0de2d482d1c37c3fe5bfe3', 'from': '2d8a36306f6b1296ac77ee4744d7193e', 'to': '6adf97f83acf6453d4a6a4b1070f3754'}, {'createdAt': {'$date': 1688458157000}, 'trackingCode': '43a09f72970c2bcd4799aaf03c43c511', 'status': '01', 'description': 'Objeto em trânsito - por favor aguarde', 'trackerType': '27bb7dfdbe0de2d482d1c37c3fe5bfe3', 'from': 'baa0dde0f2db1a0802c2e2d72d20e38f', 'to': '2d8a36306f6b1296ac77ee4744d7193e'}, {'createdAt': {'$date': 1688376875000}, 'trackingCode': '43a09f72970c2bcd4799aaf03c43c511', 'status': '07', 'description': 'Objeto não entregue - endereço incorreto', 'trackerType': '27bb7dfdbe0de2d482d1c37c3fe5bfe3', 'from': 'baa0dde0f2db1a0802c2e2d72d20e38f', 'to': '6adf97f83acf6453d4a6a4b1070f3754'}, {'createdAt': {'$date': 1688376632000}, 'trackingCode': '43a09f72970c2bcd4799aaf03c43c511', 'status': '01', 'description': 'Objeto saiu para entrega ao destinatário', 'trackerType': '27bb7dfdbe0de2d482d1c37c3fe5bfe3', 'from': 'baa0dde0f2db1a0802c2e2d72d20e38f', 'to': '6adf97f83acf6453d4a6a4b1070f3754'}, {'createdAt': {'$date': 1688043211000}, 'trackingCode': '43a09f72970c2bcd4799aaf03c43c511', 'status': '01', 'description': 'Objeto em trânsito - por favor aguarde', 'trackerType': '27bb7dfdbe0de2d482d1c37c3fe5bfe3', 'from': 'a455511c1b0d0594d7499ddee7b4fd7a', 'to': 'baa0dde0f2db1a0802c2e2d72d20e38f'}, {'createdAt': {'$date': 1687847049000}, 'trackingCode': '43a09f72970c2bcd4799aaf03c43c511', 'status': '01', 'description': 'Objeto em trânsito - por favor aguarde', 'trackerType': '27bb7dfdbe0de2d482d1c37c3fe5bfe3', 'from': '44d02c36e6691bb8faacd16784348114', 'to': 'a455511c1b0d0594d7499ddee7b4fd7a'}, {'createdAt': {'$date': 1687847048000}, 'trackingCode': '43a09f72970c2bcd4799aaf03c43c511', 'status': '10', 'description': 'Fiscalização aduaneira finalizada', 'trackerType': '27bb7dfdbe0de2d482d1c37c3fe5bfe3', 'from': '44d02c36e6691bb8faacd16784348114', 'to': '6adf97f83acf6453d4a6a4b1070f3754'}, {'createdAt': {'$date': 1687820618000}, 'trackingCode': '43a09f72970c2bcd4799aaf03c43c511', 'status': '16', 'description': 'Objeto recebido pelos Correios do Brasil', 'trackerType': '27bb7dfdbe0de2d482d1c37c3fe5bfe3', 'from': '44d02c36e6691bb8faacd16784348114', 'to': '6adf97f83acf6453d4a6a4b1070f3754'}, {'createdAt': {'$date': 1687168839000}, 'trackingCode': '43a09f72970c2bcd4799aaf03c43c511', 'status': '01', 'description': 'Objeto postado', 'trackerType': '27bb7dfdbe0de2d482d1c37c3fe5bfe3', 'from': 'f0aa1982f61314b9aab258c2f110ebab', 'to': '6adf97f83acf6453d4a6a4b1070f3754'}, {'createdAt': {'$date': 1689157969000}, 'trackingCode': '43a09f72970c2bcd4799aaf03c43c511', 'status': '26', 'description': 'Prazo de retirada pelo destinatário encerrado', 'trackerType': '27bb7dfdbe0de2d482d1c37c3fe5bfe3', 'from': '2d8a36306f6b1296ac77ee4744d7193e', 'to': '6adf97f83acf6453d4a6a4b1070f3754'}, {'createdAt': {'$date': 1689251228000}, 'trackingCode': '43a09f72970c2bcd4799aaf03c43c511', 'status': '01', 'description': 'Objeto em trânsito - por favor aguarde', 'trackerType': '27bb7dfdbe0de2d482d1c37c3fe5bfe3', 'from': '2d8a36306f6b1296ac77ee4744d7193e', 'to': 'a455511c1b0d0594d7499ddee7b4fd7a'}, {'createdAt': {'$date': 1689375536000}, 'trackingCode': '43a09f72970c2bcd4799aaf03c43c511', 'status': '01', 'description': 'Objeto em trânsito - por favor aguarde', 'trackerType': '27bb7dfdbe0de2d482d1c37c3fe5bfe3', 'from': 'a455511c1b0d0594d7499ddee7b4fd7a', 'to': 'd7fd547a14bcde970e5c0edf83bca3d6'}, {'createdAt': {'$date': 1689677452000}, 'trackingCode': '43a09f72970c2bcd4799aaf03c43c511', 'status': '01', 'description': 'Objeto em trânsito - por favor aguarde', 'trackerType': '27bb7dfdbe0de2d482d1c37c3fe5bfe3', 'from': 'd7fd547a14bcde970e5c0edf83bca3d6', 'to': '0f293a952ac9ca7c68bc34259ede7764'}, {'createdAt': {'$date': 1690276375000}, 'trackingCode': '43a09f72970c2bcd4799aaf03c43c511', 'status': '01', 'description': 'Objeto saiu para entrega ao destinatário', 'trackerType': '27bb7dfdbe0de2d482d1c37c3fe5bfe3', 'from': '0f293a952ac9ca7c68bc34259ede7764', 'to': '6adf97f83acf6453d4a6a4b1070f3754'}, {'createdAt': {'$date': 1690284992000}, 'trackingCode': '43a09f72970c2bcd4799aaf03c43c511', 'status': '01', 'description': 'Objeto entregue ao destinatário', 'trackerType': '27bb7dfdbe0de2d482d1c37c3fe5bfe3', 'from': '0f293a952ac9ca7c68bc34259ede7764', 'to': '6adf97f83acf6453d4a6a4b1070f3754'}]"
U,471ac15d844967a2ae286995b131ff0d,1692106503,1693824982,1693824982,"[{'createdAt': {'$date': 1692106270000}, 'trackingCode': 'abbfc0e53dd430557b68ebc291e34999', 'status': '102', 'description': 'Informação do Envio enviado à Azul Cargo Express (CT-e emitido)\t', 'trackerType': '3b24fa7e14555a1912e5bc2198f8e075', 'from': '927dd633add014de7db78fbb81625926', 'to': '6adf97f83acf6453d4a6a4b1070f3754'}, {'createdAt': {'$date': 1692126399000}, 'trackingCode': 'abbfc0e53dd430557b68ebc291e34999', 'status': '142', 'description': 'Embarque no veículo para transferência ou em rota para entrega', 'trackerType': '3b24fa7e14555a1912e5bc2198f8e075', 'from': '927dd633add014de7db78fbb81625926', 'to': '6adf97f83acf6453d4a6a4b1070f3754'}, {'createdAt': {'$date': 1692126399000}, 'trackingCode': 'abbfc0e53dd430557b68ebc291e34999', 'status': '133', 'description': 'Saida Do Veiculo', 'trackerType': '3b24fa7e14555a1912e5bc2198f8e075', 'from': '927dd633add014de7db78fbb81625926', 'to': '6adf97f83acf6453d4a6a4b1070f3754'}, {'createdAt': {'$date': 1692129360000}, 'trackingCode': 'abbfc0e53dd430557b68ebc291e34999', 'status': '136', 'description': 'Chegou na Unidade Azul Cargo Express\t', 'trackerType': '3b24fa7e14555a1912e5bc2198f8e075', 'from': 'ed76a10a3cebcbb50cb43e29677dcd26', 'to': '6adf97f83acf6453d4a6a4b1070f3754'}, {'createdAt': {'$date': 1692129360000}, 'trackingCode': 'abbfc0e53dd430557b68ebc291e34999', 'status': '136', 'description': 'Chegou na Unidade Azul Cargo Express\t', 'trackerType': '3b24fa7e14555a1912e5bc2198f8e075', 'from': 'ed76a10a3cebcbb50cb43e29677dcd26', 'to': '6adf97f83acf6453d4a6a4b1070f3754'}, {'createdAt': {'$date': 1692173084000}, 'trackingCode': 'abbfc0e53dd430557b68ebc291e34999', 'status': '104', 'description': 'Deixou a unidade Azul Cargo Express\t', 'trackerType': '3b24fa7e14555a1912e5bc2198f8e075', 'from': 'ed76a10a3cebcbb50cb43e29677dcd26', 'to': '6adf97f83acf6453d4a6a4b1070f3754'}, {'createdAt': {'$date': 1692173087000}, 'trackingCode': 'abbfc0e53dd430557b68ebc291e34999', 'status': '134', 'description': 'Saída do voo\t', 'trackerType': '3b24fa7e14555a1912e5bc2198f8e075', 'from': 'ed76a10a3cebcbb50cb43e29677dcd26', 'to': '6adf97f83acf6453d4a6a4b1070f3754'}, {'createdAt': {'$date': 1692188640000}, 'trackingCode': 'abbfc0e53dd430557b68ebc291e34999', 'status': '137', 'description': 'Chegada do voo\t', 'trackerType': '3b24fa7e14555a1912e5bc2198f8e075', 'from': 'c4a0041f7f45e439c53a952b97125bc1', 'to': '6adf97f83acf6453d4a6a4b1070f3754'}, {'createdAt': {'$date': 1692209761000}, 'trackingCode': 'abbfc0e53dd430557b68ebc291e34999', 'status': '104', 'description': 'Deixou a unidade Azul Cargo Express\t', 'trackerType': '3b24fa7e14555a1912e5bc2198f8e075', 'from': 'c4a0041f7f45e439c53a952b97125bc1', 'to': '6adf97f83acf6453d4a6a4b1070f3754'}, {'createdAt': {'$date': 1692209853000}, 'trackingCode': 'abbfc0e53dd430557b68ebc291e34999', 'status': '134', 'description': 'Saída do voo\t', 'trackerType': '3b24fa7e14555a1912e5bc2198f8e075', 'from': 'c4a0041f7f45e439c53a952b97125bc1', 'to': '6adf97f83acf6453d4a6a4b1070f3754'}, {'createdAt': {'$date': 1692218640000}, 'trackingCode': 'abbfc0e53dd430557b68ebc291e34999', 'status': '137', 'description': 'Chegada do voo\t', 'trackerType': '3b24fa7e14555a1912e5bc2198f8e075', 'from': '8578e7a4f7b9576c788a8a6706e207d9', 'to': '6adf97f83acf6453d4a6a4b1070f3754'}, {'createdAt': {'$date': 1692274282000}, 'trackingCode': 'abbfc0e53dd430557b68ebc291e34999', 'status': '104', 'description': 'Deixou a unidade Azul Cargo Express\t', 'trackerType': '3b24fa7e14555a1912e5bc2198f8e075', 'from': '8578e7a4f7b9576c788a8a6706e207d9', 'to': '6adf97f83acf6453d4a6a4b1070f3754'}, {'createdAt': {'$date': 1692274292000}, 'trackingCode': 'abbfc0e53dd430557b68ebc291e34999', 'status': '133', 'description': 'Saida Do Veiculo', 'trackerType': '3b24fa7e14555a1912e5bc2198f8e075', 'from': '8578e7a4f7b9576c788a8a6706e207d9', 'to': '6adf97f83acf6453d4a6a4b1070f3754'}, {'createdAt': {'$date': 1692281277000}, 'trackingCode': 'abbfc0e53dd430557b68ebc291e34999', 'status': '01', 'description': 'Remessa entregue', 'trackerType': '3b24fa7e14555a1912e5bc2198f8e075', 'from': '6adf97f83acf6453d4a6a4b1070f3754', 'to': '6adf97f83acf6453d4a6a4b1070f3754'}]"
U,2abf534fc74cbf6435895d40eca6e57d,1689869410,1693824982,1693824982,"[{'createdAt': {'$date': 1689868240000}, 'trackingCode': 'd4c4d52327a814c40aaa7ab8655b14fe', 'status': '102', 'description': 'Informação do Envio enviado à Azul Cargo Express (CT-e emitido)\t', 'trackerType': '3b24fa7e14555a1912e5bc2198f8e075', 'from': '8bf0c443abde51ec29a29a207e4fe204', 'to': '6adf97f83acf6453d4a6a4b1070f3754'}, {'createdAt': {'$date': 1689890882000}, 'trackingCode': 'd4c4d52327a814c40aaa7ab8655b14fe', 'status': '104', 'description': 'Deixou a unidade Azul Cargo Express\t', 'trackerType': '3b24fa7e14555a1912e5bc2198f8e075', 'from': '8bf0c443abde51ec29a29a207e4fe204', 'to': '6adf97f83acf6453d4a6a4b1070f3754'}, {'createdAt': {'$date': 1689890885000}, 'trackingCode': 'd4c4d52327a814c40aaa7ab8655b14fe', 'status': '134', 'description': 'Saída do voo\t', 'trackerType': '3b24fa7e14555a1912e5bc2198f8e075', 'from': '8bf0c443abde51ec29a29a207e4fe204', 'to': '6adf97f83acf6453d4a6a4b1070f3754'}, {'createdAt': {'$date': 1689902340000}, 'trackingCode': 'd4c4d52327a814c40aaa7ab8655b14fe', 'status': '137', 'description': 'Chegada do voo\t', 'trackerType': '3b24fa7e14555a1912e5bc2198f8e075', 'from': '89cb1e2fcbb5b49ca53cf4157f671587', 'to': '6adf97f83acf6453d4a6a4b1070f3754'}, {'createdAt': {'$date': 1689933638000}, 'trackingCode': 'd4c4d52327a814c40aaa7ab8655b14fe', 'status': '104', 'description': 'Deixou a unidade Azul Cargo Express\t', 'trackerType': '3b24fa7e14555a1912e5bc2198f8e075', 'from': '89cb1e2fcbb5b49ca53cf4157f671587', 'to': '6adf97f83acf6453d4a6a4b1070f3754'}, {'createdAt': {'$date': 1689933647000}, 'trackingCode': 'd4c4d52327a814c40aaa7ab8655b14fe', 'status': '134', 'description': 'Saída do voo\t', 'trackerType': '3b24fa7e14555a1912e5bc2198f8e075', 'from': '89cb1e2fcbb5b49ca53cf4157f671587', 'to': '6adf97f83acf6453d4a6a4b1070f3754'}, {'createdAt': {'$date': 1689936600000}, 'trackingCode': 'd4c4d52327a814c40aaa7ab8655b14fe', 'status': '137', 'description': 'Chegada do voo\t', 'trackerType': '3b24fa7e14555a1912e5bc2198f8e075', 'from': '562d8d0897940216b3de4dc91237e651', 'to': '6adf97f83acf6453d4a6a4b1070f3754'}, {'createdAt': {'$date': 1689968144000}, 'trackingCode': 'd4c4d52327a814c40aaa7ab8655b14fe', 'status': '142', 'description': 'Embarque no veículo para transferência ou em rota para entrega', 'trackerType': '3b24fa7e14555a1912e5bc2198f8e075', 'from': '562d8d0897940216b3de4dc91237e651', 'to': '6adf97f83acf6453d4a6a4b1070f3754'}, {'createdAt': {'$date': 1689968144000}, 'trackingCode': 'd4c4d52327a814c40aaa7ab8655b14fe', 'status': '133', 'description': 'Saida Do Veiculo', 'trackerType': '3b24fa7e14555a1912e5bc2198f8e075', 'from': '562d8d0897940216b3de4dc91237e651', 'to': '6adf97f83acf6453d4a6a4b1070f3754'}, {'createdAt': {'$date': 1690186680000}, 'trackingCode': 'd4c4d52327a814c40aaa7ab8655b14fe', 'status': '136', 'description': 'Chegou na Unidade Azul Cargo Express\t', 'trackerType': '3b24fa7e14555a1912e5bc2198f8e075', 'from': '000f39421b55f40851c0323c4ebec77a', 'to': '6adf97f83acf6453d4a6a4b1070f3754'}, {'createdAt': {'$date': 1690201415000}, 'trackingCode': 'd4c4d52327a814c40aaa7ab8655b14fe', 'status': '104', 'description': 'Deixou a unidade Azul Cargo Express\t', 'trackerType': '3b24fa7e14555a1912e5bc2198f8e075', 'from': '000f39421b55f40851c0323c4ebec77a', 'to': '6adf97f83acf6453d4a6a4b1070f3754'}, {'createdAt': {'$date': 1690202112000}, 'trackingCode': 'd4c4d52327a814c40aaa7ab8655b14fe', 'status': '133', 'description': 'Saida Do Veiculo', 'trackerType': '3b24fa7e14555a1912e5bc2198f8e075', 'from': '000f39421b55f40851c0323c4ebec77a', 'to': '6adf97f83acf6453d4a6a4b1070f3754'}, {'createdAt': {'$date': 1690215538000}, 'trackingCode': 'd4c4d52327a814c40aaa7ab8655b14fe', 'status': '104', 'description': 'Deixou a unidade Azul Cargo Express\t', 'trackerType': '3b24fa7e14555a1912e5bc2198f8e075', 'from': '000f39421b55f40851c0323c4ebec77a', 'to': '6adf97f83acf6453d4a6a4b1070f3754'}, {'createdAt': {'$date': 1690217118000}, 'trackingCode': 'd4c4d52327a814c40aaa7ab8655b14fe', 'status': '133', 'description': 'Saida Do Veiculo', 'trackerType': '3b24fa7e14555a1912e5bc2198f8e075', 'from': '000f39421b55f40851c0323c4ebec77a', 'to': '6adf97f83acf6453d4a6a4b1070f3754'}, {'createdAt': {'$date': 1690221337000}, 'trackingCode': 'd4c4d52327a814c40aaa7ab8655b14fe', 'status': '01', 'description': 'Remessa entregue', 'trackerType': '3b24fa7e14555a1912e5bc2198f8e075', 'from': '6adf97f83acf6453d4a6a4b1070f3754', 'to': '6adf97f83acf6453d4a6a4b1070f3754'}]"
U,2a93a9d6f9a2d63e72aa7789974119c2,1689118905,1693824982,1693824982,"[{'createdAt': {'$date': 1688949300000}, 'trackingCode': '7beab289d70f80654c6aab3cefef4d10', 'status': '01', 'description': 'Objeto postado', 'trackerType': '27bb7dfdbe0de2d482d1c37c3fe5bfe3', 'from': 'f0aa1982f61314b9aab258c2f110ebab', 'to': '6adf97f83acf6453d4a6a4b1070f3754'}, {'createdAt': {'$date': 1689635020000}, 'trackingCode': '7beab289d70f80654c6aab3cefef4d10', 'status': '16', 'description': 'Objeto recebido pelos Correios do Brasil', 'trackerType': '27bb7dfdbe0de2d482d1c37c3fe5bfe3', 'from': '44d02c36e6691bb8faacd16784348114', 'to': '6adf97f83acf6453d4a6a4b1070f3754'}, {'createdAt': {'$date': 1689862665000}, 'trackingCode': '7beab289d70f80654c6aab3cefef4d10', 'status': '01', 'description': 'Objeto em trânsito - por favor aguarde', 'trackerType': '27bb7dfdbe0de2d482d1c37c3fe5bfe3', 'from': '44d02c36e6691bb8faacd16784348114', 'to': 'e0e884b320d7340e331862ed6772b798'}, {'createdAt': {'$date': 1689862664000}, 'trackingCode': '7beab289d70f80654c6aab3cefef4d10', 'status': '10', 'description': 'Fiscalização aduaneira finalizada', 'trackerType': '27bb7dfdbe0de2d482d1c37c3fe5bfe3', 'from': '44d02c36e6691bb8faacd16784348114', 'to': '6adf97f83acf6453d4a6a4b1070f3754'}, {'createdAt': {'$date': 1690302855000}, 'trackingCode': '7beab289d70f80654c6aab3cefef4d10', 'status': '01', 'description': 'Objeto em trânsito - por favor aguarde', 'trackerType': '27bb7dfdbe0de2d482d1c37c3fe5bfe3', 'from': 'd7fd547a14bcde970e5c0edf83bca3d6', 'to': '14715bd2acdbd6d389ce8747d560689a'}, {'createdAt': {'$date': 1690811785000}, 'trackingCode': '7beab289d70f80654c6aab3cefef4d10', 'status': '01', 'description': 'Objeto em trânsito - por favor aguarde', 'trackerType': '27bb7dfdbe0de2d482d1c37c3fe5bfe3', 'from': '14715bd2acdbd6d389ce8747d560689a', 'to': 'ff027e6c97c229ffa0e22a043feb0d97'}, {'createdAt': {'$date': 1691048104000}, 'trackingCode': '7beab289d70f80654c6aab3cefef4d10', 'status': '01', 'description': 'Objeto saiu para entrega ao destinatário', 'trackerType': '27bb7dfdbe0de2d482d1c37c3fe5bfe3', 'from': '47283141de84ea63cb3bdf569f484398', 'to': '6adf97f83acf6453d4a6a4b1070f3754'}, {'createdAt': {'$date': 1691079799000}, 'trackingCode': '7beab289d70f80654c6aab3cefef4d10', 'status': '46', 'description': 'Tentativa de entrega não efetuada', 'trackerType': '27bb7dfdbe0de2d482d1c37c3fe5bfe3', 'from': '47283141de84ea63cb3bdf569f484398', 'to': '6adf97f83acf6453d4a6a4b1070f3754'}, {'createdAt': {'$date': 1691134410000}, 'trackingCode': '7beab289d70f80654c6aab3cefef4d10', 'status': '01', 'description': 'Objeto saiu para entrega ao destinatário', 'trackerType': '27bb7dfdbe0de2d482d1c37c3fe5bfe3', 'from': '47283141de84ea63cb3bdf569f484398', 'to': '6adf97f83acf6453d4a6a4b1070f3754'}, {'createdAt': {'$date': 1691157191000}, 'trackingCode': '7beab289d70f80654c6aab3cefef4d10', 'status': '01', 'description': 'Objeto entregue ao destinatário', 'trackerType': '27bb7dfdbe0de2d482d1c37c3fe5bfe3', 'from': '47283141de84ea63cb3bdf569f484398', 'to': '6adf97f83acf6453d4a6a4b1070f3754'}]"
U,cf270b0bff612b5ca053105729db5e55,1693499335,1693824982,1693811528,"[{'createdAt': {'$date': 1693508686000}, 'trackingCode': 'db3d06cd1ae6065d4c492c58a6fe4508', 'status': '13', 'description': 'O pacote foi confirmado em uma base da Loggi e vai ser preparado para transferência.', 'trackerType': 'a302942c7f755f858bd9a6c0c6be98fb', 'from': '769bec8f32db78e3e5310a3c47193ce4', 'to': '6adf97f83acf6453d4a6a4b1070f3754'}, {'createdAt': {'$date': 1693490521000}, 'trackingCode': 'db3d06cd1ae6065d4c492c58a6fe4508', 'status': '1', 'description': 'A etiqueta de envio já foi criada e o pacote está pronto para a coleta.', 'trackerType': 'a302942c7f755f858bd9a6c0c6be98fb', 'from': '769bec8f32db78e3e5310a3c47193ce4', 'to': '6adf97f83acf6453d4a6a4b1070f3754'}, {'createdAt': {'$date': 1693553844000}, 'trackingCode': 'db3d06cd1ae6065d4c492c58a6fe4508', 'status': '16', 'description': 'O pacote está em transferência de uma base para outra.', 'trackerType': 'a302942c7f755f858bd9a6c0c6be98fb', 'from': '6adf97f83acf6453d4a6a4b1070f3754', 'to': '6adf97f83acf6453d4a6a4b1070f3754'}, {'createdAt': {'$date': 1693553841000}, 'trackingCode': 'db3d06cd1ae6065d4c492c58a6fe4508', 'status': '3', 'description': 'O pacote está em uma base e, em breve, vai estar em transferência.', 'trackerType': 'a302942c7f755f858bd9a6c0c6be98fb', 'from': '6adf97f83acf6453d4a6a4b1070f3754', 'to': '6adf97f83acf6453d4a6a4b1070f3754'}, {'createdAt': {'$date': 1693591289000}, 'trackingCode': 'db3d06cd1ae6065d4c492c58a6fe4508', 'status': '15', 'description': 'O pacote já teve suas dimensões conferidas.', 'trackerType': 'a302942c7f755f858bd9a6c0c6be98fb', 'from': '6adf97f83acf6453d4a6a4b1070f3754', 'to': '6adf97f83acf6453d4a6a4b1070f3754'}, {'createdAt': {'$date': 1693553840000}, 'trackingCode': 'db3d06cd1ae6065d4c492c58a6fe4508', 'status': '3', 'description': 'O pacote está em uma base e, em breve, vai estar em transferência.', 'trackerType': 'a302942c7f755f858bd9a6c0c6be98fb', 'from': '4798ea2b0ab3b3c8e9edf3e4e2d9cc21', 'to': '6adf97f83acf6453d4a6a4b1070f3754'}, {'createdAt': {'$date': 1693676444000}, 'trackingCode': 'db3d06cd1ae6065d4c492c58a6fe4508', 'status': '15', 'description': 'O pacote já teve suas dimensões conferidas.', 'trackerType': 'a302942c7f755f858bd9a6c0c6be98fb', 'from': '78a32fcc48731cfdbb11966d312f5f4f', 'to': '6adf97f83acf6453d4a6a4b1070f3754'}, {'createdAt': {'$date': 1693807705000}, 'trackingCode': 'db3d06cd1ae6065d4c492c58a6fe4508', 'status': '16', 'description': 'O pacote está em transferência de uma base para outra.', 'trackerType': 'a302942c7f755f858bd9a6c0c6be98fb', 'from': '6adf97f83acf6453d4a6a4b1070f3754', 'to': '6adf97f83acf6453d4a6a4b1070f3754'}, {'createdAt': {'$date': 1693802201000}, 'trackingCode': 'db3d06cd1ae6065d4c492c58a6fe4508', 'status': '3', 'description': 'O pacote está em uma base e, em breve, vai estar em transferência.', 'trackerType': 'a302942c7f755f858bd9a6c0c6be98fb', 'from': '6adf97f83acf6453d4a6a4b1070f3754', 'to': '6adf97f83acf6453d4a6a4b1070f3754'}, {'createdAt': {'$date': 1693816853000}, 'trackingCode': 'db3d06cd1ae6065d4c492c58a6fe4508', 'status': '17', 'description': 'Tudo certo, o pacote está em uma base da Loggi.', 'trackerType': 'a302942c7f755f858bd9a6c0c6be98fb', 'from': 'a4a92f08f6d03465abe6a1d32b74f192', 'to': '6adf97f83acf6453d4a6a4b1070f3754'}, {'createdAt': {'$date': 1693830447000}, 'trackingCode': 'db3d06cd1ae6065d4c492c58a6fe4508', 'status': '11', 'description': 'O pacote está a caminho.', 'trackerType': 'a302942c7f755f858bd9a6c0c6be98fb', 'from': '6adf97f83acf6453d4a6a4b1070f3754', 'to': '6adf97f83acf6453d4a6a4b1070f3754'}]"
U,cf270b0bff612b5ca053105729db5e55,1693499335,1693824982,1693824982,"[{'createdAt': {'$date': 1693508686000}, 'trackingCode': 'db3d06cd1ae6065d4c492c58a6fe4508', 'status': '13', 'description': 'O pacote foi confirmado em uma base da Loggi e vai ser preparado para transferência.', 'trackerType': 'a302942c7f755f858bd9a6c0c6be98fb', 'from': '769bec8f32db78e3e5310a3c47193ce4', 'to': '6adf97f83acf6453d4a6a4b1070f3754'}, {'createdAt': {'$date': 1693490521000}, 'trackingCode': 'db3d06cd1ae6065d4c492c58a6fe4508', 'status': '1', 'description': 'A etiqueta de envio já foi criada e o pacote está pronto para a coleta.', 'trackerType': 'a302942c7f755f858bd9a6c0c6be98fb', 'from': '769bec8f32db78e3e5310a3c47193ce4', 'to': '6adf97f83acf6453d4a6a4b1070f3754'}, {'createdAt': {'$date': 1693553844000}, 'trackingCode': 'db3d06cd1ae6065d4c492c58a6fe4508', 'status': '16', 'description': 'O pacote está em transferência de uma base para outra.', 'trackerType': 'a302942c7f755f858bd9a6c0c6be98fb', 'from': '6adf97f83acf6453d4a6a4b1070f3754', 'to': '6adf97f83acf6453d4a6a4b1070f3754'}, {'createdAt': {'$date': 1693553841000}, 'trackingCode': 'db3d06cd1ae6065d4c492c58a6fe4508', 'status': '3', 'description': 'O pacote está em uma base e, em breve, vai estar em transferência.', 'trackerType': 'a302942c7f755f858bd9a6c0c6be98fb', 'from': '6adf97f83acf6453d4a6a4b1070f3754', 'to': '6adf97f83acf6453d4a6a4b1070f3754'}, {'createdAt': {'$date': 1693591289000}, 'trackingCode': 'db3d06cd1ae6065d4c492c58a6fe4508', 'status': '15', 'description': 'O pacote já teve suas dimensões conferidas.', 'trackerType': 'a302942c7f755f858bd9a6c0c6be98fb', 'from': '6adf97f83acf6453d4a6a4b1070f3754', 'to': '6adf97f83acf6453d4a6a4b1070f3754'}, {'createdAt': {'$date': 1693553840000}, 'trackingCode': 'db3d06cd1ae6065d4c492c58a6fe4508', 'status': '3', 'description': 'O pacote está em uma base e, em breve, vai estar em transferência.', 'trackerType': 'a302942c7f755f858bd9a6c0c6be98fb', 'from': '4798ea2b0ab3b3c8e9edf3e4e2d9cc21', 'to': '6adf97f83acf6453d4a6a4b1070f3754'}, {'createdAt': {'$date': 1693676444000}, 'trackingCode': 'db3d06cd1ae6065d4c492c58a6fe4508', 'status': '15', 'description': 'O pacote já teve suas dimensões conferidas.', 'trackerType': 'a302942c7f755f858bd9a6c0c6be98fb', 'from': '78a32fcc48731cfdbb11966d312f5f4f', 'to': '6adf97f83acf6453d4a6a4b1070f3754'}, {'createdAt': {'$date': 1693807705000}, 'trackingCode': 'db3d06cd1ae6065d4c492c58a6fe4508', 'status': '16', 'description': 'O pacote está em transferência de uma base para outra.', 'trackerType': 'a302942c7f755f858bd9a6c0c6be98fb', 'from': '6adf97f83acf6453d4a6a4b1070f3754', 'to': '6adf97f83acf6453d4a6a4b1070f3754'}, {'createdAt': {'$date': 1693802201000}, 'trackingCode': 'db3d06cd1ae6065d4c492c58a6fe4508', 'status': '3', 'description': 'O pacote está em uma base e, em breve, vai estar em transferência.', 'trackerType': 'a302942c7f755f858bd9a6c0c6be98fb', 'from': '6adf97f83acf6453d4a6a4b1070f3754', 'to': '6adf97f83acf6453d4a6a4b1070f3754'}, {'createdAt': {'$date': 1693816853000}, 'trackingCode': 'db3d06cd1ae6065d4c492c58a6fe4508', 'status': '17', 'description': 'Tudo certo, o pacote está em uma base da Loggi.', 'trackerType': 'a302942c7f755f858bd9a6c0c6be98fb', 'from': 'a4a92f08f6d03465abe6a1d32b74f192', 'to': '6adf97f83acf6453d4a6a4b1070f3754'}, {'createdAt': {'$date': 1693830447000}, 'trackingCode': 'db3d06cd1ae6065d4c492c58a6fe4508', 'status': '11', 'description': 'O pacote está a caminho.', 'trackerType': 'a302942c7f755f858bd9a6c0c6be98fb', 'from': '6adf97f83acf6453d4a6a4b1070f3754', 'to': '6adf97f83acf6453d4a6a4b1070f3754'}]"
U,ae45506b4668aa57513b124d27eda7f0,1689594398,1693824982,1693824982,"[{'createdAt': {'$date': 1689353365000}, 'trackingCode': '13cf53c4f0979a866f6e7ef500565dc0', 'status': '16', 'description': 'Objeto recebido pelos Correios do Brasil', 'trackerType': '27bb7dfdbe0de2d482d1c37c3fe5bfe3', 'from': '8f858ee1067df0a89292373651e6c73e', 'to': '6adf97f83acf6453d4a6a4b1070f3754'}, {'createdAt': {'$date': 1689007980000}, 'trackingCode': '13cf53c4f0979a866f6e7ef500565dc0', 'status': '01', 'description': 'Objeto em trânsito - por favor aguarde', 'trackerType': '27bb7dfdbe0de2d482d1c37c3fe5bfe3', 'from': 'f0aa1982f61314b9aab258c2f110ebab', 'to': 'fab9ec2163f1d49c0421e3d6bb8e760b'}, {'createdAt': {'$date': 1689007260000}, 'trackingCode': '13cf53c4f0979a866f6e7ef500565dc0', 'status': '18', 'description': 'Objeto recebido na unidade de exportação no país de origem', 'trackerType': '27bb7dfdbe0de2d482d1c37c3fe5bfe3', 'from': 'f0aa1982f61314b9aab258c2f110ebab', 'to': '6adf97f83acf6453d4a6a4b1070f3754'}, {'createdAt': {'$date': 1689006120000}, 'trackingCode': '13cf53c4f0979a866f6e7ef500565dc0', 'status': '01', 'description': 'Objeto postado', 'trackerType': '27bb7dfdbe0de2d482d1c37c3fe5bfe3', 'from': 'f0aa1982f61314b9aab258c2f110ebab', 'to': '6adf97f83acf6453d4a6a4b1070f3754'}, {'createdAt': {'$date': 1689854269000}, 'trackingCode': '13cf53c4f0979a866f6e7ef500565dc0', 'status': '01', 'description': 'Objeto em trânsito - por favor aguarde', 'trackerType': '27bb7dfdbe0de2d482d1c37c3fe5bfe3', 'from': '19f61c9bfe1f048ab353e403dfde3103', 'to': '14715bd2acdbd6d389ce8747d560689a'}, {'createdAt': {'$date': 1689853304000}, 'trackingCode': '13cf53c4f0979a866f6e7ef500565dc0', 'status': '10', 'description': 'Fiscalização aduaneira finalizada', 'trackerType': '27bb7dfdbe0de2d482d1c37c3fe5bfe3', 'from': '8f858ee1067df0a89292373651e6c73e', 'to': '6adf97f83acf6453d4a6a4b1070f3754'}, {'createdAt': {'$date': 1690559516000}, 'trackingCode': '13cf53c4f0979a866f6e7ef500565dc0', 'status': '01', 'description': 'Objeto em trânsito - por favor aguarde', 'trackerType': '27bb7dfdbe0de2d482d1c37c3fe5bfe3', 'from': '14715bd2acdbd6d389ce8747d560689a', 'to': 'b752b7cfee2d661585477a6bbb56f97c'}, {'createdAt': {'$date': 1690904660000}, 'trackingCode': '13cf53c4f0979a866f6e7ef500565dc0', 'status': '01', 'description': 'Objeto entregue ao destinatário', 'trackerType': '27bb7dfdbe0de2d482d1c37c3fe5bfe3', 'from': 'ae9f39b2bce2721a0f3956a649639291', 'to': '6adf97f83acf6453d4a6a4b1070f3754'}, {'createdAt': {'$date': 1690899997000}, 'trackingCode': '13cf53c4f0979a866f6e7ef500565dc0', 'status': '01', 'description': 'Objeto saiu para entrega ao destinatário', 'trackerType': '27bb7dfdbe0de2d482d1c37c3fe5bfe3', 'from': 'ae9f39b2bce2721a0f3956a649639291', 'to': '6adf97f83acf6453d4a6a4b1070f3754'}]"
U,2a0dceb7f193129bc29e6b7c9f75ceb9,1692870299,1693824982,1693824982,"[{'createdAt': {'$date': 1692200234000}, 'trackingCode': 'c2fa252fdf9c7603b8438393ad13d1d2', 'status': '01', 'description': 'Objeto entregue ao destinatário', 'trackerType': '27bb7dfdbe0de2d482d1c37c3fe5bfe3', 'from': '0fa2d3e0c40dc18826ac3174b2e31797', 'to': '6adf97f83acf6453d4a6a4b1070f3754'}, {'createdAt': {'$date': 1692184979000}, 'trackingCode': 'c2fa252fdf9c7603b8438393ad13d1d2', 'status': '01', 'description': 'Objeto saiu para entrega ao destinatário', 'trackerType': '27bb7dfdbe0de2d482d1c37c3fe5bfe3', 'from': '0fa2d3e0c40dc18826ac3174b2e31797', 'to': '6adf97f83acf6453d4a6a4b1070f3754'}, {'createdAt': {'$date': 1692158153000}, 'trackingCode': 'c2fa252fdf9c7603b8438393ad13d1d2', 'status': '01', 'description': 'Objeto em trânsito - por favor aguarde', 'trackerType': '27bb7dfdbe0de2d482d1c37c3fe5bfe3', 'from': '1bcc8bdf8428e5a2b31c91f6767c6263', 'to': '0fa2d3e0c40dc18826ac3174b2e31797'}, {'createdAt': {'$date': 1692022225000}, 'trackingCode': 'c2fa252fdf9c7603b8438393ad13d1d2', 'status': '01', 'description': 'Objeto em trânsito - por favor aguarde', 'trackerType': '27bb7dfdbe0de2d482d1c37c3fe5bfe3', 'from': '9c503ecc4f113471367063483aca15c7', 'to': '1bcc8bdf8428e5a2b31c91f6767c6263'}, {'createdAt': {'$date': 1691678463000}, 'trackingCode': 'c2fa252fdf9c7603b8438393ad13d1d2', 'status': '01', 'description': 'Objeto em trânsito - por favor aguarde', 'trackerType': '27bb7dfdbe0de2d482d1c37c3fe5bfe3', 'from': '44d02c36e6691bb8faacd16784348114', 'to': '9c503ecc4f113471367063483aca15c7'}, {'createdAt': {'$date': 1691678462000}, 'trackingCode': 'c2fa252fdf9c7603b8438393ad13d1d2', 'status': '10', 'description': 'Fiscalização aduaneira finalizada', 'trackerType': '27bb7dfdbe0de2d482d1c37c3fe5bfe3', 'from': '44d02c36e6691bb8faacd16784348114', 'to': '6adf97f83acf6453d4a6a4b1070f3754'}, {'createdAt': {'$date': 1691673996000}, 'trackingCode': 'c2fa252fdf9c7603b8438393ad13d1d2', 'status': '16', 'description': 'Objeto recebido pelos Correios do Brasil', 'trackerType': '27bb7dfdbe0de2d482d1c37c3fe5bfe3', 'from': '44d02c36e6691bb8faacd16784348114', 'to': '6adf97f83acf6453d4a6a4b1070f3754'}, {'createdAt': {'$date': 1691023248000}, 'trackingCode': 'c2fa252fdf9c7603b8438393ad13d1d2', 'status': '01', 'description': 'Objeto postado', 'trackerType': '27bb7dfdbe0de2d482d1c37c3fe5bfe3', 'from': 'f0aa1982f61314b9aab258c2f110ebab', 'to': '6adf97f83acf6453d4a6a4b1070f3754'}]"
U,dc0291526243c2defb1ad6ada20a94b7,1692037367,1693824982,1693824982,"[{'createdAt': {'$date': 1692045796000}, 'trackingCode': '34b382eeebd0052d894a68c25ff70352', 'status': '13', 'description': 'O pacote foi confirmado em uma base da Loggi e vai ser preparado para transferência.', 'trackerType': 'a302942c7f755f858bd9a6c0c6be98fb', 'from': 'a0a65c186d82bc2b220c899f91efd023', 'to': '6adf97f83acf6453d4a6a4b1070f3754'}, {'createdAt': {'$date': 1691588923000}, 'trackingCode': '34b382eeebd0052d894a68c25ff70352', 'status': '1', 'description': 'A etiqueta de envio já foi criada e o pacote está pronto para a coleta.', 'trackerType': 'a302942c7f755f858bd9a6c0c6be98fb', 'from': 'a0a65c186d82bc2b220c899f91efd023', 'to': '6adf97f83acf6453d4a6a4b1070f3754'}, {'createdAt': {'$date': 1692090452000}, 'trackingCode': '34b382eeebd0052d894a68c25ff70352', 'status': '16', 'description': 'O pacote está em transferência de uma base para outra.', 'trackerType': 'a302942c7f755f858bd9a6c0c6be98fb', 'from': '6adf97f83acf6453d4a6a4b1070f3754', 'to': '6adf97f83acf6453d4a6a4b1070f3754'}, {'createdAt': {'$date': 1692090415000}, 'trackingCode': '34b382eeebd0052d894a68c25ff70352', 'status': '3', 'description': 'O pacote está em uma base e, em breve, vai estar em transferência.', 'trackerType': 'a302942c7f755f858bd9a6c0c6be98fb', 'from': '6adf97f83acf6453d4a6a4b1070f3754', 'to': '6adf97f83acf6453d4a6a4b1070f3754'}, {'createdAt': {'$date': 1692109185000}, 'trackingCode': '34b382eeebd0052d894a68c25ff70352', 'status': '17', 'description': 'Tudo certo, o pacote está em uma base da Loggi.', 'trackerType': 'a302942c7f755f858bd9a6c0c6be98fb', 'from': '6adf97f83acf6453d4a6a4b1070f3754', 'to': '6adf97f83acf6453d4a6a4b1070f3754'}, {'createdAt': {'$date': 1692090414000}, 'trackingCode': '34b382eeebd0052d894a68c25ff70352', 'status': '3', 'description': 'O pacote está em uma base e, em breve, vai estar em transferência.', 'trackerType': 'a302942c7f755f858bd9a6c0c6be98fb', 'from': '9a5f1b924065b578493527753059860d', 'to': '6adf97f83acf6453d4a6a4b1070f3754'}, {'createdAt': {'$date': 1692154780000}, 'trackingCode': '34b382eeebd0052d894a68c25ff70352', 'status': '3', 'description': 'O pacote está em uma base e, em breve, vai estar em transferência.', 'trackerType': 'a302942c7f755f858bd9a6c0c6be98fb', 'from': '6adf97f83acf6453d4a6a4b1070f3754', 'to': '6adf97f83acf6453d4a6a4b1070f3754'}, {'createdAt': {'$date': 1692159236000}, 'trackingCode': '34b382eeebd0052d894a68c25ff70352', 'status': '16', 'description': 'O pacote está em transferência de uma base para outra.', 'trackerType': 'a302942c7f755f858bd9a6c0c6be98fb', 'from': '6adf97f83acf6453d4a6a4b1070f3754', 'to': '6adf97f83acf6453d4a6a4b1070f3754'}, {'createdAt': {'$date': 1692154782000}, 'trackingCode': '34b382eeebd0052d894a68c25ff70352', 'status': '3', 'description': 'O pacote está em uma base e, em breve, vai estar em transferência.', 'trackerType': 'a302942c7f755f858bd9a6c0c6be98fb', 'from': '6adf97f83acf6453d4a6a4b1070f3754', 'to': '6adf97f83acf6453d4a6a4b1070f3754'}, {'createdAt': {'$date': 1692228834000}, 'trackingCode': '34b382eeebd0052d894a68c25ff70352', 'status': '15', 'description': 'O pacote já teve suas dimensões conferidas.', 'trackerType': 'a302942c7f755f858bd9a6c0c6be98fb', 'from': '78a32fcc48731cfdbb11966d312f5f4f', 'to': '6adf97f83acf6453d4a6a4b1070f3754'}, {'createdAt': {'$date': 1692314162000}, 'trackingCode': '34b382eeebd0052d894a68c25ff70352', 'status': '15', 'description': 'O pacote já teve suas dimensões conferidas.', 'trackerType': 'a302942c7f755f858bd9a6c0c6be98fb', 'from': '6b964d21239207b3bf4f4bc6b037b561', 'to': '6adf97f83acf6453d4a6a4b1070f3754'}, {'createdAt': {'$date': 1692345770000}, 'trackingCode': '34b382eeebd0052d894a68c25ff70352', 'status': '16', 'description': 'O pacote está em transferência de uma base para outra.', 'trackerType': 'a302942c7f755f858bd9a6c0c6be98fb', 'from': '6adf97f83acf6453d4a6a4b1070f3754', 'to': '6adf97f83acf6453d4a6a4b1070f3754'}, {'createdAt': {'$date': 1692344488000}, 'trackingCode': '34b382eeebd0052d894a68c25ff70352', 'status': '3', 'description': 'O pacote está em uma base e, em breve, vai estar em transferência.', 'trackerType': 'a302942c7f755f858bd9a6c0c6be98fb', 'from': '6adf97f83acf6453d4a6a4b1070f3754', 'to': '6adf97f83acf6453d4a6a4b1070f3754'}, {'createdAt': {'$date': 1692367657000}, 'trackingCode': '34b382eeebd0052d894a68c25ff70352', 'status': '17', 'description': 'Tudo certo, o pacote está em uma base da Loggi.', 'trackerType': 'a302942c7f755f858bd9a6c0c6be98fb', 'from': '6adf97f83acf6453d4a6a4b1070f3754', 'to': '6adf97f83acf6453d4a6a4b1070f3754'}, {'createdAt': {'$date': 1692377385000}, 'trackingCode': '34b382eeebd0052d894a68c25ff70352', 'status': '11', 'description': 'O pacote está a caminho.', 'trackerType': 'a302942c7f755f858bd9a6c0c6be98fb', 'from': '6adf97f83acf6453d4a6a4b1070f3754', 'to': '6adf97f83acf6453d4a6a4b1070f3754'}, {'createdAt': {'$date': 1692617291000}, 'trackingCode': '34b382eeebd0052d894a68c25ff70352', 'status': '11', 'description': 'O pacote está a caminho.', 'trackerType': 'a302942c7f755f858bd9a6c0c6be98fb', 'from': '6adf97f83acf6453d4a6a4b1070f3754', 'to': '6adf97f83acf6453d4a6a4b1070f3754'}, {'createdAt': {'$date': 1692617290000}, 'trackingCode': '34b382eeebd0052d894a68c25ff70352', 'status': '4', 'description': 'O pacote está em uma base da Loggi e, em breve, vai sair para entrega.', 'trackerType': 'a302942c7f755f858bd9a6c0c6be98fb', 'from': '6adf97f83acf6453d4a6a4b1070f3754', 'to': '6adf97f83acf6453d4a6a4b1070f3754'}, {'createdAt': {'$date': 1692617289000}, 'trackingCode': '34b382eeebd0052d894a68c25ff70352', 'status': '11', 'description': 'O pacote está a caminho.', 'trackerType': 'a302942c7f755f858bd9a6c0c6be98fb', 'from': '6adf97f83acf6453d4a6a4b1070f3754', 'to': '6adf97f83acf6453d4a6a4b1070f3754'}, {'createdAt': {'$date': 1692664478000}, 'trackingCode': '34b382eeebd0052d894a68c25ff70352', 'status': '5', 'description': 'O pacote chegou ao destino final.', 'trackerType': 'a302942c7f755f858bd9a6c0c6be98fb', 'from': '99e95865aa09b373fb10a0b21f61e0d5', 'to': '6adf97f83acf6453d4a6a4b1070f3754'}]"
U,45d9d6067ca8cfd29e61a9655e093f62,1692306425,1693824982,1693824982,"[{'createdAt': {'$date': 1692290563000}, 'trackingCode': 'a9413208c28ba69fcf2b360401088c7f', 'status': None, 'description': 'EMISSAO', 'trackerType': '202591c2658eb8db7d1c57e1273cd270', 'from': '5e2d88f43e26374cc68da1b77172bb63', 'to': '6adf97f83acf6453d4a6a4b1070f3754'}, {'createdAt': {'$date': 1692298171000}, 'trackingCode': 'a9413208c28ba69fcf2b360401088c7f', 'status': None, 'description': 'TRANSFERENCIA', 'trackerType': '202591c2658eb8db7d1c57e1273cd270', 'from': '5e2d88f43e26374cc68da1b77172bb63', 'to': '6adf97f83acf6453d4a6a4b1070f3754'}, {'createdAt': {'$date': 1692405799000}, 'trackingCode': 'a9413208c28ba69fcf2b360401088c7f', 'status': None, 'description': 'ENTRADA', 'trackerType': '202591c2658eb8db7d1c57e1273cd270', 'from': '1d1c443b2c522e1aa7f7a17813a9557e', 'to': '6adf97f83acf6453d4a6a4b1070f3754'}, {'createdAt': {'$date': 1692406721000}, 'trackingCode': 'a9413208c28ba69fcf2b360401088c7f', 'status': None, 'description': 'TRANSFERENCIA', 'trackerType': '202591c2658eb8db7d1c57e1273cd270', 'from': '1d1c443b2c522e1aa7f7a17813a9557e', 'to': '6adf97f83acf6453d4a6a4b1070f3754'}, {'createdAt': {'$date': 1692476500000}, 'trackingCode': 'a9413208c28ba69fcf2b360401088c7f', 'status': None, 'description': 'TRANSFERENCIA', 'trackerType': '202591c2658eb8db7d1c57e1273cd270', 'from': 'fac929278c0e5ba967802153ba729336', 'to': '6adf97f83acf6453d4a6a4b1070f3754'}, {'createdAt': {'$date': 1692476613000}, 'trackingCode': 'a9413208c28ba69fcf2b360401088c7f', 'status': None, 'description': 'TRANSFERENCIA', 'trackerType': '202591c2658eb8db7d1c57e1273cd270', 'from': 'fac929278c0e5ba967802153ba729336', 'to': '6adf97f83acf6453d4a6a4b1070f3754'}, {'createdAt': {'$date': 1692800183000}, 'trackingCode': 'a9413208c28ba69fcf2b360401088c7f', 'status': None, 'description': 'ENTRADA', 'trackerType': '202591c2658eb8db7d1c57e1273cd270', 'from': 'b29f0fd3de6fc841450ab88f5ee37b93', 'to': '6adf97f83acf6453d4a6a4b1070f3754'}, {'createdAt': {'$date': 1692807575000}, 'trackingCode': 'a9413208c28ba69fcf2b360401088c7f', 'status': None, 'description': 'ENTRADA', 'trackerType': '202591c2658eb8db7d1c57e1273cd270', 'from': '8b05bd40d86ff329665234b860a6d658', 'to': '6adf97f83acf6453d4a6a4b1070f3754'}, {'createdAt': {'$date': 1692807992000}, 'trackingCode': 'a9413208c28ba69fcf2b360401088c7f', 'status': None, 'description': 'TRANSFERENCIA', 'trackerType': '202591c2658eb8db7d1c57e1273cd270', 'from': 'b29f0fd3de6fc841450ab88f5ee37b93', 'to': '6adf97f83acf6453d4a6a4b1070f3754'}, {'createdAt': {'$date': 1692808633000}, 'trackingCode': 'a9413208c28ba69fcf2b360401088c7f', 'status': None, 'description': 'TRANSFERIDO PARA UNIDADE', 'trackerType': '202591c2658eb8db7d1c57e1273cd270', 'from': 'b29f0fd3de6fc841450ab88f5ee37b93', 'to': '6adf97f83acf6453d4a6a4b1070f3754'}, {'createdAt': {'$date': 1692967140000}, 'trackingCode': 'a9413208c28ba69fcf2b360401088c7f', 'status': None, 'description': 'ENTRADA', 'trackerType': '202591c2658eb8db7d1c57e1273cd270', 'from': '8b05bd40d86ff329665234b860a6d658', 'to': '6adf97f83acf6453d4a6a4b1070f3754'}, {'createdAt': {'$date': 1692967163000}, 'trackingCode': 'a9413208c28ba69fcf2b360401088c7f', 'status': None, 'description': 'EM ROTA', 'trackerType': '202591c2658eb8db7d1c57e1273cd270', 'from': '8b05bd40d86ff329665234b860a6d658', 'to': '6adf97f83acf6453d4a6a4b1070f3754'}, {'createdAt': {'$date': 1692978560000}, 'trackingCode': 'a9413208c28ba69fcf2b360401088c7f', 'status': None, 'description': 'ENTREGUE', 'trackerType': '202591c2658eb8db7d1c57e1273cd270', 'from': '8b05bd40d86ff329665234b860a6d658', 'to': '6adf97f83acf6453d4a6a4b1070f3754'}]"
U,d0b7e9086617c020ba32510480e25e33,1693299353,1693824982,1693824982,"[{'createdAt': {'$date': 1693295669000}, 'trackingCode': 'bc6b44ffc496257e41998bd45915049e', 'status': '15', 'description': 'Transferido', 'trackerType': '560eb3b8655c97fabfc9af244772eeed', 'from': '23f9a10d30b3af5a77131dcdc4f38c7d', 'to': '6adf97f83acf6453d4a6a4b1070f3754'}, {'createdAt': {'$date': 1693257696000}, 'trackingCode': 'bc6b44ffc496257e41998bd45915049e', 'status': '14', 'description': 'Em Transferência', 'trackerType': '560eb3b8655c97fabfc9af244772eeed', 'from': 'db0132181a7483408b652358f162af80', 'to': '6adf97f83acf6453d4a6a4b1070f3754'}, {'createdAt': {'$date': 1693243446000}, 'trackingCode': 'bc6b44ffc496257e41998bd45915049e', 'status': '34', 'description': 'CT-e autorizado', 'trackerType': '560eb3b8655c97fabfc9af244772eeed', 'from': 'db0132181a7483408b652358f162af80', 'to': '6adf97f83acf6453d4a6a4b1070f3754'}, {'createdAt': {'$date': 1693243124000}, 'trackingCode': 'bc6b44ffc496257e41998bd45915049e', 'status': '2', 'description': 'Recebido pela transportadora', 'trackerType': '560eb3b8655c97fabfc9af244772eeed', 'from': 'db0132181a7483408b652358f162af80', 'to': '6adf97f83acf6453d4a6a4b1070f3754'}, {'createdAt': {'$date': 1692879792000}, 'trackingCode': 'bc6b44ffc496257e41998bd45915049e', 'status': '1', 'description': 'Arquivo Recebido', 'trackerType': '560eb3b8655c97fabfc9af244772eeed', 'from': '75f179d159546c08fa030988d9a2fa1c', 'to': '6adf97f83acf6453d4a6a4b1070f3754'}, {'createdAt': {'$date': 1693492935000}, 'trackingCode': 'bc6b44ffc496257e41998bd45915049e', 'status': '6', 'description': 'Entregue', 'trackerType': '560eb3b8655c97fabfc9af244772eeed', 'from': '75f179d159546c08fa030988d9a2fa1c', 'to': '6adf97f83acf6453d4a6a4b1070f3754'}, {'createdAt': {'$date': 1693492934000}, 'trackingCode': 'bc6b44ffc496257e41998bd45915049e', 'status': '5', 'description': 'A caminho do destinatário', 'trackerType': '560eb3b8655c97fabfc9af244772eeed', 'from': '75f179d159546c08fa030988d9a2fa1c', 'to': '6adf97f83acf6453d4a6a4b1070f3754'}, {'createdAt': {'$date': 1693492897000}, 'trackingCode': 'bc6b44ffc496257e41998bd45915049e', 'status': '4', 'description': 'Em Rota', 'trackerType': '560eb3b8655c97fabfc9af244772eeed', 'from': '75f179d159546c08fa030988d9a2fa1c', 'to': '6adf97f83acf6453d4a6a4b1070f3754'}, {'createdAt': {'$date': 1693492870000}, 'trackingCode': 'bc6b44ffc496257e41998bd45915049e', 'status': '3', 'description': 'Geração de lista', 'trackerType': '560eb3b8655c97fabfc9af244772eeed', 'from': '75f179d159546c08fa030988d9a2fa1c', 'to': '6adf97f83acf6453d4a6a4b1070f3754'}, {'createdAt': {'$date': 1693492775000}, 'trackingCode': 'bc6b44ffc496257e41998bd45915049e', 'status': '15', 'description': 'Transferido', 'trackerType': '560eb3b8655c97fabfc9af244772eeed', 'from': '75f179d159546c08fa030988d9a2fa1c', 'to': '6adf97f83acf6453d4a6a4b1070f3754'}, {'createdAt': {'$date': 1693492715000}, 'trackingCode': 'bc6b44ffc496257e41998bd45915049e', 'status': '14', 'description': 'Em Transferência', 'trackerType': '560eb3b8655c97fabfc9af244772eeed', 'from': '23f9a10d30b3af5a77131dcdc4f38c7d', 'to': '6adf97f83acf6453d4a6a4b1070f3754'}, {'createdAt': {'$date': 1693492661000}, 'trackingCode': 'bc6b44ffc496257e41998bd45915049e', 'status': '15', 'description': 'Transferido', 'trackerType': '560eb3b8655c97fabfc9af244772eeed', 'from': '23f9a10d30b3af5a77131dcdc4f38c7d', 'to': '6adf97f83acf6453d4a6a4b1070f3754'}, {'createdAt': {'$date': 1693492661000}, 'trackingCode': 'bc6b44ffc496257e41998bd45915049e', 'status': '15', 'description': 'Transferido', 'trackerType': '560eb3b8655c97fabfc9af244772eeed', 'from': '23f9a10d30b3af5a77131dcdc4f38c7d', 'to': '6adf97f83acf6453d4a6a4b1070f3754'}]"
U,db99cab5cc82ecbc4d7a37920fff19e9,1690913236,1693824982,1693824982,"[{'createdAt': {'$date': 1690911259000}, 'trackingCode': '7e22cf7c29c31dc459f064a022ca5ef4', 'status': None, 'description': 'EMISSAO', 'trackerType': '202591c2658eb8db7d1c57e1273cd270', 'from': 'c021258317e90e0cdbdf5bad6d6fca3f', 'to': '6adf97f83acf6453d4a6a4b1070f3754'}, {'createdAt': {'$date': 1690911323000}, 'trackingCode': '7e22cf7c29c31dc459f064a022ca5ef4', 'status': None, 'description': 'TRANSFERENCIA', 'trackerType': '202591c2658eb8db7d1c57e1273cd270', 'from': 'c021258317e90e0cdbdf5bad6d6fca3f', 'to': '6adf97f83acf6453d4a6a4b1070f3754'}, {'createdAt': {'$date': 1690968790000}, 'trackingCode': '7e22cf7c29c31dc459f064a022ca5ef4', 'status': None, 'description': 'ENTRADA', 'trackerType': '202591c2658eb8db7d1c57e1273cd270', 'from': 'fac929278c0e5ba967802153ba729336', 'to': '6adf97f83acf6453d4a6a4b1070f3754'}, {'createdAt': {'$date': 1690981409000}, 'trackingCode': '7e22cf7c29c31dc459f064a022ca5ef4', 'status': None, 'description': 'TRANSFERENCIA', 'trackerType': '202591c2658eb8db7d1c57e1273cd270', 'from': 'fac929278c0e5ba967802153ba729336', 'to': '6adf97f83acf6453d4a6a4b1070f3754'}, {'createdAt': {'$date': 1690983766000}, 'trackingCode': '7e22cf7c29c31dc459f064a022ca5ef4', 'status': None, 'description': 'TRANSFERENCIA', 'trackerType': '202591c2658eb8db7d1c57e1273cd270', 'from': 'bb06c77b0bda796758fb2d30ec897c06', 'to': '6adf97f83acf6453d4a6a4b1070f3754'}, {'createdAt': {'$date': 1690983819000}, 'trackingCode': '7e22cf7c29c31dc459f064a022ca5ef4', 'status': None, 'description': 'TRANSFERIDO PARA UNIDADE', 'trackerType': '202591c2658eb8db7d1c57e1273cd270', 'from': 'bb06c77b0bda796758fb2d30ec897c06', 'to': '6adf97f83acf6453d4a6a4b1070f3754'}, {'createdAt': {'$date': 1690984094000}, 'trackingCode': '7e22cf7c29c31dc459f064a022ca5ef4', 'status': None, 'description': 'TRANSFERENCIA', 'trackerType': '202591c2658eb8db7d1c57e1273cd270', 'from': 'fac929278c0e5ba967802153ba729336', 'to': '6adf97f83acf6453d4a6a4b1070f3754'}, {'createdAt': {'$date': 1690984131000}, 'trackingCode': '7e22cf7c29c31dc459f064a022ca5ef4', 'status': None, 'description': 'TRANSFERIDO PARA UNIDADE', 'trackerType': '202591c2658eb8db7d1c57e1273cd270', 'from': 'fac929278c0e5ba967802153ba729336', 'to': '6adf97f83acf6453d4a6a4b1070f3754'}, {'createdAt': {'$date': 1691060676000}, 'trackingCode': '7e22cf7c29c31dc459f064a022ca5ef4', 'status': None, 'description': 'EM ROTA', 'trackerType': '202591c2658eb8db7d1c57e1273cd270', 'from': 'ba7d652fbd23621d65239d31e1ffde2c', 'to': '6adf97f83acf6453d4a6a4b1070f3754'}, {'createdAt': {'$date': 1691087149000}, 'trackingCode': '7e22cf7c29c31dc459f064a022ca5ef4', 'status': None, 'description': 'ENTREGUE', 'trackerType': '202591c2658eb8db7d1c57e1273cd270', 'from': 'ba7d652fbd23621d65239d31e1ffde2c', 'to': '6adf97f83acf6453d4a6a4b1070f3754'}]"
U,e393d71a1fc903be17576fa0a897365e,1693317337,1693824982,1693824982,"[{'createdAt': {'$date': 1693240870000}, 'trackingCode': '58c17807c125638b4b7c4f15d55eb0f8', 'status': None, 'description': 'EMISSAO', 'trackerType': '202591c2658eb8db7d1c57e1273cd270', 'from': 'a044af02359cc5285917bf0148a7af5e', 'to': '6adf97f83acf6453d4a6a4b1070f3754'}, {'createdAt': {'$date': 1693242743000}, 'trackingCode': '58c17807c125638b4b7c4f15d55eb0f8', 'status': None, 'description': 'TRANSFERENCIA', 'trackerType': '202591c2658eb8db7d1c57e1273cd270', 'from': 'a044af02359cc5285917bf0148a7af5e', 'to': '6adf97f83acf6453d4a6a4b1070f3754'}, {'createdAt': {'$date': 1693455716000}, 'trackingCode': '58c17807c125638b4b7c4f15d55eb0f8', 'status': None, 'description': 'TRANSFERENCIA', 'trackerType': '202591c2658eb8db7d1c57e1273cd270', 'from': 'fac929278c0e5ba967802153ba729336', 'to': '6adf97f83acf6453d4a6a4b1070f3754'}, {'createdAt': {'$date': 1693464086000}, 'trackingCode': '58c17807c125638b4b7c4f15d55eb0f8', 'status': None, 'description': 'TRANSFERENCIA', 'trackerType': '202591c2658eb8db7d1c57e1273cd270', 'from': 'fac929278c0e5ba967802153ba729336', 'to': '6adf97f83acf6453d4a6a4b1070f3754'}, {'createdAt': {'$date': 1693464436000}, 'trackingCode': '58c17807c125638b4b7c4f15d55eb0f8', 'status': None, 'description': 'TRANSFERIDO PARA UNIDADE', 'trackerType': '202591c2658eb8db7d1c57e1273cd270', 'from': 'fac929278c0e5ba967802153ba729336', 'to': '6adf97f83acf6453d4a6a4b1070f3754'}, {'createdAt': {'$date': 1693472382000}, 'trackingCode': '58c17807c125638b4b7c4f15d55eb0f8', 'status': None, 'description': 'ENTRADA', 'trackerType': '202591c2658eb8db7d1c57e1273cd270', 'from': 'd2d367c924ac0961f57f0ccede102a5d', 'to': '6adf97f83acf6453d4a6a4b1070f3754'}, {'createdAt': {'$date': 1693473041000}, 'trackingCode': '58c17807c125638b4b7c4f15d55eb0f8', 'status': None, 'description': 'EM ROTA', 'trackerType': '202591c2658eb8db7d1c57e1273cd270', 'from': 'd2d367c924ac0961f57f0ccede102a5d', 'to': '6adf97f83acf6453d4a6a4b1070f3754'}, {'createdAt': {'$date': 1693476710000}, 'trackingCode': '58c17807c125638b4b7c4f15d55eb0f8', 'status': None, 'description': 'AUSENTE 1', 'trackerType': '202591c2658eb8db7d1c57e1273cd270', 'from': 'd2d367c924ac0961f57f0ccede102a5d', 'to': '6adf97f83acf6453d4a6a4b1070f3754'}, {'createdAt': {'$date': 1693559001000}, 'trackingCode': '58c17807c125638b4b7c4f15d55eb0f8', 'status': None, 'description': 'EM ROTA', 'trackerType': '202591c2658eb8db7d1c57e1273cd270', 'from': 'd2d367c924ac0961f57f0ccede102a5d', 'to': '6adf97f83acf6453d4a6a4b1070f3754'}, {'createdAt': {'$date': 1693563385000}, 'trackingCode': '58c17807c125638b4b7c4f15d55eb0f8', 'status': None, 'description': 'ENTREGUE', 'trackerType': '202591c2658eb8db7d1c57e1273cd270', 'from': 'd2d367c924ac0961f57f0ccede102a5d', 'to': '6adf97f83acf6453d4a6a4b1070f3754'}]"
U,26204cab9cf7244659c38c758adf8908,1692912496,1693824982,1693824982,"[{'createdAt': {'$date': 1692894660000}, 'trackingCode': 'f7824dfb748941e9fe9db9936cb9178f', 'status': '1', 'description': None, 'trackerType': '2e7165ceb19f183e695ce49285a4c228', 'from': 'cdd64cb797821d59ddd73236bda46533', 'to': 'd4498e452a9ae23e25cbf77bbf826be2'}, {'createdAt': {'$date': 1692894660000}, 'trackingCode': 'f7824dfb748941e9fe9db9936cb9178f', 'status': '11', 'description': None, 'trackerType': '2e7165ceb19f183e695ce49285a4c228', 'from': 'cdd64cb797821d59ddd73236bda46533', 'to': 'db3b10fd07d2aa6db1caa4e6f2d8ec92'}, {'createdAt': {'$date': 1692894660000}, 'trackingCode': 'f7824dfb748941e9fe9db9936cb9178f', 'status': '1', 'description': None, 'trackerType': '2e7165ceb19f183e695ce49285a4c228', 'from': 'd4498e452a9ae23e25cbf77bbf826be2', 'to': 'db3b10fd07d2aa6db1caa4e6f2d8ec92'}, {'createdAt': {'$date': 1692894660000}, 'trackingCode': 'f7824dfb748941e9fe9db9936cb9178f', 'status': '2', 'description': None, 'trackerType': '2e7165ceb19f183e695ce49285a4c228', 'from': 'cdd64cb797821d59ddd73236bda46533', 'to': '6adf97f83acf6453d4a6a4b1070f3754'}, {'createdAt': {'$date': 1692901080000}, 'trackingCode': 'f7824dfb748941e9fe9db9936cb9178f', 'status': '3', 'description': None, 'trackerType': '2e7165ceb19f183e695ce49285a4c228', 'from': 'cdd64cb797821d59ddd73236bda46533', 'to': 'd4498e452a9ae23e25cbf77bbf826be2'}, {'createdAt': {'$date': 1692909600000}, 'trackingCode': 'f7824dfb748941e9fe9db9936cb9178f', 'status': '3', 'description': None, 'trackerType': '2e7165ceb19f183e695ce49285a4c228', 'from': 'cdd64cb797821d59ddd73236bda46533', 'to': 'd4498e452a9ae23e25cbf77bbf826be2'}, {'createdAt': {'$date': 1692915420000}, 'trackingCode': 'f7824dfb748941e9fe9db9936cb9178f', 'status': '7', 'description': None, 'trackerType': '2e7165ceb19f183e695ce49285a4c228', 'from': '40a8712b29ac76182ed0c4f632b7d543', 'to': 'd4498e452a9ae23e25cbf77bbf826be2'}, {'createdAt': {'$date': 1692936000000}, 'trackingCode': 'f7824dfb748941e9fe9db9936cb9178f', 'status': '6', 'description': None, 'trackerType': '2e7165ceb19f183e695ce49285a4c228', 'from': '40a8712b29ac76182ed0c4f632b7d543', 'to': 'd4498e452a9ae23e25cbf77bbf826be2'}, {'createdAt': {'$date': 1692967920000}, 'trackingCode': 'f7824dfb748941e9fe9db9936cb9178f', 'status': '1', 'description': None, 'trackerType': '2e7165ceb19f183e695ce49285a4c228', 'from': 'd4498e452a9ae23e25cbf77bbf826be2', 'to': 'db3b10fd07d2aa6db1caa4e6f2d8ec92'}, {'createdAt': {'$date': 1692971700000}, 'trackingCode': 'f7824dfb748941e9fe9db9936cb9178f', 'status': '3', 'description': None, 'trackerType': '2e7165ceb19f183e695ce49285a4c228', 'from': 'd4498e452a9ae23e25cbf77bbf826be2', 'to': 'db3b10fd07d2aa6db1caa4e6f2d8ec92'}, {'createdAt': {'$date': 1692983700000}, 'trackingCode': 'f7824dfb748941e9fe9db9936cb9178f', 'status': '3', 'description': None, 'trackerType': '2e7165ceb19f183e695ce49285a4c228', 'from': 'd4498e452a9ae23e25cbf77bbf826be2', 'to': 'db3b10fd07d2aa6db1caa4e6f2d8ec92'}, {'createdAt': {'$date': 1692984180000}, 'trackingCode': 'f7824dfb748941e9fe9db9936cb9178f', 'status': '3', 'description': None, 'trackerType': '2e7165ceb19f183e695ce49285a4c228', 'from': 'd4498e452a9ae23e25cbf77bbf826be2', 'to': 'db3b10fd07d2aa6db1caa4e6f2d8ec92'}, {'createdAt': {'$date': 1692988800000}, 'trackingCode': 'f7824dfb748941e9fe9db9936cb9178f', 'status': '7', 'description': None, 'trackerType': '2e7165ceb19f183e695ce49285a4c228', 'from': '40a8712b29ac76182ed0c4f632b7d543', 'to': 'db3b10fd07d2aa6db1caa4e6f2d8ec92'}, {'createdAt': {'$date': 1693026300000}, 'trackingCode': 'f7824dfb748941e9fe9db9936cb9178f', 'status': '12', 'description': 'Em Processo de Liberação Fiscal', 'trackerType': '2e7165ceb19f183e695ce49285a4c228', 'from': 'cdd64cb797821d59ddd73236bda46533', 'to': 'cdd64cb797821d59ddd73236bda46533'}, {'createdAt': {'$date': 1693027020000}, 'trackingCode': 'f7824dfb748941e9fe9db9936cb9178f', 'status': '3', 'description': None, 'trackerType': '2e7165ceb19f183e695ce49285a4c228', 'from': 'd4498e452a9ae23e25cbf77bbf826be2', 'to': 'db3b10fd07d2aa6db1caa4e6f2d8ec92'}, {'createdAt': {'$date': 1693034640000}, 'trackingCode': 'f7824dfb748941e9fe9db9936cb9178f', 'status': '3', 'description': None, 'trackerType': '2e7165ceb19f183e695ce49285a4c228', 'from': 'd4498e452a9ae23e25cbf77bbf826be2', 'to': 'db3b10fd07d2aa6db1caa4e6f2d8ec92'}, {'createdAt': {'$date': 1693039920000}, 'trackingCode': 'f7824dfb748941e9fe9db9936cb9178f', 'status': '7', 'description': None, 'trackerType': '2e7165ceb19f183e695ce49285a4c228', 'from': '40a8712b29ac76182ed0c4f632b7d543', 'to': 'db3b10fd07d2aa6db1caa4e6f2d8ec92'}, {'createdAt': {'$date': 1693057020000}, 'trackingCode': 'f7824dfb748941e9fe9db9936cb9178f', 'status': '6', 'description': None, 'trackerType': '2e7165ceb19f183e695ce49285a4c228', 'from': '40a8712b29ac76182ed0c4f632b7d543', 'to': 'db3b10fd07d2aa6db1caa4e6f2d8ec92'}, {'createdAt': {'$date': 1693213800000}, 'trackingCode': 'f7824dfb748941e9fe9db9936cb9178f', 'status': '9', 'description': None, 'trackerType': '2e7165ceb19f183e695ce49285a4c228', 'from': 'db3b10fd07d2aa6db1caa4e6f2d8ec92', 'to': '6adf97f83acf6453d4a6a4b1070f3754'}, {'createdAt': {'$date': 1693213800000}, 'trackingCode': 'f7824dfb748941e9fe9db9936cb9178f', 'status': '9', 'description': None, 'trackerType': '2e7165ceb19f183e695ce49285a4c228', 'from': 'db3b10fd07d2aa6db1caa4e6f2d8ec92', 'to': '6adf97f83acf6453d4a6a4b1070f3754'}]"
U,56457fa9b0f65279690588673c1c6fb4,1689162334,1693824982,1693824982,"[{'createdAt': {'$date': 1688991201000}, 'trackingCode': '38a7a0d6f3a47a10ee7c5fbefbd6a113', 'status': '01', 'description': 'Objeto em trânsito - por favor aguarde', 'trackerType': '27bb7dfdbe0de2d482d1c37c3fe5bfe3', 'from': '44d02c36e6691bb8faacd16784348114', 'to': '9c503ecc4f113471367063483aca15c7'}, {'createdAt': {'$date': 1688991200000}, 'trackingCode': '38a7a0d6f3a47a10ee7c5fbefbd6a113', 'status': '10', 'description': 'Fiscalização aduaneira finalizada', 'trackerType': '27bb7dfdbe0de2d482d1c37c3fe5bfe3', 'from': '44d02c36e6691bb8faacd16784348114', 'to': '6adf97f83acf6453d4a6a4b1070f3754'}, {'createdAt': {'$date': 1688983334000}, 'trackingCode': '38a7a0d6f3a47a10ee7c5fbefbd6a113', 'status': '16', 'description': 'Objeto recebido pelos Correios do Brasil', 'trackerType': '27bb7dfdbe0de2d482d1c37c3fe5bfe3', 'from': '44d02c36e6691bb8faacd16784348114', 'to': '6adf97f83acf6453d4a6a4b1070f3754'}, {'createdAt': {'$date': 1688450266000}, 'trackingCode': '38a7a0d6f3a47a10ee7c5fbefbd6a113', 'status': '01', 'description': 'Objeto postado', 'trackerType': '27bb7dfdbe0de2d482d1c37c3fe5bfe3', 'from': 'f0aa1982f61314b9aab258c2f110ebab', 'to': '6adf97f83acf6453d4a6a4b1070f3754'}, {'createdAt': {'$date': 1689333370000}, 'trackingCode': '38a7a0d6f3a47a10ee7c5fbefbd6a113', 'status': '01', 'description': 'Objeto em trânsito - por favor aguarde', 'trackerType': '27bb7dfdbe0de2d482d1c37c3fe5bfe3', 'from': '1f4ec826839b13b3dd1eb1de9e8688a6', 'to': '38fc97b4e28b63dae04ea5516b290de1'}, {'createdAt': {'$date': 1689664994000}, 'trackingCode': '38a7a0d6f3a47a10ee7c5fbefbd6a113', 'status': '01', 'description': 'Objeto em trânsito - por favor aguarde', 'trackerType': '27bb7dfdbe0de2d482d1c37c3fe5bfe3', 'from': '38fc97b4e28b63dae04ea5516b290de1', 'to': 'b63ae1d81c77e0d259a37dc358617618'}, {'createdAt': {'$date': 1690198204000}, 'trackingCode': '38a7a0d6f3a47a10ee7c5fbefbd6a113', 'status': '01', 'description': 'Objeto saiu para entrega ao destinatário', 'trackerType': '27bb7dfdbe0de2d482d1c37c3fe5bfe3', 'from': 'b63ae1d81c77e0d259a37dc358617618', 'to': '6adf97f83acf6453d4a6a4b1070f3754'}, {'createdAt': {'$date': 1690207831000}, 'trackingCode': '38a7a0d6f3a47a10ee7c5fbefbd6a113', 'status': '01', 'description': 'Objeto entregue ao destinatário', 'trackerType': '27bb7dfdbe0de2d482d1c37c3fe5bfe3', 'from': 'b63ae1d81c77e0d259a37dc358617618', 'to': '6adf97f83acf6453d4a6a4b1070f3754'}]"
U,d7ac108be5ec8a8a496ffa587c8de171,1690365234,1693824982,1693824982,"[{'createdAt': {'$date': 1690303195000}, 'trackingCode': '0d7bac987e1ca9ab07cb388d2d674359', 'status': None, 'description': 'EMISSAO', 'trackerType': '202591c2658eb8db7d1c57e1273cd270', 'from': '262a666dbc87b2504fc610a0b83036d6', 'to': '6adf97f83acf6453d4a6a4b1070f3754'}, {'createdAt': {'$date': 1690307785000}, 'trackingCode': '0d7bac987e1ca9ab07cb388d2d674359', 'status': None, 'description': 'TRANSFERENCIA', 'trackerType': '202591c2658eb8db7d1c57e1273cd270', 'from': '262a666dbc87b2504fc610a0b83036d6', 'to': '6adf97f83acf6453d4a6a4b1070f3754'}, {'createdAt': {'$date': 1690307815000}, 'trackingCode': '0d7bac987e1ca9ab07cb388d2d674359', 'status': None, 'description': 'TRANSFERENCIA', 'trackerType': '202591c2658eb8db7d1c57e1273cd270', 'from': '262a666dbc87b2504fc610a0b83036d6', 'to': '6adf97f83acf6453d4a6a4b1070f3754'}, {'createdAt': {'$date': 1690399080000}, 'trackingCode': '0d7bac987e1ca9ab07cb388d2d674359', 'status': None, 'description': 'ENTRADA', 'trackerType': '202591c2658eb8db7d1c57e1273cd270', 'from': '678eb27519e5bec839ae31ec9455ea1b', 'to': '6adf97f83acf6453d4a6a4b1070f3754'}, {'createdAt': {'$date': 1690404042000}, 'trackingCode': '0d7bac987e1ca9ab07cb388d2d674359', 'status': None, 'description': 'TRANSFERENCIA', 'trackerType': '202591c2658eb8db7d1c57e1273cd270', 'from': '678eb27519e5bec839ae31ec9455ea1b', 'to': '6adf97f83acf6453d4a6a4b1070f3754'}, {'createdAt': {'$date': 1690412064000}, 'trackingCode': '0d7bac987e1ca9ab07cb388d2d674359', 'status': None, 'description': 'TRANSFERENCIA', 'trackerType': '202591c2658eb8db7d1c57e1273cd270', 'from': '678eb27519e5bec839ae31ec9455ea1b', 'to': '6adf97f83acf6453d4a6a4b1070f3754'}, {'createdAt': {'$date': 1690465525000}, 'trackingCode': '0d7bac987e1ca9ab07cb388d2d674359', 'status': None, 'description': 'ENTRADA', 'trackerType': '202591c2658eb8db7d1c57e1273cd270', 'from': 'fac929278c0e5ba967802153ba729336', 'to': '6adf97f83acf6453d4a6a4b1070f3754'}, {'createdAt': {'$date': 1690473292000}, 'trackingCode': '0d7bac987e1ca9ab07cb388d2d674359', 'status': None, 'description': 'TRANSFERENCIA', 'trackerType': '202591c2658eb8db7d1c57e1273cd270', 'from': 'e81f9b321e898f638477f1f13bf81c38', 'to': '6adf97f83acf6453d4a6a4b1070f3754'}, {'createdAt': {'$date': 1690501597000}, 'trackingCode': '0d7bac987e1ca9ab07cb388d2d674359', 'status': None, 'description': 'TRANSFERENCIA', 'trackerType': '202591c2658eb8db7d1c57e1273cd270', 'from': 'e81f9b321e898f638477f1f13bf81c38', 'to': '6adf97f83acf6453d4a6a4b1070f3754'}, {'createdAt': {'$date': 1690519023000}, 'trackingCode': '0d7bac987e1ca9ab07cb388d2d674359', 'status': None, 'description': 'TRANSFERENCIA', 'trackerType': '202591c2658eb8db7d1c57e1273cd270', 'from': 'fac929278c0e5ba967802153ba729336', 'to': '6adf97f83acf6453d4a6a4b1070f3754'}, {'createdAt': {'$date': 1690531003000}, 'trackingCode': '0d7bac987e1ca9ab07cb388d2d674359', 'status': None, 'description': 'ENTRADA', 'trackerType': '202591c2658eb8db7d1c57e1273cd270', 'from': '85c85ceeae35b62a3c156caa82f4adf9', 'to': '6adf97f83acf6453d4a6a4b1070f3754'}, {'createdAt': {'$date': 1690532637000}, 'trackingCode': '0d7bac987e1ca9ab07cb388d2d674359', 'status': None, 'description': 'EM ROTA', 'trackerType': '202591c2658eb8db7d1c57e1273cd270', 'from': '85c85ceeae35b62a3c156caa82f4adf9', 'to': '6adf97f83acf6453d4a6a4b1070f3754'}, {'createdAt': {'$date': 1690552316000}, 'trackingCode': '0d7bac987e1ca9ab07cb388d2d674359', 'status': None, 'description': 'ENTREGUE', 'trackerType': '202591c2658eb8db7d1c57e1273cd270', 'from': '85c85ceeae35b62a3c156caa82f4adf9', 'to': '6adf97f83acf6453d4a6a4b1070f3754'}]"
U,1d441452e90b9043bc8c925e7143dedd,1690409315,1693824982,1693824982,"[{'createdAt': {'$date': 1690400161000}, 'trackingCode': 'bbbe158fc78e30076ab56167e7684b35', 'status': '102', 'description': 'Informação do Envio enviado à Azul Cargo Express (CT-e emitido)\t', 'trackerType': '3b24fa7e14555a1912e5bc2198f8e075', 'from': '573117b689761102d4b2e82849b74e0b', 'to': '6adf97f83acf6453d4a6a4b1070f3754'}, {'createdAt': {'$date': 1690436415000}, 'trackingCode': 'bbbe158fc78e30076ab56167e7684b35', 'status': '104', 'description': 'Deixou a unidade Azul Cargo Express\t', 'trackerType': '3b24fa7e14555a1912e5bc2198f8e075', 'from': '573117b689761102d4b2e82849b74e0b', 'to': '6adf97f83acf6453d4a6a4b1070f3754'}, {'createdAt': {'$date': 1690436418000}, 'trackingCode': 'bbbe158fc78e30076ab56167e7684b35', 'status': '134', 'description': 'Saída do voo\t', 'trackerType': '3b24fa7e14555a1912e5bc2198f8e075', 'from': '573117b689761102d4b2e82849b74e0b', 'to': '6adf97f83acf6453d4a6a4b1070f3754'}, {'createdAt': {'$date': 1690448460000}, 'trackingCode': 'bbbe158fc78e30076ab56167e7684b35', 'status': '137', 'description': 'Chegada do voo\t', 'trackerType': '3b24fa7e14555a1912e5bc2198f8e075', 'from': 'ed76a10a3cebcbb50cb43e29677dcd26', 'to': '6adf97f83acf6453d4a6a4b1070f3754'}, {'createdAt': {'$date': 1690448460000}, 'trackingCode': 'bbbe158fc78e30076ab56167e7684b35', 'status': '137', 'description': 'Chegada do voo\t', 'trackerType': '3b24fa7e14555a1912e5bc2198f8e075', 'from': 'ed76a10a3cebcbb50cb43e29677dcd26', 'to': '6adf97f83acf6453d4a6a4b1070f3754'}, {'createdAt': {'$date': 1690532964000}, 'trackingCode': 'bbbe158fc78e30076ab56167e7684b35', 'status': '142', 'description': 'Embarque no veículo para transferência ou em rota para entrega', 'trackerType': '3b24fa7e14555a1912e5bc2198f8e075', 'from': 'ed76a10a3cebcbb50cb43e29677dcd26', 'to': '6adf97f83acf6453d4a6a4b1070f3754'}, {'createdAt': {'$date': 1690532964000}, 'trackingCode': 'bbbe158fc78e30076ab56167e7684b35', 'status': '133', 'description': 'Saida Do Veiculo', 'trackerType': '3b24fa7e14555a1912e5bc2198f8e075', 'from': 'ed76a10a3cebcbb50cb43e29677dcd26', 'to': '6adf97f83acf6453d4a6a4b1070f3754'}, {'createdAt': {'$date': 1690539420000}, 'trackingCode': 'bbbe158fc78e30076ab56167e7684b35', 'status': '136', 'description': 'Chegou na Unidade Azul Cargo Express\t', 'trackerType': '3b24fa7e14555a1912e5bc2198f8e075', 'from': 'edc8a763ad1a56959e717581e2d928af', 'to': '6adf97f83acf6453d4a6a4b1070f3754'}, {'createdAt': {'$date': 1690807413000}, 'trackingCode': 'bbbe158fc78e30076ab56167e7684b35', 'status': '104', 'description': 'Deixou a unidade Azul Cargo Express\t', 'trackerType': '3b24fa7e14555a1912e5bc2198f8e075', 'from': 'edc8a763ad1a56959e717581e2d928af', 'to': '6adf97f83acf6453d4a6a4b1070f3754'}, {'createdAt': {'$date': 1690807709000}, 'trackingCode': 'bbbe158fc78e30076ab56167e7684b35', 'status': '133', 'description': 'Saida Do Veiculo', 'trackerType': '3b24fa7e14555a1912e5bc2198f8e075', 'from': 'edc8a763ad1a56959e717581e2d928af', 'to': '6adf97f83acf6453d4a6a4b1070f3754'}, {'createdAt': {'$date': 1690823443000}, 'trackingCode': 'bbbe158fc78e30076ab56167e7684b35', 'status': '01', 'description': 'Remessa entregue', 'trackerType': '3b24fa7e14555a1912e5bc2198f8e075', 'from': '6adf97f83acf6453d4a6a4b1070f3754', 'to': '6adf97f83acf6453d4a6a4b1070f3754'}]"
U,b7ada33a7737db600e62638e41bc4f3d,1693510376,1693824982,1693824982,"[{'createdAt': {'$date': 1693501523000}, 'trackingCode': 'feea47ecf15f424c66ba444877e00d2b', 'status': None, 'description': 'EMISSAO', 'trackerType': '202591c2658eb8db7d1c57e1273cd270', 'from': 'd5f6254ce1c12d784551464ec0af0285', 'to': '6adf97f83acf6453d4a6a4b1070f3754'}, {'createdAt': {'$date': 1693506041000}, 'trackingCode': 'feea47ecf15f424c66ba444877e00d2b', 'status': None, 'description': 'TRANSFERENCIA', 'trackerType': '202591c2658eb8db7d1c57e1273cd270', 'from': 'd5f6254ce1c12d784551464ec0af0285', 'to': '6adf97f83acf6453d4a6a4b1070f3754'}, {'createdAt': {'$date': 1693531831000}, 'trackingCode': 'feea47ecf15f424c66ba444877e00d2b', 'status': None, 'description': 'ENTRADA', 'trackerType': '202591c2658eb8db7d1c57e1273cd270', 'from': 'fac929278c0e5ba967802153ba729336', 'to': '6adf97f83acf6453d4a6a4b1070f3754'}, {'createdAt': {'$date': 1693543125000}, 'trackingCode': 'feea47ecf15f424c66ba444877e00d2b', 'status': None, 'description': 'TRANSFERENCIA', 'trackerType': '202591c2658eb8db7d1c57e1273cd270', 'from': 'daa9dcb5feb8f8cb8a0504889945846b', 'to': '6adf97f83acf6453d4a6a4b1070f3754'}, {'createdAt': {'$date': 1693555997000}, 'trackingCode': 'feea47ecf15f424c66ba444877e00d2b', 'status': None, 'description': 'EM ROTA', 'trackerType': '202591c2658eb8db7d1c57e1273cd270', 'from': '8bb86b3f69845c210e32099f8974fd41', 'to': '6adf97f83acf6453d4a6a4b1070f3754'}, {'createdAt': {'$date': 1693584604000}, 'trackingCode': 'feea47ecf15f424c66ba444877e00d2b', 'status': None, 'description': 'ENTREGUE', 'trackerType': '202591c2658eb8db7d1c57e1273cd270', 'from': '8bb86b3f69845c210e32099f8974fd41', 'to': '6adf97f83acf6453d4a6a4b1070f3754'}]"
U,e5bccebec9161286254bd3af20a5919f,1692307003,1693824982,1693824982,"[{'createdAt': {'$date': 1692200922000}, 'trackingCode': 'd364c840ada16e0040b7e0701453166c', 'status': None, 'description': 'EMISSAO', 'trackerType': '202591c2658eb8db7d1c57e1273cd270', 'from': '0784d88893087fb8d09b159dd7920638', 'to': '6adf97f83acf6453d4a6a4b1070f3754'}, {'createdAt': {'$date': 1692285872000}, 'trackingCode': 'd364c840ada16e0040b7e0701453166c', 'status': None, 'description': 'TRANSFERENCIA', 'trackerType': '202591c2658eb8db7d1c57e1273cd270', 'from': '0784d88893087fb8d09b159dd7920638', 'to': '6adf97f83acf6453d4a6a4b1070f3754'}, {'createdAt': {'$date': 1692285898000}, 'trackingCode': 'd364c840ada16e0040b7e0701453166c', 'status': None, 'description': 'TRANSFERENCIA', 'trackerType': '202591c2658eb8db7d1c57e1273cd270', 'from': '0784d88893087fb8d09b159dd7920638', 'to': '6adf97f83acf6453d4a6a4b1070f3754'}, {'createdAt': {'$date': 1692299419000}, 'trackingCode': 'd364c840ada16e0040b7e0701453166c', 'status': None, 'description': 'TRANSFERENCIA', 'trackerType': '202591c2658eb8db7d1c57e1273cd270', 'from': 'dca8238dcf8788f456c26fd1e4a9a20d', 'to': '6adf97f83acf6453d4a6a4b1070f3754'}, {'createdAt': {'$date': 1692314811000}, 'trackingCode': 'd364c840ada16e0040b7e0701453166c', 'status': None, 'description': 'ENTRADA', 'trackerType': '202591c2658eb8db7d1c57e1273cd270', 'from': 'fac929278c0e5ba967802153ba729336', 'to': '6adf97f83acf6453d4a6a4b1070f3754'}, {'createdAt': {'$date': 1692350042000}, 'trackingCode': 'd364c840ada16e0040b7e0701453166c', 'status': None, 'description': 'ENTRADA', 'trackerType': '202591c2658eb8db7d1c57e1273cd270', 'from': 'c021258317e90e0cdbdf5bad6d6fca3f', 'to': '6adf97f83acf6453d4a6a4b1070f3754'}, {'createdAt': {'$date': 1692350748000}, 'trackingCode': 'd364c840ada16e0040b7e0701453166c', 'status': None, 'description': 'EM ROTA', 'trackerType': '202591c2658eb8db7d1c57e1273cd270', 'from': 'c021258317e90e0cdbdf5bad6d6fca3f', 'to': '6adf97f83acf6453d4a6a4b1070f3754'}, {'createdAt': {'$date': 1692366319000}, 'trackingCode': 'd364c840ada16e0040b7e0701453166c', 'status': None, 'description': 'ENTREGUE', 'trackerType': '202591c2658eb8db7d1c57e1273cd270', 'from': 'c021258317e90e0cdbdf5bad6d6fca3f', 'to': '6adf97f83acf6453d4a6a4b1070f3754'}]"
U,55440e2c1641a5e2c5cbd1b1bca7908d,1692200778,1693824982,1693824982,"[{'createdAt': {'$date': 1692189258000}, 'trackingCode': '0972607f1dfc84b89b37fee435aa43c6', 'status': None, 'description': 'EMISSAO', 'trackerType': '202591c2658eb8db7d1c57e1273cd270', 'from': 'a5d2708c8adb5a72670acce966ddff78', 'to': '6adf97f83acf6453d4a6a4b1070f3754'}, {'createdAt': {'$date': 1692206735000}, 'trackingCode': '0972607f1dfc84b89b37fee435aa43c6', 'status': None, 'description': 'TRANSFERENCIA', 'trackerType': '202591c2658eb8db7d1c57e1273cd270', 'from': 'a5d2708c8adb5a72670acce966ddff78', 'to': '6adf97f83acf6453d4a6a4b1070f3754'}, {'createdAt': {'$date': 1692247115000}, 'trackingCode': '0972607f1dfc84b89b37fee435aa43c6', 'status': None, 'description': 'ENTRADA', 'trackerType': '202591c2658eb8db7d1c57e1273cd270', 'from': 'fac929278c0e5ba967802153ba729336', 'to': '6adf97f83acf6453d4a6a4b1070f3754'}, {'createdAt': {'$date': 1692276355000}, 'trackingCode': '0972607f1dfc84b89b37fee435aa43c6', 'status': None, 'description': 'TRANSFERENCIA', 'trackerType': '202591c2658eb8db7d1c57e1273cd270', 'from': 'e81f9b321e898f638477f1f13bf81c38', 'to': '6adf97f83acf6453d4a6a4b1070f3754'}, {'createdAt': {'$date': 1692324920000}, 'trackingCode': '0972607f1dfc84b89b37fee435aa43c6', 'status': None, 'description': 'TRANSFERENCIA', 'trackerType': '202591c2658eb8db7d1c57e1273cd270', 'from': 'fac929278c0e5ba967802153ba729336', 'to': '6adf97f83acf6453d4a6a4b1070f3754'}, {'createdAt': {'$date': 1692343648000}, 'trackingCode': '0972607f1dfc84b89b37fee435aa43c6', 'status': None, 'description': 'TRANSFERIDO PARA UNIDADE', 'trackerType': '202591c2658eb8db7d1c57e1273cd270', 'from': 'bb06c77b0bda796758fb2d30ec897c06', 'to': '6adf97f83acf6453d4a6a4b1070f3754'}, {'createdAt': {'$date': 1692359201000}, 'trackingCode': '0972607f1dfc84b89b37fee435aa43c6', 'status': None, 'description': 'ENTRADA', 'trackerType': '202591c2658eb8db7d1c57e1273cd270', 'from': '3324efa163325aac68bf58ab5424dbbb', 'to': '6adf97f83acf6453d4a6a4b1070f3754'}, {'createdAt': {'$date': 1692434867000}, 'trackingCode': '0972607f1dfc84b89b37fee435aa43c6', 'status': None, 'description': 'EM ROTA', 'trackerType': '202591c2658eb8db7d1c57e1273cd270', 'from': '3324efa163325aac68bf58ab5424dbbb', 'to': '6adf97f83acf6453d4a6a4b1070f3754'}, {'createdAt': {'$date': 1692445015000}, 'trackingCode': '0972607f1dfc84b89b37fee435aa43c6', 'status': None, 'description': 'ENTREGUE', 'trackerType': '202591c2658eb8db7d1c57e1273cd270', 'from': '3324efa163325aac68bf58ab5424dbbb', 'to': '6adf97f83acf6453d4a6a4b1070f3754'}]"
U,e3f6ac001f0c2d7de4374297324e7362,1691597456,1693824982,1693824982,"[{'createdAt': {'$date': 1691595600000}, 'trackingCode': 'c0a44a682296cbfd7f49578e57d45982', 'status': '1', 'description': None, 'trackerType': '2e7165ceb19f183e695ce49285a4c228', 'from': 'd4498e452a9ae23e25cbf77bbf826be2', 'to': '6b3c549d3d068b03da16a480f8818703'}, {'createdAt': {'$date': 1691595780000}, 'trackingCode': 'c0a44a682296cbfd7f49578e57d45982', 'status': '1', 'description': None, 'trackerType': '2e7165ceb19f183e695ce49285a4c228', 'from': 'a1fe5ae88cca4703cd932fc548e15f9d', 'to': 'd4498e452a9ae23e25cbf77bbf826be2'}, {'createdAt': {'$date': 1691595960000}, 'trackingCode': 'c0a44a682296cbfd7f49578e57d45982', 'status': '2', 'description': None, 'trackerType': '2e7165ceb19f183e695ce49285a4c228', 'from': 'a1fe5ae88cca4703cd932fc548e15f9d', 'to': '6adf97f83acf6453d4a6a4b1070f3754'}, {'createdAt': {'$date': 1691595960000}, 'trackingCode': 'c0a44a682296cbfd7f49578e57d45982', 'status': '11', 'description': None, 'trackerType': '2e7165ceb19f183e695ce49285a4c228', 'from': 'a1fe5ae88cca4703cd932fc548e15f9d', 'to': '6b3c549d3d068b03da16a480f8818703'}, {'createdAt': {'$date': 1691610180000}, 'trackingCode': 'c0a44a682296cbfd7f49578e57d45982', 'status': '3', 'description': None, 'trackerType': '2e7165ceb19f183e695ce49285a4c228', 'from': 'a1fe5ae88cca4703cd932fc548e15f9d', 'to': 'd4498e452a9ae23e25cbf77bbf826be2'}, {'createdAt': {'$date': 1691690100000}, 'trackingCode': 'c0a44a682296cbfd7f49578e57d45982', 'status': '3', 'description': None, 'trackerType': '2e7165ceb19f183e695ce49285a4c228', 'from': 'd4498e452a9ae23e25cbf77bbf826be2', 'to': '6b3c549d3d068b03da16a480f8818703'}, {'createdAt': {'$date': 1691646000000}, 'trackingCode': 'c0a44a682296cbfd7f49578e57d45982', 'status': '3', 'description': None, 'trackerType': '2e7165ceb19f183e695ce49285a4c228', 'from': 'a1fe5ae88cca4703cd932fc548e15f9d', 'to': 'd4498e452a9ae23e25cbf77bbf826be2'}, {'createdAt': {'$date': 1691649780000}, 'trackingCode': 'c0a44a682296cbfd7f49578e57d45982', 'status': '7', 'description': None, 'trackerType': '2e7165ceb19f183e695ce49285a4c228', 'from': '40a8712b29ac76182ed0c4f632b7d543', 'to': 'd4498e452a9ae23e25cbf77bbf826be2'}, {'createdAt': {'$date': 1691671260000}, 'trackingCode': 'c0a44a682296cbfd7f49578e57d45982', 'status': '6', 'description': None, 'trackerType': '2e7165ceb19f183e695ce49285a4c228', 'from': '40a8712b29ac76182ed0c4f632b7d543', 'to': 'd4498e452a9ae23e25cbf77bbf826be2'}, {'createdAt': {'$date': 1691680020000}, 'trackingCode': 'c0a44a682296cbfd7f49578e57d45982', 'status': '1', 'description': None, 'trackerType': '2e7165ceb19f183e695ce49285a4c228', 'from': 'd4498e452a9ae23e25cbf77bbf826be2', 'to': '6b3c549d3d068b03da16a480f8818703'}, {'createdAt': {'$date': 1691680020000}, 'trackingCode': 'c0a44a682296cbfd7f49578e57d45982', 'status': '1', 'description': None, 'trackerType': '2e7165ceb19f183e695ce49285a4c228', 'from': 'd4498e452a9ae23e25cbf77bbf826be2', 'to': '6b3c549d3d068b03da16a480f8818703'}, {'createdAt': {'$date': 1691692620000}, 'trackingCode': 'c0a44a682296cbfd7f49578e57d45982', 'status': '3', 'description': None, 'trackerType': '2e7165ceb19f183e695ce49285a4c228', 'from': 'd4498e452a9ae23e25cbf77bbf826be2', 'to': '6b3c549d3d068b03da16a480f8818703'}, {'createdAt': {'$date': 1691703060000}, 'trackingCode': 'c0a44a682296cbfd7f49578e57d45982', 'status': '7', 'description': None, 'trackerType': '2e7165ceb19f183e695ce49285a4c228', 'from': '40a8712b29ac76182ed0c4f632b7d543', 'to': '6b3c549d3d068b03da16a480f8818703'}, {'createdAt': {'$date': 1691710440000}, 'trackingCode': 'c0a44a682296cbfd7f49578e57d45982', 'status': '6', 'description': None, 'trackerType': '2e7165ceb19f183e695ce49285a4c228', 'from': '40a8712b29ac76182ed0c4f632b7d543', 'to': '6b3c549d3d068b03da16a480f8818703'}, {'createdAt': {'$date': 1691771100000}, 'trackingCode': 'c0a44a682296cbfd7f49578e57d45982', 'status': '9', 'description': None, 'trackerType': '2e7165ceb19f183e695ce49285a4c228', 'from': '6b3c549d3d068b03da16a480f8818703', 'to': '6adf97f83acf6453d4a6a4b1070f3754'}, {'createdAt': {'$date': 1691771220000}, 'trackingCode': 'c0a44a682296cbfd7f49578e57d45982', 'status': '9', 'description': None, 'trackerType': '2e7165ceb19f183e695ce49285a4c228', 'from': '6b3c549d3d068b03da16a480f8818703', 'to': '6adf97f83acf6453d4a6a4b1070f3754'}]"
U,ae750887a35efe2f26ff98ac138f2608,1691083463,1693824982,1693824982,"[{'createdAt': {'$date': 1691082074000}, 'trackingCode': '357f670de812772ce387eb07ee293cc0', 'status': '102', 'description': 'Informação do Envio enviado à Azul Cargo Express (CT-e emitido)\t', 'trackerType': '3b24fa7e14555a1912e5bc2198f8e075', 'from': '0d706e453668f4d9a0c57ae81f923e51', 'to': '6adf97f83acf6453d4a6a4b1070f3754'}, {'createdAt': {'$date': 1691087666000}, 'trackingCode': '357f670de812772ce387eb07ee293cc0', 'status': '142', 'description': 'Embarque no veículo para transferência ou em rota para entrega', 'trackerType': '3b24fa7e14555a1912e5bc2198f8e075', 'from': '0d706e453668f4d9a0c57ae81f923e51', 'to': '6adf97f83acf6453d4a6a4b1070f3754'}, {'createdAt': {'$date': 1691087692000}, 'trackingCode': '357f670de812772ce387eb07ee293cc0', 'status': '142', 'description': 'Embarque no veículo para transferência ou em rota para entrega', 'trackerType': '3b24fa7e14555a1912e5bc2198f8e075', 'from': '0d706e453668f4d9a0c57ae81f923e51', 'to': '6adf97f83acf6453d4a6a4b1070f3754'}, {'createdAt': {'$date': 1691087692000}, 'trackingCode': '357f670de812772ce387eb07ee293cc0', 'status': '133', 'description': 'Saida Do Veiculo', 'trackerType': '3b24fa7e14555a1912e5bc2198f8e075', 'from': '0d706e453668f4d9a0c57ae81f923e51', 'to': '6adf97f83acf6453d4a6a4b1070f3754'}, {'createdAt': {'$date': 1691098800000}, 'trackingCode': '357f670de812772ce387eb07ee293cc0', 'status': '136', 'description': 'Chegou na Unidade Azul Cargo Express\t', 'trackerType': '3b24fa7e14555a1912e5bc2198f8e075', 'from': '3d546c03f720c3a373b7193c931ff429', 'to': '6adf97f83acf6453d4a6a4b1070f3754'}, {'createdAt': {'$date': 1691127720000}, 'trackingCode': '357f670de812772ce387eb07ee293cc0', 'status': '104', 'description': 'Deixou a unidade Azul Cargo Express\t', 'trackerType': '3b24fa7e14555a1912e5bc2198f8e075', 'from': '3d546c03f720c3a373b7193c931ff429', 'to': '6adf97f83acf6453d4a6a4b1070f3754'}, {'createdAt': {'$date': 1691127727000}, 'trackingCode': '357f670de812772ce387eb07ee293cc0', 'status': '134', 'description': 'Saída do voo\t', 'trackerType': '3b24fa7e14555a1912e5bc2198f8e075', 'from': '3d546c03f720c3a373b7193c931ff429', 'to': '6adf97f83acf6453d4a6a4b1070f3754'}, {'createdAt': {'$date': 1691136000000}, 'trackingCode': '357f670de812772ce387eb07ee293cc0', 'status': '137', 'description': 'Chegada do voo\t', 'trackerType': '3b24fa7e14555a1912e5bc2198f8e075', 'from': '1eaad630b48b36d5fc32e235aead1633', 'to': '6adf97f83acf6453d4a6a4b1070f3754'}, {'createdAt': {'$date': 1691187211000}, 'trackingCode': '357f670de812772ce387eb07ee293cc0', 'status': '104', 'description': 'Deixou a unidade Azul Cargo Express\t', 'trackerType': '3b24fa7e14555a1912e5bc2198f8e075', 'from': '1eaad630b48b36d5fc32e235aead1633', 'to': '6adf97f83acf6453d4a6a4b1070f3754'}, {'createdAt': {'$date': 1691187215000}, 'trackingCode': '357f670de812772ce387eb07ee293cc0', 'status': '134', 'description': 'Saída do voo\t', 'trackerType': '3b24fa7e14555a1912e5bc2198f8e075', 'from': '1eaad630b48b36d5fc32e235aead1633', 'to': '6adf97f83acf6453d4a6a4b1070f3754'}, {'createdAt': {'$date': 1691217060000}, 'trackingCode': '357f670de812772ce387eb07ee293cc0', 'status': '137', 'description': 'Chegada do voo\t', 'trackerType': '3b24fa7e14555a1912e5bc2198f8e075', 'from': '83979d96a4029e1bbf9a6f507d8681cb', 'to': '6adf97f83acf6453d4a6a4b1070f3754'}, {'createdAt': {'$date': 1691401750000}, 'trackingCode': '357f670de812772ce387eb07ee293cc0', 'status': '142', 'description': 'Embarque no veículo para transferência ou em rota para entrega', 'trackerType': '3b24fa7e14555a1912e5bc2198f8e075', 'from': '83979d96a4029e1bbf9a6f507d8681cb', 'to': '6adf97f83acf6453d4a6a4b1070f3754'}, {'createdAt': {'$date': 1691401750000}, 'trackingCode': '357f670de812772ce387eb07ee293cc0', 'status': '133', 'description': 'Saida Do Veiculo', 'trackerType': '3b24fa7e14555a1912e5bc2198f8e075', 'from': '83979d96a4029e1bbf9a6f507d8681cb', 'to': '6adf97f83acf6453d4a6a4b1070f3754'}, {'createdAt': {'$date': 1691405110000}, 'trackingCode': '357f670de812772ce387eb07ee293cc0', 'status': '136', 'description': 'Chegou na Unidade Azul Cargo Express\t', 'trackerType': '3b24fa7e14555a1912e5bc2198f8e075', 'from': '7cec2c0d31b3be81b97786841fe7d7aa', 'to': '6adf97f83acf6453d4a6a4b1070f3754'}, {'createdAt': {'$date': 1691486221000}, 'trackingCode': '357f670de812772ce387eb07ee293cc0', 'status': '104', 'description': 'Deixou a unidade Azul Cargo Express\t', 'trackerType': '3b24fa7e14555a1912e5bc2198f8e075', 'from': '7cec2c0d31b3be81b97786841fe7d7aa', 'to': '6adf97f83acf6453d4a6a4b1070f3754'}, {'createdAt': {'$date': 1691487505000}, 'trackingCode': '357f670de812772ce387eb07ee293cc0', 'status': '133', 'description': 'Saida Do Veiculo', 'trackerType': '3b24fa7e14555a1912e5bc2198f8e075', 'from': '7cec2c0d31b3be81b97786841fe7d7aa', 'to': '6adf97f83acf6453d4a6a4b1070f3754'}, {'createdAt': {'$date': 1691515187000}, 'trackingCode': '357f670de812772ce387eb07ee293cc0', 'status': '01', 'description': 'Remessa entregue', 'trackerType': '3b24fa7e14555a1912e5bc2198f8e075', 'from': '6adf97f83acf6453d4a6a4b1070f3754', 'to': '6adf97f83acf6453d4a6a4b1070f3754'}]"
U,d2d4d4b058d69ff0b09bf28464318760,1691075032,1693824982,1693824982,"[{'createdAt': {'$date': 1691073967000}, 'trackingCode': 'e18189e8c2769a57b2334e77f15e134d', 'status': None, 'description': 'EMISSAO', 'trackerType': '202591c2658eb8db7d1c57e1273cd270', 'from': 'b2443327b54f6cd4c6fc2fe8cb436ae8', 'to': '6adf97f83acf6453d4a6a4b1070f3754'}, {'createdAt': {'$date': 1691074048000}, 'trackingCode': 'e18189e8c2769a57b2334e77f15e134d', 'status': None, 'description': 'TRANSFERENCIA', 'trackerType': '202591c2658eb8db7d1c57e1273cd270', 'from': 'b2443327b54f6cd4c6fc2fe8cb436ae8', 'to': '6adf97f83acf6453d4a6a4b1070f3754'}, {'createdAt': {'$date': 1691125411000}, 'trackingCode': 'e18189e8c2769a57b2334e77f15e134d', 'status': None, 'description': 'TRANSFERENCIA', 'trackerType': '202591c2658eb8db7d1c57e1273cd270', 'from': 'b2443327b54f6cd4c6fc2fe8cb436ae8', 'to': '6adf97f83acf6453d4a6a4b1070f3754'}, {'createdAt': {'$date': 1691125913000}, 'trackingCode': 'e18189e8c2769a57b2334e77f15e134d', 'status': None, 'description': 'TRANSFERENCIA', 'trackerType': '202591c2658eb8db7d1c57e1273cd270', 'from': 'b2443327b54f6cd4c6fc2fe8cb436ae8', 'to': '6adf97f83acf6453d4a6a4b1070f3754'}, {'createdAt': {'$date': 1691277459000}, 'trackingCode': 'e18189e8c2769a57b2334e77f15e134d', 'status': None, 'description': 'TRANSFERENCIA', 'trackerType': '202591c2658eb8db7d1c57e1273cd270', 'from': 'daa9dcb5feb8f8cb8a0504889945846b', 'to': '6adf97f83acf6453d4a6a4b1070f3754'}, {'createdAt': {'$date': 1691386994000}, 'trackingCode': 'e18189e8c2769a57b2334e77f15e134d', 'status': None, 'description': 'TRANSFERENCIA', 'trackerType': '202591c2658eb8db7d1c57e1273cd270', 'from': 'fac929278c0e5ba967802153ba729336', 'to': '6adf97f83acf6453d4a6a4b1070f3754'}, {'createdAt': {'$date': 1691436533000}, 'trackingCode': 'e18189e8c2769a57b2334e77f15e134d', 'status': None, 'description': 'ENTRADA', 'trackerType': '202591c2658eb8db7d1c57e1273cd270', 'from': '52cda51e4c22676362a8a982eb6896a5', 'to': '6adf97f83acf6453d4a6a4b1070f3754'}, {'createdAt': {'$date': 1691474606000}, 'trackingCode': 'e18189e8c2769a57b2334e77f15e134d', 'status': None, 'description': 'EM ROTA', 'trackerType': '202591c2658eb8db7d1c57e1273cd270', 'from': '52cda51e4c22676362a8a982eb6896a5', 'to': '6adf97f83acf6453d4a6a4b1070f3754'}, {'createdAt': {'$date': 1691499181000}, 'trackingCode': 'e18189e8c2769a57b2334e77f15e134d', 'status': None, 'description': 'ENTREGUE', 'trackerType': '202591c2658eb8db7d1c57e1273cd270', 'from': '52cda51e4c22676362a8a982eb6896a5', 'to': '6adf97f83acf6453d4a6a4b1070f3754'}]"
U,20fcf1bdfe97e5f9396510f0d2cb1464,1692049195,1693824982,1693824982,"[{'createdAt': {'$date': 1692029820000}, 'trackingCode': '6a4103e959fc123071f9fb3f3942b47b', 'status': '102', 'description': 'Informação do Envio enviado à Azul Cargo Express (CT-e emitido)\t', 'trackerType': '3b24fa7e14555a1912e5bc2198f8e075', 'from': 'dd529bc29a2dfd264b6347d0d76f2e88', 'to': '6adf97f83acf6453d4a6a4b1070f3754'}, {'createdAt': {'$date': 1692095898000}, 'trackingCode': '6a4103e959fc123071f9fb3f3942b47b', 'status': '104', 'description': 'Deixou a unidade Azul Cargo Express\t', 'trackerType': '3b24fa7e14555a1912e5bc2198f8e075', 'from': 'dd529bc29a2dfd264b6347d0d76f2e88', 'to': '6adf97f83acf6453d4a6a4b1070f3754'}, {'createdAt': {'$date': 1692095900000}, 'trackingCode': '6a4103e959fc123071f9fb3f3942b47b', 'status': '134', 'description': 'Saída do voo\t', 'trackerType': '3b24fa7e14555a1912e5bc2198f8e075', 'from': 'dd529bc29a2dfd264b6347d0d76f2e88', 'to': '6adf97f83acf6453d4a6a4b1070f3754'}, {'createdAt': {'$date': 1692107700000}, 'trackingCode': '6a4103e959fc123071f9fb3f3942b47b', 'status': '137', 'description': 'Chegada do voo\t', 'trackerType': '3b24fa7e14555a1912e5bc2198f8e075', 'from': '89cb1e2fcbb5b49ca53cf4157f671587', 'to': '6adf97f83acf6453d4a6a4b1070f3754'}, {'createdAt': {'$date': 1692168062000}, 'trackingCode': '6a4103e959fc123071f9fb3f3942b47b', 'status': '142', 'description': 'Embarque no veículo para transferência ou em rota para entrega', 'trackerType': '3b24fa7e14555a1912e5bc2198f8e075', 'from': '89cb1e2fcbb5b49ca53cf4157f671587', 'to': '6adf97f83acf6453d4a6a4b1070f3754'}, {'createdAt': {'$date': 1692168062000}, 'trackingCode': '6a4103e959fc123071f9fb3f3942b47b', 'status': '133', 'description': 'Saida Do Veiculo', 'trackerType': '3b24fa7e14555a1912e5bc2198f8e075', 'from': '89cb1e2fcbb5b49ca53cf4157f671587', 'to': '6adf97f83acf6453d4a6a4b1070f3754'}, {'createdAt': {'$date': 1692172080000}, 'trackingCode': '6a4103e959fc123071f9fb3f3942b47b', 'status': '136', 'description': 'Chegou na Unidade Azul Cargo Express\t', 'trackerType': '3b24fa7e14555a1912e5bc2198f8e075', 'from': '5f4ff76ccd1674d7a16907319511cd79', 'to': '6adf97f83acf6453d4a6a4b1070f3754'}, {'createdAt': {'$date': 1692185460000}, 'trackingCode': '6a4103e959fc123071f9fb3f3942b47b', 'status': '104', 'description': 'Deixou a unidade Azul Cargo Express\t', 'trackerType': '3b24fa7e14555a1912e5bc2198f8e075', 'from': '5f4ff76ccd1674d7a16907319511cd79', 'to': '6adf97f83acf6453d4a6a4b1070f3754'}, {'createdAt': {'$date': 1692204504000}, 'trackingCode': '6a4103e959fc123071f9fb3f3942b47b', 'status': '133', 'description': 'Saida Do Veiculo', 'trackerType': '3b24fa7e14555a1912e5bc2198f8e075', 'from': '5f4ff76ccd1674d7a16907319511cd79', 'to': '6adf97f83acf6453d4a6a4b1070f3754'}, {'createdAt': {'$date': 1692209987000}, 'trackingCode': '6a4103e959fc123071f9fb3f3942b47b', 'status': '01', 'description': 'Remessa entregue', 'trackerType': '3b24fa7e14555a1912e5bc2198f8e075', 'from': '6adf97f83acf6453d4a6a4b1070f3754', 'to': '6adf97f83acf6453d4a6a4b1070f3754'}]"
U,7a4cfaafff8c5fdd86d42805d6823eac,1692993542,1693824982,1693824982,"[{'createdAt': {'$date': 1692967813000}, 'trackingCode': '61fdac8bc04c61b8c5d10a58136b80b1', 'status': None, 'description': 'EMISSAO', 'trackerType': '202591c2658eb8db7d1c57e1273cd270', 'from': 'e8e6299076f3c6c7070ea088038ab4f1', 'to': '6adf97f83acf6453d4a6a4b1070f3754'}, {'createdAt': {'$date': 1692987366000}, 'trackingCode': '61fdac8bc04c61b8c5d10a58136b80b1', 'status': None, 'description': 'TRANSFERENCIA', 'trackerType': '202591c2658eb8db7d1c57e1273cd270', 'from': 'e8e6299076f3c6c7070ea088038ab4f1', 'to': '6adf97f83acf6453d4a6a4b1070f3754'}, {'createdAt': {'$date': 1693015213000}, 'trackingCode': '61fdac8bc04c61b8c5d10a58136b80b1', 'status': None, 'description': 'ENTRADA', 'trackerType': '202591c2658eb8db7d1c57e1273cd270', 'from': 'fac929278c0e5ba967802153ba729336', 'to': '6adf97f83acf6453d4a6a4b1070f3754'}, {'createdAt': {'$date': 1693030446000}, 'trackingCode': '61fdac8bc04c61b8c5d10a58136b80b1', 'status': None, 'description': 'TRANSFERENCIA', 'trackerType': '202591c2658eb8db7d1c57e1273cd270', 'from': 'fac929278c0e5ba967802153ba729336', 'to': '6adf97f83acf6453d4a6a4b1070f3754'}, {'createdAt': {'$date': 1693124363000}, 'trackingCode': '61fdac8bc04c61b8c5d10a58136b80b1', 'status': None, 'description': 'TRANSFERENCIA', 'trackerType': '202591c2658eb8db7d1c57e1273cd270', 'from': 'fac929278c0e5ba967802153ba729336', 'to': '6adf97f83acf6453d4a6a4b1070f3754'}, {'createdAt': {'$date': 1693175336000}, 'trackingCode': '61fdac8bc04c61b8c5d10a58136b80b1', 'status': None, 'description': 'TRANSFERIDO PARA UNIDADE', 'trackerType': '202591c2658eb8db7d1c57e1273cd270', 'from': 'bb06c77b0bda796758fb2d30ec897c06', 'to': '6adf97f83acf6453d4a6a4b1070f3754'}, {'createdAt': {'$date': 1693178789000}, 'trackingCode': '61fdac8bc04c61b8c5d10a58136b80b1', 'status': None, 'description': 'ENTRADA', 'trackerType': '202591c2658eb8db7d1c57e1273cd270', 'from': 'd638da252e853581ee95ba532603c3cf', 'to': '6adf97f83acf6453d4a6a4b1070f3754'}, {'createdAt': {'$date': 1693189017000}, 'trackingCode': '61fdac8bc04c61b8c5d10a58136b80b1', 'status': None, 'description': 'TRANSFERENCIA', 'trackerType': '202591c2658eb8db7d1c57e1273cd270', 'from': 'd638da252e853581ee95ba532603c3cf', 'to': '6adf97f83acf6453d4a6a4b1070f3754'}, {'createdAt': {'$date': 1693216785000}, 'trackingCode': '61fdac8bc04c61b8c5d10a58136b80b1', 'status': None, 'description': 'TRANSFERENCIA', 'trackerType': '202591c2658eb8db7d1c57e1273cd270', 'from': 'd638da252e853581ee95ba532603c3cf', 'to': '6adf97f83acf6453d4a6a4b1070f3754'}, {'createdAt': {'$date': 1693228498000}, 'trackingCode': '61fdac8bc04c61b8c5d10a58136b80b1', 'status': None, 'description': 'TRANSFERIDO PARA UNIDADE', 'trackerType': '202591c2658eb8db7d1c57e1273cd270', 'from': 'd638da252e853581ee95ba532603c3cf', 'to': '6adf97f83acf6453d4a6a4b1070f3754'}, {'createdAt': {'$date': 1693235655000}, 'trackingCode': '61fdac8bc04c61b8c5d10a58136b80b1', 'status': None, 'description': 'NAO ENTROU NA UNIDADE', 'trackerType': '202591c2658eb8db7d1c57e1273cd270', 'from': '9b348a771e341f23d11033462fa07a20', 'to': '6adf97f83acf6453d4a6a4b1070f3754'}, {'createdAt': {'$date': 1693323918000}, 'trackingCode': '61fdac8bc04c61b8c5d10a58136b80b1', 'status': None, 'description': 'CONTATE SEU FORNECEDOR(-65)', 'trackerType': '202591c2658eb8db7d1c57e1273cd270', 'from': 'bb06c77b0bda796758fb2d30ec897c06', 'to': '6adf97f83acf6453d4a6a4b1070f3754'}, {'createdAt': {'$date': 1693433718000}, 'trackingCode': '61fdac8bc04c61b8c5d10a58136b80b1', 'status': None, 'description': 'EM ROTA', 'trackerType': '202591c2658eb8db7d1c57e1273cd270', 'from': '9b348a771e341f23d11033462fa07a20', 'to': '6adf97f83acf6453d4a6a4b1070f3754'}, {'createdAt': {'$date': 1693502959000}, 'trackingCode': '61fdac8bc04c61b8c5d10a58136b80b1', 'status': None, 'description': 'ENTREGUE', 'trackerType': '202591c2658eb8db7d1c57e1273cd270', 'from': '9b348a771e341f23d11033462fa07a20', 'to': '6adf97f83acf6453d4a6a4b1070f3754'}]"
U,a609e6d441f1085986531eb9434bda48,1692413044,1693824982,1693824982,"[{'createdAt': {'$date': 1692401673000}, 'trackingCode': 'ea6aa591e41c1c66410d5b3c51eaff16', 'status': '14', 'description': 'A coleta do pacote foi feita e o processo de envio vai ser iniciado.', 'trackerType': 'a302942c7f755f858bd9a6c0c6be98fb', 'from': '3d176e3700b055e947033711908044fb', 'to': '6adf97f83acf6453d4a6a4b1070f3754'}, {'createdAt': {'$date': 1692370393000}, 'trackingCode': 'ea6aa591e41c1c66410d5b3c51eaff16', 'status': '1', 'description': 'A etiqueta de envio já foi criada e o pacote está pronto para a coleta.', 'trackerType': 'a302942c7f755f858bd9a6c0c6be98fb', 'from': '3d176e3700b055e947033711908044fb', 'to': '6adf97f83acf6453d4a6a4b1070f3754'}, {'createdAt': {'$date': 1692464985000}, 'trackingCode': 'ea6aa591e41c1c66410d5b3c51eaff16', 'status': '13', 'description': 'O pacote foi confirmado em uma base da Loggi e vai ser preparado para transferência.', 'trackerType': 'a302942c7f755f858bd9a6c0c6be98fb', 'from': '6adf97f83acf6453d4a6a4b1070f3754', 'to': '6adf97f83acf6453d4a6a4b1070f3754'}, {'createdAt': {'$date': 1692464985000}, 'trackingCode': 'ea6aa591e41c1c66410d5b3c51eaff16', 'status': '15', 'description': 'O pacote já teve suas dimensões conferidas.', 'trackerType': 'a302942c7f755f858bd9a6c0c6be98fb', 'from': '6adf97f83acf6453d4a6a4b1070f3754', 'to': '6adf97f83acf6453d4a6a4b1070f3754'}, {'createdAt': {'$date': 1692610120000}, 'trackingCode': 'ea6aa591e41c1c66410d5b3c51eaff16', 'status': '16', 'description': 'O pacote está em transferência de uma base para outra.', 'trackerType': 'a302942c7f755f858bd9a6c0c6be98fb', 'from': '6adf97f83acf6453d4a6a4b1070f3754', 'to': '6adf97f83acf6453d4a6a4b1070f3754'}, {'createdAt': {'$date': 1692609635000}, 'trackingCode': 'ea6aa591e41c1c66410d5b3c51eaff16', 'status': '3', 'description': 'O pacote está em uma base e, em breve, vai estar em transferência.', 'trackerType': 'a302942c7f755f858bd9a6c0c6be98fb', 'from': '6adf97f83acf6453d4a6a4b1070f3754', 'to': '6adf97f83acf6453d4a6a4b1070f3754'}, {'createdAt': {'$date': 1692634352000}, 'trackingCode': 'ea6aa591e41c1c66410d5b3c51eaff16', 'status': '17', 'description': 'Tudo certo, o pacote está em uma base da Loggi.', 'trackerType': 'a302942c7f755f858bd9a6c0c6be98fb', 'from': 'ba7e1ad897f71901b1e8f1da70324a60', 'to': '6adf97f83acf6453d4a6a4b1070f3754'}, {'createdAt': {'$date': 1692647301000}, 'trackingCode': 'ea6aa591e41c1c66410d5b3c51eaff16', 'status': '11', 'description': 'O pacote está a caminho.', 'trackerType': 'a302942c7f755f858bd9a6c0c6be98fb', 'from': '6adf97f83acf6453d4a6a4b1070f3754', 'to': '6adf97f83acf6453d4a6a4b1070f3754'}, {'createdAt': {'$date': 1692739807000}, 'trackingCode': 'ea6aa591e41c1c66410d5b3c51eaff16', 'status': '5', 'description': 'O pacote chegou ao destino final.', 'trackerType': 'a302942c7f755f858bd9a6c0c6be98fb', 'from': 'ba7e1ad897f71901b1e8f1da70324a60', 'to': '6adf97f83acf6453d4a6a4b1070f3754'}]"
U,792cc418dd1d012905b10b06197d8ac8,1693393134,1693824982,1693824982,"[{'createdAt': {'$date': 1693341087000}, 'trackingCode': 'fef0404f9970660b523e873500e34076', 'status': '01', 'description': 'Objeto em trânsito - por favor aguarde', 'trackerType': '27bb7dfdbe0de2d482d1c37c3fe5bfe3', 'from': 'd7fd547a14bcde970e5c0edf83bca3d6', 'to': '49941bcadd05652e4c73a975a81540b6'}, {'createdAt': {'$date': 1693334516000}, 'trackingCode': 'fef0404f9970660b523e873500e34076', 'status': '01', 'description': 'Objeto em trânsito - por favor aguarde', 'trackerType': '27bb7dfdbe0de2d482d1c37c3fe5bfe3', 'from': 'a73a615419145fd5f1a0f8689a38600d', 'to': 'd7fd547a14bcde970e5c0edf83bca3d6'}, {'createdAt': {'$date': 1693323656000}, 'trackingCode': 'fef0404f9970660b523e873500e34076', 'status': '01', 'description': 'Objeto postado', 'trackerType': '27bb7dfdbe0de2d482d1c37c3fe5bfe3', 'from': 'a73a615419145fd5f1a0f8689a38600d', 'to': '6adf97f83acf6453d4a6a4b1070f3754'}, {'createdAt': {'$date': 1693461628000}, 'trackingCode': 'fef0404f9970660b523e873500e34076', 'status': '01', 'description': 'Objeto em trânsito - por favor aguarde', 'trackerType': '27bb7dfdbe0de2d482d1c37c3fe5bfe3', 'from': '49941bcadd05652e4c73a975a81540b6', 'to': '0b4533b75f351f6f4cf7910ff4b079f6'}, {'createdAt': {'$date': 1693476810000}, 'trackingCode': 'fef0404f9970660b523e873500e34076', 'status': '01', 'description': 'Objeto entregue ao destinatário', 'trackerType': '27bb7dfdbe0de2d482d1c37c3fe5bfe3', 'from': '0b4533b75f351f6f4cf7910ff4b079f6', 'to': '6adf97f83acf6453d4a6a4b1070f3754'}, {'createdAt': {'$date': 1693475920000}, 'trackingCode': 'fef0404f9970660b523e873500e34076', 'status': '01', 'description': 'Objeto saiu para entrega ao destinatário', 'trackerType': '27bb7dfdbe0de2d482d1c37c3fe5bfe3', 'from': '0b4533b75f351f6f4cf7910ff4b079f6', 'to': '6adf97f83acf6453d4a6a4b1070f3754'}]"
U,470888429a11c78fa03c9bb929cb9f00,1691701216,1693824982,1693824982,"[{'createdAt': {'$date': 1691682730000}, 'trackingCode': 'f356ce1829b3684bfc94512797b3d496', 'status': '01', 'description': 'Objeto em trânsito - por favor aguarde', 'trackerType': '27bb7dfdbe0de2d482d1c37c3fe5bfe3', 'from': '8bd29459e624b7340b644b910ffc4731', 'to': '9c503ecc4f113471367063483aca15c7'}, {'createdAt': {'$date': 1691681028000}, 'trackingCode': 'f356ce1829b3684bfc94512797b3d496', 'status': '01', 'description': 'Objeto postado', 'trackerType': '27bb7dfdbe0de2d482d1c37c3fe5bfe3', 'from': '8bd29459e624b7340b644b910ffc4731', 'to': '6adf97f83acf6453d4a6a4b1070f3754'}, {'createdAt': {'$date': 1691704843000}, 'trackingCode': 'f356ce1829b3684bfc94512797b3d496', 'status': '01', 'description': 'Objeto em trânsito - por favor aguarde', 'trackerType': '27bb7dfdbe0de2d482d1c37c3fe5bfe3', 'from': '9c503ecc4f113471367063483aca15c7', 'to': 'd7fd547a14bcde970e5c0edf83bca3d6'}, {'createdAt': {'$date': 1691733399000}, 'trackingCode': 'f356ce1829b3684bfc94512797b3d496', 'status': '01', 'description': 'Objeto em trânsito - por favor aguarde', 'trackerType': '27bb7dfdbe0de2d482d1c37c3fe5bfe3', 'from': 'd7fd547a14bcde970e5c0edf83bca3d6', 'to': '0a60361c7944903633b454a8dd0529a3'}, {'createdAt': {'$date': 1691747240000}, 'trackingCode': 'f356ce1829b3684bfc94512797b3d496', 'status': '03', 'description': 'Objeto está em rota de entrega', 'trackerType': '27bb7dfdbe0de2d482d1c37c3fe5bfe3', 'from': '0a60361c7944903633b454a8dd0529a3', 'to': '6adf97f83acf6453d4a6a4b1070f3754'}, {'createdAt': {'$date': 1691752495000}, 'trackingCode': 'f356ce1829b3684bfc94512797b3d496', 'status': '01', 'description': 'Objeto entregue ao destinatário', 'trackerType': '27bb7dfdbe0de2d482d1c37c3fe5bfe3', 'from': '0a60361c7944903633b454a8dd0529a3', 'to': '6adf97f83acf6453d4a6a4b1070f3754'}, {'createdAt': {'$date': 1691752467000}, 'trackingCode': 'f356ce1829b3684bfc94512797b3d496', 'status': '58', 'description': 'Objeto será entregue em instantes', 'trackerType': '27bb7dfdbe0de2d482d1c37c3fe5bfe3', 'from': '0a60361c7944903633b454a8dd0529a3', 'to': '6adf97f83acf6453d4a6a4b1070f3754'}]"
U,2a64dcc001f4c073f567c6afd04f702d,1693510376,1693824982,1693824982,"[{'createdAt': {'$date': 1693509193000}, 'trackingCode': '2db2f867e3231039ad57a03f8c226ad9', 'status': None, 'description': 'EMISSAO', 'trackerType': '202591c2658eb8db7d1c57e1273cd270', 'from': 'b4fa9bfaef48a6bfe41f929f2a957be6', 'to': '6adf97f83acf6453d4a6a4b1070f3754'}, {'createdAt': {'$date': 1693510981000}, 'trackingCode': '2db2f867e3231039ad57a03f8c226ad9', 'status': None, 'description': 'TRANSFERENCIA', 'trackerType': '202591c2658eb8db7d1c57e1273cd270', 'from': 'b4fa9bfaef48a6bfe41f929f2a957be6', 'to': '6adf97f83acf6453d4a6a4b1070f3754'}, {'createdAt': {'$date': 1693513947000}, 'trackingCode': '2db2f867e3231039ad57a03f8c226ad9', 'status': None, 'description': 'ENTRADA', 'trackerType': '202591c2658eb8db7d1c57e1273cd270', 'from': 'fac929278c0e5ba967802153ba729336', 'to': '6adf97f83acf6453d4a6a4b1070f3754'}, {'createdAt': {'$date': 1693519857000}, 'trackingCode': '2db2f867e3231039ad57a03f8c226ad9', 'status': None, 'description': 'TRANSFERENCIA', 'trackerType': '202591c2658eb8db7d1c57e1273cd270', 'from': '866813c9a5f756fd2d824c2b492e80c6', 'to': '6adf97f83acf6453d4a6a4b1070f3754'}, {'createdAt': {'$date': 1693521231000}, 'trackingCode': '2db2f867e3231039ad57a03f8c226ad9', 'status': None, 'description': 'TRANSFERENCIA', 'trackerType': '202591c2658eb8db7d1c57e1273cd270', 'from': 'fac929278c0e5ba967802153ba729336', 'to': '6adf97f83acf6453d4a6a4b1070f3754'}, {'createdAt': {'$date': 1693564673000}, 'trackingCode': '2db2f867e3231039ad57a03f8c226ad9', 'status': None, 'description': 'ENTRADA', 'trackerType': '202591c2658eb8db7d1c57e1273cd270', 'from': '9f3ccba46fe8b1bac51c830352a9ad1c', 'to': '6adf97f83acf6453d4a6a4b1070f3754'}, {'createdAt': {'$date': 1693576057000}, 'trackingCode': '2db2f867e3231039ad57a03f8c226ad9', 'status': None, 'description': 'EM ROTA', 'trackerType': '202591c2658eb8db7d1c57e1273cd270', 'from': '9f3ccba46fe8b1bac51c830352a9ad1c', 'to': '6adf97f83acf6453d4a6a4b1070f3754'}]"
U,3ceb1f4536dc932047f99e3a0b1682eb,1690425602,1693824982,1693824982,"[{'createdAt': {'$date': 1690408259000}, 'trackingCode': 'c72e1ab589d41da3ec3b3065792a3dbe', 'status': None, 'description': 'EMISSAO', 'trackerType': '202591c2658eb8db7d1c57e1273cd270', 'from': 'c33e4ea1cfb7c47dd8b66d160e2eaeeb', 'to': '6adf97f83acf6453d4a6a4b1070f3754'}, {'createdAt': {'$date': 1690423903000}, 'trackingCode': 'c72e1ab589d41da3ec3b3065792a3dbe', 'status': None, 'description': 'TRANSFERENCIA', 'trackerType': '202591c2658eb8db7d1c57e1273cd270', 'from': 'c33e4ea1cfb7c47dd8b66d160e2eaeeb', 'to': '6adf97f83acf6453d4a6a4b1070f3754'}, {'createdAt': {'$date': 1690445752000}, 'trackingCode': 'c72e1ab589d41da3ec3b3065792a3dbe', 'status': None, 'description': 'ENTRADA', 'trackerType': '202591c2658eb8db7d1c57e1273cd270', 'from': '089607e1466a53ee58164c9974d00976', 'to': '6adf97f83acf6453d4a6a4b1070f3754'}, {'createdAt': {'$date': 1690446150000}, 'trackingCode': 'c72e1ab589d41da3ec3b3065792a3dbe', 'status': None, 'description': 'TRANSFERENCIA', 'trackerType': '202591c2658eb8db7d1c57e1273cd270', 'from': '089607e1466a53ee58164c9974d00976', 'to': '6adf97f83acf6453d4a6a4b1070f3754'}, {'createdAt': {'$date': 1690490627000}, 'trackingCode': 'c72e1ab589d41da3ec3b3065792a3dbe', 'status': None, 'description': 'TRANSFERENCIA', 'trackerType': '202591c2658eb8db7d1c57e1273cd270', 'from': '866813c9a5f756fd2d824c2b492e80c6', 'to': '6adf97f83acf6453d4a6a4b1070f3754'}, {'createdAt': {'$date': 1690491592000}, 'trackingCode': 'c72e1ab589d41da3ec3b3065792a3dbe', 'status': None, 'description': 'TRANSFERENCIA', 'trackerType': '202591c2658eb8db7d1c57e1273cd270', 'from': 'fac929278c0e5ba967802153ba729336', 'to': '6adf97f83acf6453d4a6a4b1070f3754'}, {'createdAt': {'$date': 1690525582000}, 'trackingCode': 'c72e1ab589d41da3ec3b3065792a3dbe', 'status': None, 'description': 'ENTRADA', 'trackerType': '202591c2658eb8db7d1c57e1273cd270', 'from': '678eb27519e5bec839ae31ec9455ea1b', 'to': '6adf97f83acf6453d4a6a4b1070f3754'}, {'createdAt': {'$date': 1690527746000}, 'trackingCode': 'c72e1ab589d41da3ec3b3065792a3dbe', 'status': None, 'description': 'TRANSFERENCIA', 'trackerType': '202591c2658eb8db7d1c57e1273cd270', 'from': '678eb27519e5bec839ae31ec9455ea1b', 'to': '6adf97f83acf6453d4a6a4b1070f3754'}, {'createdAt': {'$date': 1690528564000}, 'trackingCode': 'c72e1ab589d41da3ec3b3065792a3dbe', 'status': None, 'description': 'TRANSFERENCIA', 'trackerType': '202591c2658eb8db7d1c57e1273cd270', 'from': '678eb27519e5bec839ae31ec9455ea1b', 'to': '6adf97f83acf6453d4a6a4b1070f3754'}, {'createdAt': {'$date': 1690528600000}, 'trackingCode': 'c72e1ab589d41da3ec3b3065792a3dbe', 'status': None, 'description': 'TRANSFERIDO PARA UNIDADE', 'trackerType': '202591c2658eb8db7d1c57e1273cd270', 'from': '678eb27519e5bec839ae31ec9455ea1b', 'to': '6adf97f83acf6453d4a6a4b1070f3754'}, {'createdAt': {'$date': 1690531724000}, 'trackingCode': 'c72e1ab589d41da3ec3b3065792a3dbe', 'status': None, 'description': 'ENTRADA', 'trackerType': '202591c2658eb8db7d1c57e1273cd270', 'from': '29075855eba2a9c7ef80701070ae86c2', 'to': '6adf97f83acf6453d4a6a4b1070f3754'}, {'createdAt': {'$date': 1690531736000}, 'trackingCode': 'c72e1ab589d41da3ec3b3065792a3dbe', 'status': None, 'description': 'EM ROTA', 'trackerType': '202591c2658eb8db7d1c57e1273cd270', 'from': '29075855eba2a9c7ef80701070ae86c2', 'to': '6adf97f83acf6453d4a6a4b1070f3754'}, {'createdAt': {'$date': 1690542318000}, 'trackingCode': 'c72e1ab589d41da3ec3b3065792a3dbe', 'status': None, 'description': 'ENTREGUE', 'trackerType': '202591c2658eb8db7d1c57e1273cd270', 'from': '29075855eba2a9c7ef80701070ae86c2', 'to': '6adf97f83acf6453d4a6a4b1070f3754'}]"
U,5f18f19bc2af803d83b37cc5e621db0e,1692269707,1693824982,1693824982,"[{'createdAt': {'$date': 1691421432000}, 'trackingCode': '4af8964cfaefb694660c1cd04d015896', 'status': '01', 'description': 'Objeto entregue ao destinatário', 'trackerType': '27bb7dfdbe0de2d482d1c37c3fe5bfe3', 'from': 'dc33f7ac8c5db8622080efff3c2ae8e3', 'to': '6adf97f83acf6453d4a6a4b1070f3754'}, {'createdAt': {'$date': 1691401736000}, 'trackingCode': '4af8964cfaefb694660c1cd04d015896', 'status': '01', 'description': 'Objeto saiu para entrega ao destinatário', 'trackerType': '27bb7dfdbe0de2d482d1c37c3fe5bfe3', 'from': 'dc33f7ac8c5db8622080efff3c2ae8e3', 'to': '6adf97f83acf6453d4a6a4b1070f3754'}, {'createdAt': {'$date': 1691247840000}, 'trackingCode': '4af8964cfaefb694660c1cd04d015896', 'status': '01', 'description': 'Objeto em trânsito - por favor aguarde', 'trackerType': '27bb7dfdbe0de2d482d1c37c3fe5bfe3', 'from': 'd6f92b91f9d43af72a4d633756f82a74', 'to': 'dc33f7ac8c5db8622080efff3c2ae8e3'}, {'createdAt': {'$date': 1690831890000}, 'trackingCode': '4af8964cfaefb694660c1cd04d015896', 'status': '01', 'description': 'Objeto em trânsito - por favor aguarde', 'trackerType': '27bb7dfdbe0de2d482d1c37c3fe5bfe3', 'from': '1f4ec826839b13b3dd1eb1de9e8688a6', 'to': 'd6f92b91f9d43af72a4d633756f82a74'}, {'createdAt': {'$date': 1690811591000}, 'trackingCode': '4af8964cfaefb694660c1cd04d015896', 'status': '01', 'description': 'Objeto em trânsito - por favor aguarde', 'trackerType': '27bb7dfdbe0de2d482d1c37c3fe5bfe3', 'from': 'c34587283e62492119fde2793b822a9e', 'to': '1f4ec826839b13b3dd1eb1de9e8688a6'}, {'createdAt': {'$date': 1690811590000}, 'trackingCode': '4af8964cfaefb694660c1cd04d015896', 'status': '10', 'description': 'Fiscalização aduaneira finalizada', 'trackerType': '27bb7dfdbe0de2d482d1c37c3fe5bfe3', 'from': 'c34587283e62492119fde2793b822a9e', 'to': '6adf97f83acf6453d4a6a4b1070f3754'}, {'createdAt': {'$date': 1690603388000}, 'trackingCode': '4af8964cfaefb694660c1cd04d015896', 'status': '01', 'description': 'Objeto em trânsito - por favor aguarde', 'trackerType': '27bb7dfdbe0de2d482d1c37c3fe5bfe3', 'from': 'c34587283e62492119fde2793b822a9e', 'to': '9f93481f1a8f78e3104902777f35d396'}, {'createdAt': {'$date': 1690472408000}, 'trackingCode': '4af8964cfaefb694660c1cd04d015896', 'status': '21', 'description': 'Encaminhado para fiscalização aduaneira', 'trackerType': '27bb7dfdbe0de2d482d1c37c3fe5bfe3', 'from': 'c34587283e62492119fde2793b822a9e', 'to': '6adf97f83acf6453d4a6a4b1070f3754'}, {'createdAt': {'$date': 1690455329000}, 'trackingCode': '4af8964cfaefb694660c1cd04d015896', 'status': '16', 'description': 'Objeto recebido pelos Correios do Brasil', 'trackerType': '27bb7dfdbe0de2d482d1c37c3fe5bfe3', 'from': 'c34587283e62492119fde2793b822a9e', 'to': '6adf97f83acf6453d4a6a4b1070f3754'}, {'createdAt': {'$date': 1690220854000}, 'trackingCode': '4af8964cfaefb694660c1cd04d015896', 'status': '01', 'description': 'Objeto postado', 'trackerType': '27bb7dfdbe0de2d482d1c37c3fe5bfe3', 'from': 'f0aa1982f61314b9aab258c2f110ebab', 'to': '6adf97f83acf6453d4a6a4b1070f3754'}]"
U,6a2e8e76cd7a830474ab0d58314672cc,1689798708,1693824982,1693824982,"[{'createdAt': {'$date': 1689787266000}, 'trackingCode': '5e1064f2ab2f6f326b2bca07ee6c807a', 'status': '01', 'description': 'Objeto postado', 'trackerType': '27bb7dfdbe0de2d482d1c37c3fe5bfe3', 'from': 'a73a615419145fd5f1a0f8689a38600d', 'to': '6adf97f83acf6453d4a6a4b1070f3754'}, {'createdAt': {'$date': 1689844596000}, 'trackingCode': '5e1064f2ab2f6f326b2bca07ee6c807a', 'status': '01', 'description': 'Objeto em trânsito - por favor aguarde', 'trackerType': '27bb7dfdbe0de2d482d1c37c3fe5bfe3', 'from': 'a73a615419145fd5f1a0f8689a38600d', 'to': 'e0e884b320d7340e331862ed6772b798'}, {'createdAt': {'$date': 1689991419000}, 'trackingCode': '5e1064f2ab2f6f326b2bca07ee6c807a', 'status': '01', 'description': 'Objeto em trânsito - por favor aguarde', 'trackerType': '27bb7dfdbe0de2d482d1c37c3fe5bfe3', 'from': 'e0e884b320d7340e331862ed6772b798', 'to': 'a5cca99d677af10d5a3f6e966233f9c9'}, {'createdAt': {'$date': 1690238702000}, 'trackingCode': '5e1064f2ab2f6f326b2bca07ee6c807a', 'status': '01', 'description': 'Objeto em trânsito - por favor aguarde', 'trackerType': '27bb7dfdbe0de2d482d1c37c3fe5bfe3', 'from': 'a5cca99d677af10d5a3f6e966233f9c9', 'to': '06d0031e84c6d19526dd68ebaa6d53c1'}, {'createdAt': {'$date': 1690450167000}, 'trackingCode': '5e1064f2ab2f6f326b2bca07ee6c807a', 'status': '01', 'description': 'Objeto entregue ao destinatário', 'trackerType': '27bb7dfdbe0de2d482d1c37c3fe5bfe3', 'from': '06d0031e84c6d19526dd68ebaa6d53c1', 'to': '6adf97f83acf6453d4a6a4b1070f3754'}, {'createdAt': {'$date': 1690448587000}, 'trackingCode': '5e1064f2ab2f6f326b2bca07ee6c807a', 'status': '01', 'description': 'Objeto saiu para entrega ao destinatário', 'trackerType': '27bb7dfdbe0de2d482d1c37c3fe5bfe3', 'from': '06d0031e84c6d19526dd68ebaa6d53c1', 'to': '6adf97f83acf6453d4a6a4b1070f3754'}]"
U,4a3dd705f05f816c11f99985351ddc2d,1692049188,1693824982,1693824982,"[{'createdAt': {'$date': 1692024717000}, 'trackingCode': '2b43f201b1075bce81b09097b7cb49d7', 'status': '102', 'description': 'Informação do Envio enviado à Azul Cargo Express (CT-e emitido)\t', 'trackerType': '3b24fa7e14555a1912e5bc2198f8e075', 'from': '50f436072ccb6dc26431a632341ac736', 'to': '6adf97f83acf6453d4a6a4b1070f3754'}, {'createdAt': {'$date': 1692040100000}, 'trackingCode': '2b43f201b1075bce81b09097b7cb49d7', 'status': '142', 'description': 'Embarque no veículo para transferência ou em rota para entrega', 'trackerType': '3b24fa7e14555a1912e5bc2198f8e075', 'from': '50f436072ccb6dc26431a632341ac736', 'to': '6adf97f83acf6453d4a6a4b1070f3754'}, {'createdAt': {'$date': 1692040100000}, 'trackingCode': '2b43f201b1075bce81b09097b7cb49d7', 'status': '133', 'description': 'Saida Do Veiculo', 'trackerType': '3b24fa7e14555a1912e5bc2198f8e075', 'from': '50f436072ccb6dc26431a632341ac736', 'to': '6adf97f83acf6453d4a6a4b1070f3754'}, {'createdAt': {'$date': 1692044760000}, 'trackingCode': '2b43f201b1075bce81b09097b7cb49d7', 'status': '136', 'description': 'Chegou na Unidade Azul Cargo Express\t', 'trackerType': '3b24fa7e14555a1912e5bc2198f8e075', 'from': '06e06a17681fe072e310794a31a4259f', 'to': '6adf97f83acf6453d4a6a4b1070f3754'}, {'createdAt': {'$date': 1692071305000}, 'trackingCode': '2b43f201b1075bce81b09097b7cb49d7', 'status': '104', 'description': 'Deixou a unidade Azul Cargo Express\t', 'trackerType': '3b24fa7e14555a1912e5bc2198f8e075', 'from': '06e06a17681fe072e310794a31a4259f', 'to': '6adf97f83acf6453d4a6a4b1070f3754'}, {'createdAt': {'$date': 1692087938000}, 'trackingCode': '2b43f201b1075bce81b09097b7cb49d7', 'status': '134', 'description': 'Saída do voo\t', 'trackerType': '3b24fa7e14555a1912e5bc2198f8e075', 'from': '06e06a17681fe072e310794a31a4259f', 'to': '6adf97f83acf6453d4a6a4b1070f3754'}, {'createdAt': {'$date': 1692095820000}, 'trackingCode': '2b43f201b1075bce81b09097b7cb49d7', 'status': '137', 'description': 'Chegada do voo\t', 'trackerType': '3b24fa7e14555a1912e5bc2198f8e075', 'from': '562d8d0897940216b3de4dc91237e651', 'to': '6adf97f83acf6453d4a6a4b1070f3754'}, {'createdAt': {'$date': 1692165975000}, 'trackingCode': '2b43f201b1075bce81b09097b7cb49d7', 'status': '142', 'description': 'Embarque no veículo para transferência ou em rota para entrega', 'trackerType': '3b24fa7e14555a1912e5bc2198f8e075', 'from': '562d8d0897940216b3de4dc91237e651', 'to': '6adf97f83acf6453d4a6a4b1070f3754'}, {'createdAt': {'$date': 1692165979000}, 'trackingCode': '2b43f201b1075bce81b09097b7cb49d7', 'status': '133', 'description': 'Saida Do Veiculo', 'trackerType': '3b24fa7e14555a1912e5bc2198f8e075', 'from': '562d8d0897940216b3de4dc91237e651', 'to': '6adf97f83acf6453d4a6a4b1070f3754'}, {'createdAt': {'$date': 1692173580000}, 'trackingCode': '2b43f201b1075bce81b09097b7cb49d7', 'status': '136', 'description': 'Chegou na Unidade Azul Cargo Express\t', 'trackerType': '3b24fa7e14555a1912e5bc2198f8e075', 'from': 'c76d3b82505f3d7363a7bdaf481ff431', 'to': '6adf97f83acf6453d4a6a4b1070f3754'}, {'createdAt': {'$date': 1692176447000}, 'trackingCode': '2b43f201b1075bce81b09097b7cb49d7', 'status': '104', 'description': 'Deixou a unidade Azul Cargo Express\t', 'trackerType': '3b24fa7e14555a1912e5bc2198f8e075', 'from': 'c76d3b82505f3d7363a7bdaf481ff431', 'to': '6adf97f83acf6453d4a6a4b1070f3754'}, {'createdAt': {'$date': 1692177261000}, 'trackingCode': '2b43f201b1075bce81b09097b7cb49d7', 'status': '133', 'description': 'Saida Do Veiculo', 'trackerType': '3b24fa7e14555a1912e5bc2198f8e075', 'from': 'c76d3b82505f3d7363a7bdaf481ff431', 'to': '6adf97f83acf6453d4a6a4b1070f3754'}, {'createdAt': {'$date': 1692191091000}, 'trackingCode': '2b43f201b1075bce81b09097b7cb49d7', 'status': '01', 'description': 'Remessa entregue', 'trackerType': '3b24fa7e14555a1912e5bc2198f8e075', 'from': '6adf97f83acf6453d4a6a4b1070f3754', 'to': '6adf97f83acf6453d4a6a4b1070f3754'}]"
U,a382ee4e4a01400fdc697be0c80aa7df,1693317354,1693824982,1693824982,"[{'createdAt': {'$date': 1693299188000}, 'trackingCode': '3de046a5ce499d83775c658a71a7414c', 'status': '15', 'description': 'Transferido', 'trackerType': '560eb3b8655c97fabfc9af244772eeed', 'from': '23f9a10d30b3af5a77131dcdc4f38c7d', 'to': '6adf97f83acf6453d4a6a4b1070f3754'}, {'createdAt': {'$date': 1693253684000}, 'trackingCode': '3de046a5ce499d83775c658a71a7414c', 'status': '14', 'description': 'Em Transferência', 'trackerType': '560eb3b8655c97fabfc9af244772eeed', 'from': '1d028f9251654172bf21acf422bbbd24', 'to': '6adf97f83acf6453d4a6a4b1070f3754'}, {'createdAt': {'$date': 1693247626000}, 'trackingCode': '3de046a5ce499d83775c658a71a7414c', 'status': '34', 'description': 'CT-e autorizado', 'trackerType': '560eb3b8655c97fabfc9af244772eeed', 'from': '1d028f9251654172bf21acf422bbbd24', 'to': '6adf97f83acf6453d4a6a4b1070f3754'}, {'createdAt': {'$date': 1693247510000}, 'trackingCode': '3de046a5ce499d83775c658a71a7414c', 'status': '2', 'description': 'Recebido pela transportadora', 'trackerType': '560eb3b8655c97fabfc9af244772eeed', 'from': '1d028f9251654172bf21acf422bbbd24', 'to': '6adf97f83acf6453d4a6a4b1070f3754'}, {'createdAt': {'$date': 1693171904000}, 'trackingCode': '3de046a5ce499d83775c658a71a7414c', 'status': '1', 'description': 'Arquivo Recebido', 'trackerType': '560eb3b8655c97fabfc9af244772eeed', 'from': '6b34dfa62c09ba350946b83785f49b0b', 'to': '6adf97f83acf6453d4a6a4b1070f3754'}, {'createdAt': {'$date': 1693346207000}, 'trackingCode': '3de046a5ce499d83775c658a71a7414c', 'status': '14', 'description': 'Em Transferência', 'trackerType': '560eb3b8655c97fabfc9af244772eeed', 'from': '23f9a10d30b3af5a77131dcdc4f38c7d', 'to': '6adf97f83acf6453d4a6a4b1070f3754'}, {'createdAt': {'$date': 1693384494000}, 'trackingCode': '3de046a5ce499d83775c658a71a7414c', 'status': '15', 'description': 'Transferido', 'trackerType': '560eb3b8655c97fabfc9af244772eeed', 'from': 'ec0ace85274484a72bdb5c070bae27ae', 'to': '6adf97f83acf6453d4a6a4b1070f3754'}, {'createdAt': {'$date': 1693394658000}, 'trackingCode': '3de046a5ce499d83775c658a71a7414c', 'status': '15', 'description': 'Transferido', 'trackerType': '560eb3b8655c97fabfc9af244772eeed', 'from': '6b34dfa62c09ba350946b83785f49b0b', 'to': '6adf97f83acf6453d4a6a4b1070f3754'}, {'createdAt': {'$date': 1693393867000}, 'trackingCode': '3de046a5ce499d83775c658a71a7414c', 'status': '14', 'description': 'Em Transferência', 'trackerType': '560eb3b8655c97fabfc9af244772eeed', 'from': 'ec0ace85274484a72bdb5c070bae27ae', 'to': '6adf97f83acf6453d4a6a4b1070f3754'}, {'createdAt': {'$date': 1693416954000}, 'trackingCode': '3de046a5ce499d83775c658a71a7414c', 'status': '6', 'description': 'Entregue', 'trackerType': '560eb3b8655c97fabfc9af244772eeed', 'from': '6b34dfa62c09ba350946b83785f49b0b', 'to': '6adf97f83acf6453d4a6a4b1070f3754'}, {'createdAt': {'$date': 1693416894000}, 'trackingCode': '3de046a5ce499d83775c658a71a7414c', 'status': '5', 'description': 'A caminho do destinatário', 'trackerType': '560eb3b8655c97fabfc9af244772eeed', 'from': '6b34dfa62c09ba350946b83785f49b0b', 'to': '6adf97f83acf6453d4a6a4b1070f3754'}, {'createdAt': {'$date': 1693416713000}, 'trackingCode': '3de046a5ce499d83775c658a71a7414c', 'status': '4', 'description': 'Em Rota', 'trackerType': '560eb3b8655c97fabfc9af244772eeed', 'from': '6b34dfa62c09ba350946b83785f49b0b', 'to': '6adf97f83acf6453d4a6a4b1070f3754'}, {'createdAt': {'$date': 1693416508000}, 'trackingCode': '3de046a5ce499d83775c658a71a7414c', 'status': '3', 'description': 'Geração de lista', 'trackerType': '560eb3b8655c97fabfc9af244772eeed', 'from': '6b34dfa62c09ba350946b83785f49b0b', 'to': '6adf97f83acf6453d4a6a4b1070f3754'}]"
U,42ccc776d1df7ae95f75b7c06d7aa962,1691712602,1693824982,1693824982,"[{'createdAt': {'$date': 1691715877000}, 'trackingCode': 'bbba1ef1c19c5ee8193b3909a12aa4d9', 'status': '13', 'description': 'O pacote foi confirmado em uma base da Loggi e vai ser preparado para transferência.', 'trackerType': 'a302942c7f755f858bd9a6c0c6be98fb', 'from': '78a32fcc48731cfdbb11966d312f5f4f', 'to': '6adf97f83acf6453d4a6a4b1070f3754'}, {'createdAt': {'$date': 1691715348000}, 'trackingCode': 'bbba1ef1c19c5ee8193b3909a12aa4d9', 'status': '15', 'description': 'O pacote já teve suas dimensões conferidas.', 'trackerType': 'a302942c7f755f858bd9a6c0c6be98fb', 'from': '6adf97f83acf6453d4a6a4b1070f3754', 'to': '6adf97f83acf6453d4a6a4b1070f3754'}, {'createdAt': {'$date': 1691527171000}, 'trackingCode': 'bbba1ef1c19c5ee8193b3909a12aa4d9', 'status': '1', 'description': 'A etiqueta de envio já foi criada e o pacote está pronto para a coleta.', 'trackerType': 'a302942c7f755f858bd9a6c0c6be98fb', 'from': '78a32fcc48731cfdbb11966d312f5f4f', 'to': '6adf97f83acf6453d4a6a4b1070f3754'}, {'createdAt': {'$date': 1691735438000}, 'trackingCode': 'bbba1ef1c19c5ee8193b3909a12aa4d9', 'status': '3', 'description': 'O pacote está em uma base e, em breve, vai estar em transferência.', 'trackerType': 'a302942c7f755f858bd9a6c0c6be98fb', 'from': '6adf97f83acf6453d4a6a4b1070f3754', 'to': '6adf97f83acf6453d4a6a4b1070f3754'}, {'createdAt': {'$date': 1691738883000}, 'trackingCode': 'bbba1ef1c19c5ee8193b3909a12aa4d9', 'status': '16', 'description': 'O pacote está em transferência de uma base para outra.', 'trackerType': 'a302942c7f755f858bd9a6c0c6be98fb', 'from': '6adf97f83acf6453d4a6a4b1070f3754', 'to': '6adf97f83acf6453d4a6a4b1070f3754'}, {'createdAt': {'$date': 1691735439000}, 'trackingCode': 'bbba1ef1c19c5ee8193b3909a12aa4d9', 'status': '3', 'description': 'O pacote está em uma base e, em breve, vai estar em transferência.', 'trackerType': 'a302942c7f755f858bd9a6c0c6be98fb', 'from': '6adf97f83acf6453d4a6a4b1070f3754', 'to': '6adf97f83acf6453d4a6a4b1070f3754'}, {'createdAt': {'$date': 1691757194000}, 'trackingCode': 'bbba1ef1c19c5ee8193b3909a12aa4d9', 'status': '17', 'description': 'Tudo certo, o pacote está em uma base da Loggi.', 'trackerType': 'a302942c7f755f858bd9a6c0c6be98fb', 'from': '6adf97f83acf6453d4a6a4b1070f3754', 'to': '6adf97f83acf6453d4a6a4b1070f3754'}, {'createdAt': {'$date': 1691763835000}, 'trackingCode': 'bbba1ef1c19c5ee8193b3909a12aa4d9', 'status': '11', 'description': 'O pacote está a caminho.', 'trackerType': 'a302942c7f755f858bd9a6c0c6be98fb', 'from': '6adf97f83acf6453d4a6a4b1070f3754', 'to': '6adf97f83acf6453d4a6a4b1070f3754'}, {'createdAt': {'$date': 1691757193000}, 'trackingCode': 'bbba1ef1c19c5ee8193b3909a12aa4d9', 'status': '17', 'description': 'Tudo certo, o pacote está em uma base da Loggi.', 'trackerType': 'a302942c7f755f858bd9a6c0c6be98fb', 'from': '6adf97f83acf6453d4a6a4b1070f3754', 'to': '6adf97f83acf6453d4a6a4b1070f3754'}, {'createdAt': {'$date': 1692043153000}, 'trackingCode': 'bbba1ef1c19c5ee8193b3909a12aa4d9', 'status': '5', 'description': 'O pacote chegou ao destino final.', 'trackerType': 'a302942c7f755f858bd9a6c0c6be98fb', 'from': '6adf97f83acf6453d4a6a4b1070f3754', 'to': '6adf97f83acf6453d4a6a4b1070f3754'}]"
U,304b9b0e55ed92206d634721cd0d1935,1692023600,1693824982,1693824982,"[{'createdAt': {'$date': 1691766900000}, 'trackingCode': 'b18912774ae7d650ccf8903a0a8515df', 'status': '30', 'description': 'Aguardando pagamento do despacho postal', 'trackerType': '27bb7dfdbe0de2d482d1c37c3fe5bfe3', 'from': '8f858ee1067df0a89292373651e6c73e', 'to': '6adf97f83acf6453d4a6a4b1070f3754'}, {'createdAt': {'$date': 1691766840000}, 'trackingCode': 'b18912774ae7d650ccf8903a0a8515df', 'status': '34', 'description': 'Liberado sem tributação', 'trackerType': '27bb7dfdbe0de2d482d1c37c3fe5bfe3', 'from': '8f858ee1067df0a89292373651e6c73e', 'to': '6adf97f83acf6453d4a6a4b1070f3754'}, {'createdAt': {'$date': 1691493954000}, 'trackingCode': 'b18912774ae7d650ccf8903a0a8515df', 'status': '16', 'description': 'Objeto recebido pelos Correios do Brasil', 'trackerType': '27bb7dfdbe0de2d482d1c37c3fe5bfe3', 'from': '8f858ee1067df0a89292373651e6c73e', 'to': '6adf97f83acf6453d4a6a4b1070f3754'}, {'createdAt': {'$date': 1691262000000}, 'trackingCode': 'b18912774ae7d650ccf8903a0a8515df', 'status': '01', 'description': 'Objeto em trânsito - por favor aguarde', 'trackerType': '27bb7dfdbe0de2d482d1c37c3fe5bfe3', 'from': 'f0aa1982f61314b9aab258c2f110ebab', 'to': 'fab9ec2163f1d49c0421e3d6bb8e760b'}, {'createdAt': {'$date': 1691165580000}, 'trackingCode': 'b18912774ae7d650ccf8903a0a8515df', 'status': '18', 'description': 'Objeto recebido na unidade de exportação no país de origem', 'trackerType': '27bb7dfdbe0de2d482d1c37c3fe5bfe3', 'from': 'f0aa1982f61314b9aab258c2f110ebab', 'to': '6adf97f83acf6453d4a6a4b1070f3754'}, {'createdAt': {'$date': 1690744020000}, 'trackingCode': 'b18912774ae7d650ccf8903a0a8515df', 'status': '01', 'description': 'Objeto postado', 'trackerType': '27bb7dfdbe0de2d482d1c37c3fe5bfe3', 'from': 'f0aa1982f61314b9aab258c2f110ebab', 'to': '6adf97f83acf6453d4a6a4b1070f3754'}, {'createdAt': {'$date': 1692073566000}, 'trackingCode': 'b18912774ae7d650ccf8903a0a8515df', 'status': '31', 'description': 'Pagamento confirmado', 'trackerType': '27bb7dfdbe0de2d482d1c37c3fe5bfe3', 'from': '44d02c36e6691bb8faacd16784348114', 'to': '6adf97f83acf6453d4a6a4b1070f3754'}, {'createdAt': {'$date': 1692346165000}, 'trackingCode': 'b18912774ae7d650ccf8903a0a8515df', 'status': '02', 'description': 'Objeto em trânsito', 'trackerType': '27bb7dfdbe0de2d482d1c37c3fe5bfe3', 'from': '8f858ee1067df0a89292373651e6c73e', 'to': '6adf97f83acf6453d4a6a4b1070f3754'}, {'createdAt': {'$date': 1692699136000}, 'trackingCode': 'b18912774ae7d650ccf8903a0a8515df', 'status': '01', 'description': 'Objeto saiu para entrega ao destinatário', 'trackerType': '27bb7dfdbe0de2d482d1c37c3fe5bfe3', 'from': '0f293a952ac9ca7c68bc34259ede7764', 'to': '6adf97f83acf6453d4a6a4b1070f3754'}, {'createdAt': {'$date': 1692720733000}, 'trackingCode': 'b18912774ae7d650ccf8903a0a8515df', 'status': '01', 'description': 'Objeto entregue ao destinatário', 'trackerType': '27bb7dfdbe0de2d482d1c37c3fe5bfe3', 'from': '0f293a952ac9ca7c68bc34259ede7764', 'to': '6adf97f83acf6453d4a6a4b1070f3754'}]"
U,32e487196f5da4a361efad05419b30d1,1693510376,1693824982,1693824982,"[{'createdAt': {'$date': 1693501174000}, 'trackingCode': '2328739aa54ea28a550c85f8f8de8e53', 'status': None, 'description': 'EMISSAO', 'trackerType': '202591c2658eb8db7d1c57e1273cd270', 'from': '63c3f67dd0a0513f28dd3837940b64e9', 'to': '6adf97f83acf6453d4a6a4b1070f3754'}, {'createdAt': {'$date': 1693505805000}, 'trackingCode': '2328739aa54ea28a550c85f8f8de8e53', 'status': None, 'description': 'TRANSFERENCIA', 'trackerType': '202591c2658eb8db7d1c57e1273cd270', 'from': '63c3f67dd0a0513f28dd3837940b64e9', 'to': '6adf97f83acf6453d4a6a4b1070f3754'}, {'createdAt': {'$date': 1693533635000}, 'trackingCode': '2328739aa54ea28a550c85f8f8de8e53', 'status': None, 'description': 'ENTRADA', 'trackerType': '202591c2658eb8db7d1c57e1273cd270', 'from': 'fac929278c0e5ba967802153ba729336', 'to': '6adf97f83acf6453d4a6a4b1070f3754'}, {'createdAt': {'$date': 1693541437000}, 'trackingCode': '2328739aa54ea28a550c85f8f8de8e53', 'status': None, 'description': 'TRANSFERENCIA', 'trackerType': '202591c2658eb8db7d1c57e1273cd270', 'from': 'e81f9b321e898f638477f1f13bf81c38', 'to': '6adf97f83acf6453d4a6a4b1070f3754'}, {'createdAt': {'$date': 1693577564000}, 'trackingCode': '2328739aa54ea28a550c85f8f8de8e53', 'status': None, 'description': 'TRANSFERENCIA', 'trackerType': '202591c2658eb8db7d1c57e1273cd270', 'from': 'fac929278c0e5ba967802153ba729336', 'to': '6adf97f83acf6453d4a6a4b1070f3754'}, {'createdAt': {'$date': 1693578201000}, 'trackingCode': '2328739aa54ea28a550c85f8f8de8e53', 'status': None, 'description': 'TRANSFERENCIA', 'trackerType': '202591c2658eb8db7d1c57e1273cd270', 'from': 'fac929278c0e5ba967802153ba729336', 'to': '6adf97f83acf6453d4a6a4b1070f3754'}]"
U,af701e90b775d9a1533cb18ba9da2c87,1692058686,1693824982,1693824982,"[{'createdAt': {'$date': 1692050998000}, 'trackingCode': '2bc9516c86b1c02c1699a776b513521a', 'status': '01', 'description': 'Objeto em trânsito - por favor aguarde', 'trackerType': '27bb7dfdbe0de2d482d1c37c3fe5bfe3', 'from': 'd7fd547a14bcde970e5c0edf83bca3d6', 'to': 'd7fd547a14bcde970e5c0edf83bca3d6'}, {'createdAt': {'$date': 1692068492000}, 'trackingCode': '2bc9516c86b1c02c1699a776b513521a', 'status': '01', 'description': 'Objeto em trânsito - por favor aguarde', 'trackerType': '27bb7dfdbe0de2d482d1c37c3fe5bfe3', 'from': 'd7fd547a14bcde970e5c0edf83bca3d6', 'to': '0f293a952ac9ca7c68bc34259ede7764'}, {'createdAt': {'$date': 1692090649000}, 'trackingCode': '2bc9516c86b1c02c1699a776b513521a', 'status': '03', 'description': 'Objeto está em rota de entrega', 'trackerType': '27bb7dfdbe0de2d482d1c37c3fe5bfe3', 'from': '0f293a952ac9ca7c68bc34259ede7764', 'to': '6adf97f83acf6453d4a6a4b1070f3754'}, {'createdAt': {'$date': 1692107155000}, 'trackingCode': '2bc9516c86b1c02c1699a776b513521a', 'status': '01', 'description': 'Objeto entregue ao destinatário', 'trackerType': '27bb7dfdbe0de2d482d1c37c3fe5bfe3', 'from': '0f293a952ac9ca7c68bc34259ede7764', 'to': '6adf97f83acf6453d4a6a4b1070f3754'}, {'createdAt': {'$date': 1692107135000}, 'trackingCode': '2bc9516c86b1c02c1699a776b513521a', 'status': '58', 'description': 'Objeto será entregue em instantes', 'trackerType': '27bb7dfdbe0de2d482d1c37c3fe5bfe3', 'from': '0f293a952ac9ca7c68bc34259ede7764', 'to': '6adf97f83acf6453d4a6a4b1070f3754'}]"
U,cfe5230143b00be05538a500f47f8fd3,1689164329,1693824982,1693824982,"[{'createdAt': {'$date': 1689163148000}, 'trackingCode': '68cdb0f32afab2511951182d896266be', 'status': '102', 'description': 'Informação do Envio enviado à Azul Cargo Express (CT-e emitido)\t', 'trackerType': '3b24fa7e14555a1912e5bc2198f8e075', 'from': '229732ac34851cd9fcc1f24bdf0ec599', 'to': '6adf97f83acf6453d4a6a4b1070f3754'}, {'createdAt': {'$date': 1689181119000}, 'trackingCode': '68cdb0f32afab2511951182d896266be', 'status': '142', 'description': 'Embarque no veículo para transferência ou em rota para entrega', 'trackerType': '3b24fa7e14555a1912e5bc2198f8e075', 'from': '229732ac34851cd9fcc1f24bdf0ec599', 'to': '6adf97f83acf6453d4a6a4b1070f3754'}, {'createdAt': {'$date': 1689256281000}, 'trackingCode': '68cdb0f32afab2511951182d896266be', 'status': '133', 'description': 'Saida Do Veiculo', 'trackerType': '3b24fa7e14555a1912e5bc2198f8e075', 'from': '229732ac34851cd9fcc1f24bdf0ec599', 'to': '6adf97f83acf6453d4a6a4b1070f3754'}, {'createdAt': {'$date': 1689269160000}, 'trackingCode': '68cdb0f32afab2511951182d896266be', 'status': '136', 'description': 'Chegou na Unidade Azul Cargo Express\t', 'trackerType': '3b24fa7e14555a1912e5bc2198f8e075', 'from': 'f27a216a262bc2f84e472a6a73b1e3af', 'to': '6adf97f83acf6453d4a6a4b1070f3754'}, {'createdAt': {'$date': 1689284503000}, 'trackingCode': '68cdb0f32afab2511951182d896266be', 'status': '104', 'description': 'Deixou a unidade Azul Cargo Express\t', 'trackerType': '3b24fa7e14555a1912e5bc2198f8e075', 'from': 'f27a216a262bc2f84e472a6a73b1e3af', 'to': '6adf97f83acf6453d4a6a4b1070f3754'}, {'createdAt': {'$date': 1689284509000}, 'trackingCode': '68cdb0f32afab2511951182d896266be', 'status': '134', 'description': 'Saída do voo\t', 'trackerType': '3b24fa7e14555a1912e5bc2198f8e075', 'from': 'f27a216a262bc2f84e472a6a73b1e3af', 'to': '6adf97f83acf6453d4a6a4b1070f3754'}, {'createdAt': {'$date': 1689316440000}, 'trackingCode': '68cdb0f32afab2511951182d896266be', 'status': '137', 'description': 'Chegada do voo\t', 'trackerType': '3b24fa7e14555a1912e5bc2198f8e075', 'from': '89cb1e2fcbb5b49ca53cf4157f671587', 'to': '6adf97f83acf6453d4a6a4b1070f3754'}, {'createdAt': {'$date': 1689377296000}, 'trackingCode': '68cdb0f32afab2511951182d896266be', 'status': '104', 'description': 'Deixou a unidade Azul Cargo Express\t', 'trackerType': '3b24fa7e14555a1912e5bc2198f8e075', 'from': '89cb1e2fcbb5b49ca53cf4157f671587', 'to': '6adf97f83acf6453d4a6a4b1070f3754'}, {'createdAt': {'$date': 1689377301000}, 'trackingCode': '68cdb0f32afab2511951182d896266be', 'status': '134', 'description': 'Saída do voo\t', 'trackerType': '3b24fa7e14555a1912e5bc2198f8e075', 'from': '89cb1e2fcbb5b49ca53cf4157f671587', 'to': '6adf97f83acf6453d4a6a4b1070f3754'}, {'createdAt': {'$date': 1689389760000}, 'trackingCode': '68cdb0f32afab2511951182d896266be', 'status': '137', 'description': 'Chegada do voo\t', 'trackerType': '3b24fa7e14555a1912e5bc2198f8e075', 'from': '86920ae869c8824647456fbd9e6c41da', 'to': '6adf97f83acf6453d4a6a4b1070f3754'}, {'createdAt': {'$date': 1689585287000}, 'trackingCode': '68cdb0f32afab2511951182d896266be', 'status': '142', 'description': 'Embarque no veículo para transferência ou em rota para entrega', 'trackerType': '3b24fa7e14555a1912e5bc2198f8e075', 'from': '86920ae869c8824647456fbd9e6c41da', 'to': '6adf97f83acf6453d4a6a4b1070f3754'}, {'createdAt': {'$date': 1689585291000}, 'trackingCode': '68cdb0f32afab2511951182d896266be', 'status': '133', 'description': 'Saida Do Veiculo', 'trackerType': '3b24fa7e14555a1912e5bc2198f8e075', 'from': '86920ae869c8824647456fbd9e6c41da', 'to': '6adf97f83acf6453d4a6a4b1070f3754'}, {'createdAt': {'$date': 1689603376000}, 'trackingCode': '68cdb0f32afab2511951182d896266be', 'status': '136', 'description': 'Chegou na Unidade Azul Cargo Express\t', 'trackerType': '3b24fa7e14555a1912e5bc2198f8e075', 'from': '65d3e15628770ad6eb88f833a18e7077', 'to': '6adf97f83acf6453d4a6a4b1070f3754'}, {'createdAt': {'$date': 1690187209000}, 'trackingCode': '68cdb0f32afab2511951182d896266be', 'status': '104', 'description': 'Deixou a unidade Azul Cargo Express\t', 'trackerType': '3b24fa7e14555a1912e5bc2198f8e075', 'from': '65d3e15628770ad6eb88f833a18e7077', 'to': '6adf97f83acf6453d4a6a4b1070f3754'}, {'createdAt': {'$date': 1690190050000}, 'trackingCode': '68cdb0f32afab2511951182d896266be', 'status': '133', 'description': 'Saida Do Veiculo', 'trackerType': '3b24fa7e14555a1912e5bc2198f8e075', 'from': '65d3e15628770ad6eb88f833a18e7077', 'to': '6adf97f83acf6453d4a6a4b1070f3754'}, {'createdAt': {'$date': 1690194646000}, 'trackingCode': '68cdb0f32afab2511951182d896266be', 'status': '01', 'description': 'Remessa entregue', 'trackerType': '3b24fa7e14555a1912e5bc2198f8e075', 'from': '6adf97f83acf6453d4a6a4b1070f3754', 'to': '6adf97f83acf6453d4a6a4b1070f3754'}]"
U,dadd6d156f6d58556b000f1b89fe0eb5,1691809867,1693824982,1693824982,"[{'createdAt': {'$date': 1691809279000}, 'trackingCode': '079bfe86451bc2d8687a8f59ad864dc4', 'status': '01', 'description': 'Objeto em trânsito - por favor aguarde', 'trackerType': '27bb7dfdbe0de2d482d1c37c3fe5bfe3', 'from': 'd7fd547a14bcde970e5c0edf83bca3d6', 'to': '0f293a952ac9ca7c68bc34259ede7764'}, {'createdAt': {'$date': 1691794351000}, 'trackingCode': '079bfe86451bc2d8687a8f59ad864dc4', 'status': '01', 'description': 'Objeto em trânsito - por favor aguarde', 'trackerType': '27bb7dfdbe0de2d482d1c37c3fe5bfe3', 'from': 'd7fd547a14bcde970e5c0edf83bca3d6', 'to': 'd7fd547a14bcde970e5c0edf83bca3d6'}, {'createdAt': {'$date': 1691836224000}, 'trackingCode': '079bfe86451bc2d8687a8f59ad864dc4', 'status': '01', 'description': 'Objeto entregue ao destinatário', 'trackerType': '27bb7dfdbe0de2d482d1c37c3fe5bfe3', 'from': '0f293a952ac9ca7c68bc34259ede7764', 'to': '6adf97f83acf6453d4a6a4b1070f3754'}, {'createdAt': {'$date': 1691833223000}, 'trackingCode': '079bfe86451bc2d8687a8f59ad864dc4', 'status': '01', 'description': 'Objeto saiu para entrega ao destinatário', 'trackerType': '27bb7dfdbe0de2d482d1c37c3fe5bfe3', 'from': '0f293a952ac9ca7c68bc34259ede7764', 'to': '6adf97f83acf6453d4a6a4b1070f3754'}]"
U,58392a607c0a000d26b24e3189c5f68c,1692663025,1693824982,1693824982,"[{'createdAt': {'$date': 1692666115000}, 'trackingCode': '580adb7b117315978aecf1149579ed30', 'status': '01', 'description': 'Objeto em trânsito - por favor aguarde', 'trackerType': '27bb7dfdbe0de2d482d1c37c3fe5bfe3', 'from': '9c503ecc4f113471367063483aca15c7', 'to': 'a0129ea7b74a5ac5505ec427c1e4c5cf'}, {'createdAt': {'$date': 1692658068000}, 'trackingCode': '580adb7b117315978aecf1149579ed30', 'status': '01', 'description': 'Objeto em trânsito - por favor aguarde', 'trackerType': '27bb7dfdbe0de2d482d1c37c3fe5bfe3', 'from': 'd7fd547a14bcde970e5c0edf83bca3d6', 'to': '9c503ecc4f113471367063483aca15c7'}, {'createdAt': {'$date': 1692701481000}, 'trackingCode': '580adb7b117315978aecf1149579ed30', 'status': '03', 'description': 'Objeto está em rota de entrega', 'trackerType': '27bb7dfdbe0de2d482d1c37c3fe5bfe3', 'from': 'a0129ea7b74a5ac5505ec427c1e4c5cf', 'to': '6adf97f83acf6453d4a6a4b1070f3754'}, {'createdAt': {'$date': 1692712506000}, 'trackingCode': '580adb7b117315978aecf1149579ed30', 'status': '20', 'description': 'Objeto não entregue - carteiro não atendido', 'trackerType': '27bb7dfdbe0de2d482d1c37c3fe5bfe3', 'from': 'a0129ea7b74a5ac5505ec427c1e4c5cf', 'to': '6adf97f83acf6453d4a6a4b1070f3754'}, {'createdAt': {'$date': 1692712268000}, 'trackingCode': '580adb7b117315978aecf1149579ed30', 'status': '58', 'description': 'Objeto será entregue em instantes', 'trackerType': '27bb7dfdbe0de2d482d1c37c3fe5bfe3', 'from': 'a0129ea7b74a5ac5505ec427c1e4c5cf', 'to': '6adf97f83acf6453d4a6a4b1070f3754'}, {'createdAt': {'$date': 1692788961000}, 'trackingCode': '580adb7b117315978aecf1149579ed30', 'status': '03', 'description': 'Objeto está em rota de entrega', 'trackerType': '27bb7dfdbe0de2d482d1c37c3fe5bfe3', 'from': 'a0129ea7b74a5ac5505ec427c1e4c5cf', 'to': '6adf97f83acf6453d4a6a4b1070f3754'}, {'createdAt': {'$date': 1692801251000}, 'trackingCode': '580adb7b117315978aecf1149579ed30', 'status': '01', 'description': 'Objeto entregue ao destinatário', 'trackerType': '27bb7dfdbe0de2d482d1c37c3fe5bfe3', 'from': 'a0129ea7b74a5ac5505ec427c1e4c5cf', 'to': '6adf97f83acf6453d4a6a4b1070f3754'}, {'createdAt': {'$date': 1692801210000}, 'trackingCode': '580adb7b117315978aecf1149579ed30', 'status': '58', 'description': 'Objeto será entregue em instantes', 'trackerType': '27bb7dfdbe0de2d482d1c37c3fe5bfe3', 'from': 'a0129ea7b74a5ac5505ec427c1e4c5cf', 'to': '6adf97f83acf6453d4a6a4b1070f3754'}]"
U,2514ab391ef1db976950d3ee010adf04,1688486209,1693824982,1693824982,"[{'createdAt': {'$date': 1688088242000}, 'trackingCode': '2ef40d0463dbd5a189f3c65a85305936', 'status': '16', 'description': 'Objeto recebido pelos Correios do Brasil', 'trackerType': '27bb7dfdbe0de2d482d1c37c3fe5bfe3', 'from': '44d02c36e6691bb8faacd16784348114', 'to': '6adf97f83acf6453d4a6a4b1070f3754'}, {'createdAt': {'$date': 1687786019000}, 'trackingCode': '2ef40d0463dbd5a189f3c65a85305936', 'status': '01', 'description': 'Objeto postado', 'trackerType': '27bb7dfdbe0de2d482d1c37c3fe5bfe3', 'from': 'f0aa1982f61314b9aab258c2f110ebab', 'to': '6adf97f83acf6453d4a6a4b1070f3754'}, {'createdAt': {'$date': 1688548535000}, 'trackingCode': '2ef40d0463dbd5a189f3c65a85305936', 'status': '01', 'description': 'Objeto em trânsito - por favor aguarde', 'trackerType': '27bb7dfdbe0de2d482d1c37c3fe5bfe3', 'from': '44d02c36e6691bb8faacd16784348114', 'to': 'e0e884b320d7340e331862ed6772b798'}, {'createdAt': {'$date': 1688548534000}, 'trackingCode': '2ef40d0463dbd5a189f3c65a85305936', 'status': '10', 'description': 'Fiscalização aduaneira finalizada', 'trackerType': '27bb7dfdbe0de2d482d1c37c3fe5bfe3', 'from': '44d02c36e6691bb8faacd16784348114', 'to': '6adf97f83acf6453d4a6a4b1070f3754'}, {'createdAt': {'$date': 1688655930000}, 'trackingCode': '2ef40d0463dbd5a189f3c65a85305936', 'status': '01', 'description': 'Objeto em trânsito - por favor aguarde', 'trackerType': '27bb7dfdbe0de2d482d1c37c3fe5bfe3', 'from': 'e0e884b320d7340e331862ed6772b798', 'to': '45d85b5814ccaef9bb9511c64db72ae1'}, {'createdAt': {'$date': 1691840582000}, 'trackingCode': '2ef40d0463dbd5a189f3c65a85305936', 'status': '01', 'description': 'Objeto entregue ao destinatário', 'trackerType': '27bb7dfdbe0de2d482d1c37c3fe5bfe3', 'from': 'f7e052ae7552ea25d41f980f9a589522', 'to': '6adf97f83acf6453d4a6a4b1070f3754'}, {'createdAt': {'$date': 1691828528000}, 'trackingCode': '2ef40d0463dbd5a189f3c65a85305936', 'status': '01', 'description': 'Objeto saiu para entrega ao destinatário', 'trackerType': '27bb7dfdbe0de2d482d1c37c3fe5bfe3', 'from': 'f7e052ae7552ea25d41f980f9a589522', 'to': '6adf97f83acf6453d4a6a4b1070f3754'}, {'createdAt': {'$date': 1691745911000}, 'trackingCode': '2ef40d0463dbd5a189f3c65a85305936', 'status': '10', 'description': 'Objeto recebido na unidade de distribuição', 'trackerType': '27bb7dfdbe0de2d482d1c37c3fe5bfe3', 'from': 'f7e052ae7552ea25d41f980f9a589522', 'to': '6adf97f83acf6453d4a6a4b1070f3754'}, {'createdAt': {'$date': 1691490768000}, 'trackingCode': '2ef40d0463dbd5a189f3c65a85305936', 'status': '01', 'description': 'Objeto em trânsito - por favor aguarde', 'trackerType': '27bb7dfdbe0de2d482d1c37c3fe5bfe3', 'from': '45d85b5814ccaef9bb9511c64db72ae1', 'to': 'f7e052ae7552ea25d41f980f9a589522'}]"
U,353453f0c6d92e14b8c7d348f1d45d5d,1691769679,1693824982,1693824982,"[{'createdAt': {'$date': 1691768174000}, 'trackingCode': '5f0570c3314733db6652af17f8f91738', 'status': '102', 'description': 'Informação do Envio enviado à Azul Cargo Express (CT-e emitido)\t', 'trackerType': '3b24fa7e14555a1912e5bc2198f8e075', 'from': 'dba488b9ccd58c3ebaf7a61b1c47e9c7', 'to': '6adf97f83acf6453d4a6a4b1070f3754'}, {'createdAt': {'$date': 1691776119000}, 'trackingCode': '5f0570c3314733db6652af17f8f91738', 'status': '142', 'description': 'Embarque no veículo para transferência ou em rota para entrega', 'trackerType': '3b24fa7e14555a1912e5bc2198f8e075', 'from': 'dba488b9ccd58c3ebaf7a61b1c47e9c7', 'to': '6adf97f83acf6453d4a6a4b1070f3754'}, {'createdAt': {'$date': 1691776119000}, 'trackingCode': '5f0570c3314733db6652af17f8f91738', 'status': '133', 'description': 'Saida Do Veiculo', 'trackerType': '3b24fa7e14555a1912e5bc2198f8e075', 'from': 'dba488b9ccd58c3ebaf7a61b1c47e9c7', 'to': '6adf97f83acf6453d4a6a4b1070f3754'}, {'createdAt': {'$date': 1691851740000}, 'trackingCode': '5f0570c3314733db6652af17f8f91738', 'status': '136', 'description': 'Chegou na Unidade Azul Cargo Express\t', 'trackerType': '3b24fa7e14555a1912e5bc2198f8e075', 'from': '6a95df87de3f6bd631e27879c6b74175', 'to': '6adf97f83acf6453d4a6a4b1070f3754'}, {'createdAt': {'$date': 1691865558000}, 'trackingCode': '5f0570c3314733db6652af17f8f91738', 'status': '104', 'description': 'Deixou a unidade Azul Cargo Express\t', 'trackerType': '3b24fa7e14555a1912e5bc2198f8e075', 'from': '6a95df87de3f6bd631e27879c6b74175', 'to': '6adf97f83acf6453d4a6a4b1070f3754'}, {'createdAt': {'$date': 1691865561000}, 'trackingCode': '5f0570c3314733db6652af17f8f91738', 'status': '134', 'description': 'Saída do voo\t', 'trackerType': '3b24fa7e14555a1912e5bc2198f8e075', 'from': '6a95df87de3f6bd631e27879c6b74175', 'to': '6adf97f83acf6453d4a6a4b1070f3754'}, {'createdAt': {'$date': 1691892480000}, 'trackingCode': '5f0570c3314733db6652af17f8f91738', 'status': '137', 'description': 'Chegada do voo\t', 'trackerType': '3b24fa7e14555a1912e5bc2198f8e075', 'from': '89cb1e2fcbb5b49ca53cf4157f671587', 'to': '6adf97f83acf6453d4a6a4b1070f3754'}, {'createdAt': {'$date': 1691948853000}, 'trackingCode': '5f0570c3314733db6652af17f8f91738', 'status': '104', 'description': 'Deixou a unidade Azul Cargo Express\t', 'trackerType': '3b24fa7e14555a1912e5bc2198f8e075', 'from': '89cb1e2fcbb5b49ca53cf4157f671587', 'to': '6adf97f83acf6453d4a6a4b1070f3754'}, {'createdAt': {'$date': 1691948859000}, 'trackingCode': '5f0570c3314733db6652af17f8f91738', 'status': '134', 'description': 'Saída do voo\t', 'trackerType': '3b24fa7e14555a1912e5bc2198f8e075', 'from': '89cb1e2fcbb5b49ca53cf4157f671587', 'to': '6adf97f83acf6453d4a6a4b1070f3754'}, {'createdAt': {'$date': 1691966700000}, 'trackingCode': '5f0570c3314733db6652af17f8f91738', 'status': '137', 'description': 'Chegada do voo\t', 'trackerType': '3b24fa7e14555a1912e5bc2198f8e075', 'from': '1eaad630b48b36d5fc32e235aead1633', 'to': '6adf97f83acf6453d4a6a4b1070f3754'}, {'createdAt': {'$date': 1692035152000}, 'trackingCode': '5f0570c3314733db6652af17f8f91738', 'status': '142', 'description': 'Embarque no veículo para transferência ou em rota para entrega', 'trackerType': '3b24fa7e14555a1912e5bc2198f8e075', 'from': '1eaad630b48b36d5fc32e235aead1633', 'to': '6adf97f83acf6453d4a6a4b1070f3754'}, {'createdAt': {'$date': 1692035152000}, 'trackingCode': '5f0570c3314733db6652af17f8f91738', 'status': '133', 'description': 'Saida Do Veiculo', 'trackerType': '3b24fa7e14555a1912e5bc2198f8e075', 'from': '1eaad630b48b36d5fc32e235aead1633', 'to': '6adf97f83acf6453d4a6a4b1070f3754'}, {'createdAt': {'$date': 1692086700000}, 'trackingCode': '5f0570c3314733db6652af17f8f91738', 'status': '136', 'description': 'Chegou na Unidade Azul Cargo Express\t', 'trackerType': '3b24fa7e14555a1912e5bc2198f8e075', 'from': '309b09addd71d15879a94a59152269ab', 'to': '6adf97f83acf6453d4a6a4b1070f3754'}, {'createdAt': {'$date': 1692087094000}, 'trackingCode': '5f0570c3314733db6652af17f8f91738', 'status': '104', 'description': 'Deixou a unidade Azul Cargo Express\t', 'trackerType': '3b24fa7e14555a1912e5bc2198f8e075', 'from': '309b09addd71d15879a94a59152269ab', 'to': '6adf97f83acf6453d4a6a4b1070f3754'}, {'createdAt': {'$date': 1692087095000}, 'trackingCode': '5f0570c3314733db6652af17f8f91738', 'status': '133', 'description': 'Saida Do Veiculo', 'trackerType': '3b24fa7e14555a1912e5bc2198f8e075', 'from': '309b09addd71d15879a94a59152269ab', 'to': '6adf97f83acf6453d4a6a4b1070f3754'}, {'createdAt': {'$date': 1692087714000}, 'trackingCode': '5f0570c3314733db6652af17f8f91738', 'status': '104', 'description': 'Deixou a unidade Azul Cargo Express\t', 'trackerType': '3b24fa7e14555a1912e5bc2198f8e075', 'from': '309b09addd71d15879a94a59152269ab', 'to': '6adf97f83acf6453d4a6a4b1070f3754'}, {'createdAt': {'$date': 1692087716000}, 'trackingCode': '5f0570c3314733db6652af17f8f91738', 'status': '133', 'description': 'Saida Do Veiculo', 'trackerType': '3b24fa7e14555a1912e5bc2198f8e075', 'from': '309b09addd71d15879a94a59152269ab', 'to': '6adf97f83acf6453d4a6a4b1070f3754'}, {'createdAt': {'$date': 1692117072000}, 'trackingCode': '5f0570c3314733db6652af17f8f91738', 'status': '01', 'description': 'Remessa entregue', 'trackerType': '3b24fa7e14555a1912e5bc2198f8e075', 'from': '6adf97f83acf6453d4a6a4b1070f3754', 'to': '6adf97f83acf6453d4a6a4b1070f3754'}]"
U,378e4d4bb3d1933d93fdcef81bc18c4e,1691444286,1693824982,1693824982,"[{'createdAt': {'$date': 1689795540000}, 'trackingCode': '2b7d21ae013cbb3250e86d43f48e0ec1', 'status': '01', 'description': 'Objeto em trânsito - por favor aguarde', 'trackerType': '27bb7dfdbe0de2d482d1c37c3fe5bfe3', 'from': 'f0aa1982f61314b9aab258c2f110ebab', 'to': 'fab9ec2163f1d49c0421e3d6bb8e760b'}, {'createdAt': {'$date': 1689793740000}, 'trackingCode': '2b7d21ae013cbb3250e86d43f48e0ec1', 'status': '18', 'description': 'Objeto recebido na unidade de exportação no país de origem', 'trackerType': '27bb7dfdbe0de2d482d1c37c3fe5bfe3', 'from': 'f0aa1982f61314b9aab258c2f110ebab', 'to': '6adf97f83acf6453d4a6a4b1070f3754'}, {'createdAt': {'$date': 1689504420000}, 'trackingCode': '2b7d21ae013cbb3250e86d43f48e0ec1', 'status': '01', 'description': 'Objeto postado', 'trackerType': '27bb7dfdbe0de2d482d1c37c3fe5bfe3', 'from': 'f0aa1982f61314b9aab258c2f110ebab', 'to': '6adf97f83acf6453d4a6a4b1070f3754'}, {'createdAt': {'$date': 1691680122000}, 'trackingCode': '2b7d21ae013cbb3250e86d43f48e0ec1', 'status': '16', 'description': 'Objeto recebido pelos Correios do Brasil', 'trackerType': '27bb7dfdbe0de2d482d1c37c3fe5bfe3', 'from': '93f4817a1e6a14133f2996864cd6193c', 'to': '6adf97f83acf6453d4a6a4b1070f3754'}, {'createdAt': {'$date': 1692084616000}, 'trackingCode': '2b7d21ae013cbb3250e86d43f48e0ec1', 'status': '21', 'description': 'Encaminhado para fiscalização aduaneira', 'trackerType': '27bb7dfdbe0de2d482d1c37c3fe5bfe3', 'from': '93f4817a1e6a14133f2996864cd6193c', 'to': '6adf97f83acf6453d4a6a4b1070f3754'}, {'createdAt': {'$date': 1692206454000}, 'trackingCode': '2b7d21ae013cbb3250e86d43f48e0ec1', 'status': '17', 'description': 'Aguardando pagamento', 'trackerType': '27bb7dfdbe0de2d482d1c37c3fe5bfe3', 'from': '93f4817a1e6a14133f2996864cd6193c', 'to': '6adf97f83acf6453d4a6a4b1070f3754'}, {'createdAt': {'$date': 1692245531000}, 'trackingCode': '2b7d21ae013cbb3250e86d43f48e0ec1', 'status': '31', 'description': 'Pagamento confirmado', 'trackerType': '27bb7dfdbe0de2d482d1c37c3fe5bfe3', 'from': '93f4817a1e6a14133f2996864cd6193c', 'to': '6adf97f83acf6453d4a6a4b1070f3754'}, {'createdAt': {'$date': 1692647662000}, 'trackingCode': '2b7d21ae013cbb3250e86d43f48e0ec1', 'status': '01', 'description': 'Objeto em trânsito - por favor aguarde', 'trackerType': '27bb7dfdbe0de2d482d1c37c3fe5bfe3', 'from': '93f4817a1e6a14133f2996864cd6193c', 'to': 'd29b01170389a24f6563d4157d8a11ba'}, {'createdAt': {'$date': 1692646939000}, 'trackingCode': '2b7d21ae013cbb3250e86d43f48e0ec1', 'status': '10', 'description': 'Fiscalização aduaneira finalizada', 'trackerType': '27bb7dfdbe0de2d482d1c37c3fe5bfe3', 'from': '93f4817a1e6a14133f2996864cd6193c', 'to': '6adf97f83acf6453d4a6a4b1070f3754'}, {'createdAt': {'$date': 1692811250000}, 'trackingCode': '2b7d21ae013cbb3250e86d43f48e0ec1', 'status': '01', 'description': 'Objeto em trânsito - por favor aguarde', 'trackerType': '27bb7dfdbe0de2d482d1c37c3fe5bfe3', 'from': 'd29b01170389a24f6563d4157d8a11ba', 'to': '9c503ecc4f113471367063483aca15c7'}, {'createdAt': {'$date': 1692942262000}, 'trackingCode': '2b7d21ae013cbb3250e86d43f48e0ec1', 'status': '01', 'description': 'Objeto em trânsito - por favor aguarde', 'trackerType': '27bb7dfdbe0de2d482d1c37c3fe5bfe3', 'from': '9c503ecc4f113471367063483aca15c7', 'to': 'af8d6ab3b557323333df000b2e15d79d'}, {'createdAt': {'$date': 1693220471000}, 'trackingCode': '2b7d21ae013cbb3250e86d43f48e0ec1', 'status': '01', 'description': 'Objeto entregue ao destinatário', 'trackerType': '27bb7dfdbe0de2d482d1c37c3fe5bfe3', 'from': 'af8d6ab3b557323333df000b2e15d79d', 'to': '6adf97f83acf6453d4a6a4b1070f3754'}, {'createdAt': {'$date': 1693213096000}, 'trackingCode': '2b7d21ae013cbb3250e86d43f48e0ec1', 'status': '01', 'description': 'Objeto saiu para entrega ao destinatário', 'trackerType': '27bb7dfdbe0de2d482d1c37c3fe5bfe3', 'from': 'af8d6ab3b557323333df000b2e15d79d', 'to': '6adf97f83acf6453d4a6a4b1070f3754'}]"
U,50e219cbad3f4e631fcee78507684e63,1692617223,1693824982,1693824982,"[{'createdAt': {'$date': 1692346691000}, 'trackingCode': 'ed42e9d34e99eb65fb797ac6c26211d4', 'status': '01', 'description': 'Objeto entregue ao destinatário', 'trackerType': '27bb7dfdbe0de2d482d1c37c3fe5bfe3', 'from': 'bfd9497c62e3748119ba7b519a2742aa', 'to': '6adf97f83acf6453d4a6a4b1070f3754'}, {'createdAt': {'$date': 1692345817000}, 'trackingCode': 'ed42e9d34e99eb65fb797ac6c26211d4', 'status': '01', 'description': 'Objeto saiu para entrega ao destinatário', 'trackerType': '27bb7dfdbe0de2d482d1c37c3fe5bfe3', 'from': 'bfd9497c62e3748119ba7b519a2742aa', 'to': '6adf97f83acf6453d4a6a4b1070f3754'}, {'createdAt': {'$date': 1692186053000}, 'trackingCode': 'ed42e9d34e99eb65fb797ac6c26211d4', 'status': '01', 'description': 'Objeto em trânsito - por favor aguarde', 'trackerType': '27bb7dfdbe0de2d482d1c37c3fe5bfe3', 'from': 'bbb2dc230db0d1f6008c4234d5d4f778', 'to': 'bfd9497c62e3748119ba7b519a2742aa'}, {'createdAt': {'$date': 1691842824000}, 'trackingCode': 'ed42e9d34e99eb65fb797ac6c26211d4', 'status': '01', 'description': 'Objeto em trânsito - por favor aguarde', 'trackerType': '27bb7dfdbe0de2d482d1c37c3fe5bfe3', 'from': '44d02c36e6691bb8faacd16784348114', 'to': 'bbb2dc230db0d1f6008c4234d5d4f778'}, {'createdAt': {'$date': 1691842823000}, 'trackingCode': 'ed42e9d34e99eb65fb797ac6c26211d4', 'status': '10', 'description': 'Fiscalização aduaneira finalizada', 'trackerType': '27bb7dfdbe0de2d482d1c37c3fe5bfe3', 'from': '44d02c36e6691bb8faacd16784348114', 'to': '6adf97f83acf6453d4a6a4b1070f3754'}, {'createdAt': {'$date': 1691842094000}, 'trackingCode': 'ed42e9d34e99eb65fb797ac6c26211d4', 'status': '16', 'description': 'Objeto recebido pelos Correios do Brasil', 'trackerType': '27bb7dfdbe0de2d482d1c37c3fe5bfe3', 'from': '44d02c36e6691bb8faacd16784348114', 'to': '6adf97f83acf6453d4a6a4b1070f3754'}, {'createdAt': {'$date': 1691640028000}, 'trackingCode': 'ed42e9d34e99eb65fb797ac6c26211d4', 'status': '01', 'description': 'Objeto postado', 'trackerType': '27bb7dfdbe0de2d482d1c37c3fe5bfe3', 'from': 'f0aa1982f61314b9aab258c2f110ebab', 'to': '6adf97f83acf6453d4a6a4b1070f3754'}]"
U,5b9ab31c8bcb60a6c1ddf380d6d1ce5a,1692793699,1693824982,1693824982,"[{'createdAt': {'$date': 1692699701000}, 'trackingCode': '4f33d8cb221b6a4e5de34d770b3e7cf2', 'status': '01', 'description': 'Objeto postado', 'trackerType': '27bb7dfdbe0de2d482d1c37c3fe5bfe3', 'from': 'f0aa1982f61314b9aab258c2f110ebab', 'to': '6adf97f83acf6453d4a6a4b1070f3754'}, {'createdAt': {'$date': 1693004704000}, 'trackingCode': '4f33d8cb221b6a4e5de34d770b3e7cf2', 'status': '16', 'description': 'Objeto recebido pelos Correios do Brasil', 'trackerType': '27bb7dfdbe0de2d482d1c37c3fe5bfe3', 'from': '44d02c36e6691bb8faacd16784348114', 'to': '6adf97f83acf6453d4a6a4b1070f3754'}, {'createdAt': {'$date': 1693221616000}, 'trackingCode': '4f33d8cb221b6a4e5de34d770b3e7cf2', 'status': '21', 'description': 'Encaminhado para fiscalização aduaneira', 'trackerType': '27bb7dfdbe0de2d482d1c37c3fe5bfe3', 'from': '44d02c36e6691bb8faacd16784348114', 'to': '6adf97f83acf6453d4a6a4b1070f3754'}, {'createdAt': {'$date': 1693359764000}, 'trackingCode': '4f33d8cb221b6a4e5de34d770b3e7cf2', 'status': '17', 'description': 'Aguardando pagamento', 'trackerType': '27bb7dfdbe0de2d482d1c37c3fe5bfe3', 'from': '44d02c36e6691bb8faacd16784348114', 'to': '6adf97f83acf6453d4a6a4b1070f3754'}, {'createdAt': {'$date': 1693458264000}, 'trackingCode': '4f33d8cb221b6a4e5de34d770b3e7cf2', 'status': '31', 'description': 'Pagamento confirmado', 'trackerType': '27bb7dfdbe0de2d482d1c37c3fe5bfe3', 'from': '44d02c36e6691bb8faacd16784348114', 'to': '6adf97f83acf6453d4a6a4b1070f3754'}]"
U,0e81e3dc133b07f16163a4dfed70feca,1692145021,1693824982,1693824982,"[{'createdAt': {'$date': 1692117764000}, 'trackingCode': '81626361ea6877e10d43fcbea1ef6038', 'status': None, 'description': 'EMISSAO', 'trackerType': '202591c2658eb8db7d1c57e1273cd270', 'from': '412fd4d5ba21e43e1567c4cbc6bd43e8', 'to': '6adf97f83acf6453d4a6a4b1070f3754'}, {'createdAt': {'$date': 1692126301000}, 'trackingCode': '81626361ea6877e10d43fcbea1ef6038', 'status': None, 'description': 'TRANSFERENCIA', 'trackerType': '202591c2658eb8db7d1c57e1273cd270', 'from': '412fd4d5ba21e43e1567c4cbc6bd43e8', 'to': '6adf97f83acf6453d4a6a4b1070f3754'}, {'createdAt': {'$date': 1692154935000}, 'trackingCode': '81626361ea6877e10d43fcbea1ef6038', 'status': None, 'description': 'ENTRADA', 'trackerType': '202591c2658eb8db7d1c57e1273cd270', 'from': 'fac929278c0e5ba967802153ba729336', 'to': '6adf97f83acf6453d4a6a4b1070f3754'}, {'createdAt': {'$date': 1692196832000}, 'trackingCode': '81626361ea6877e10d43fcbea1ef6038', 'status': None, 'description': 'TRANSFERENCIA', 'trackerType': '202591c2658eb8db7d1c57e1273cd270', 'from': 'fac929278c0e5ba967802153ba729336', 'to': '6adf97f83acf6453d4a6a4b1070f3754'}, {'createdAt': {'$date': 1692198609000}, 'trackingCode': '81626361ea6877e10d43fcbea1ef6038', 'status': None, 'description': 'TRANSFERENCIA', 'trackerType': '202591c2658eb8db7d1c57e1273cd270', 'from': '68737091b7365ce88e01def77f108310', 'to': '6adf97f83acf6453d4a6a4b1070f3754'}, {'createdAt': {'$date': 1692631119000}, 'trackingCode': '81626361ea6877e10d43fcbea1ef6038', 'status': None, 'description': 'ENTRADA', 'trackerType': '202591c2658eb8db7d1c57e1273cd270', 'from': 'bbfeb93b6dd37382c60780b2df24ae2f', 'to': '6adf97f83acf6453d4a6a4b1070f3754'}, {'createdAt': {'$date': 1692729445000}, 'trackingCode': '81626361ea6877e10d43fcbea1ef6038', 'status': None, 'description': 'TRANSFERENCIA', 'trackerType': '202591c2658eb8db7d1c57e1273cd270', 'from': 'bbfeb93b6dd37382c60780b2df24ae2f', 'to': '6adf97f83acf6453d4a6a4b1070f3754'}, {'createdAt': {'$date': 1692730421000}, 'trackingCode': '81626361ea6877e10d43fcbea1ef6038', 'status': None, 'description': 'ENTRADA', 'trackerType': '202591c2658eb8db7d1c57e1273cd270', 'from': 'bbfeb93b6dd37382c60780b2df24ae2f', 'to': '6adf97f83acf6453d4a6a4b1070f3754'}, {'createdAt': {'$date': 1692973283000}, 'trackingCode': '81626361ea6877e10d43fcbea1ef6038', 'status': None, 'description': 'EM ROTA', 'trackerType': '202591c2658eb8db7d1c57e1273cd270', 'from': 'bbfeb93b6dd37382c60780b2df24ae2f', 'to': '6adf97f83acf6453d4a6a4b1070f3754'}, {'createdAt': {'$date': 1693236646000}, 'trackingCode': '81626361ea6877e10d43fcbea1ef6038', 'status': None, 'description': 'ENTREGUE', 'trackerType': '202591c2658eb8db7d1c57e1273cd270', 'from': 'bbfeb93b6dd37382c60780b2df24ae2f', 'to': '6adf97f83acf6453d4a6a4b1070f3754'}]"
U,7e29f1cf869e91deab67cf114f73c626,1693325256,1693824982,1693824982,"[{'createdAt': {'$date': 1693272821000}, 'trackingCode': '0a576627db4eadd3317c09c2ad02c42d', 'status': '01', 'description': 'Objeto em trânsito - por favor aguarde', 'trackerType': '27bb7dfdbe0de2d482d1c37c3fe5bfe3', 'from': '44d02c36e6691bb8faacd16784348114', 'to': '1573ecd98346bbe2ca7bfccb30b80633'}, {'createdAt': {'$date': 1693272820000}, 'trackingCode': '0a576627db4eadd3317c09c2ad02c42d', 'status': '10', 'description': 'Fiscalização aduaneira finalizada', 'trackerType': '27bb7dfdbe0de2d482d1c37c3fe5bfe3', 'from': '44d02c36e6691bb8faacd16784348114', 'to': '6adf97f83acf6453d4a6a4b1070f3754'}, {'createdAt': {'$date': 1693120219000}, 'trackingCode': '0a576627db4eadd3317c09c2ad02c42d', 'status': '16', 'description': 'Objeto recebido pelos Correios do Brasil', 'trackerType': '27bb7dfdbe0de2d482d1c37c3fe5bfe3', 'from': '44d02c36e6691bb8faacd16784348114', 'to': '6adf97f83acf6453d4a6a4b1070f3754'}, {'createdAt': {'$date': 1692806432000}, 'trackingCode': '0a576627db4eadd3317c09c2ad02c42d', 'status': '01', 'description': 'Objeto postado', 'trackerType': '27bb7dfdbe0de2d482d1c37c3fe5bfe3', 'from': 'f0aa1982f61314b9aab258c2f110ebab', 'to': '6adf97f83acf6453d4a6a4b1070f3754'}, {'createdAt': {'$date': 1693578710000}, 'trackingCode': '0a576627db4eadd3317c09c2ad02c42d', 'status': '01', 'description': 'Objeto em trânsito - por favor aguarde', 'trackerType': '27bb7dfdbe0de2d482d1c37c3fe5bfe3', 'from': '1573ecd98346bbe2ca7bfccb30b80633', 'to': 'f05c8fea03cdbc85e3e89a7f6558a2e0'}]"
U,fc52bd659f7766e4097468a7a7e6ac2e,1692616126,1693824982,1693824982,"[{'createdAt': {'$date': 1691231644000}, 'trackingCode': '8ebf203393500c4faaa05cae88ed2d7e', 'status': '01', 'description': 'Objeto entregue ao destinatário', 'trackerType': '27bb7dfdbe0de2d482d1c37c3fe5bfe3', 'from': '4bd6bdf5a81d6d47fa74b8e8cef9954d', 'to': '6adf97f83acf6453d4a6a4b1070f3754'}, {'createdAt': {'$date': 1691225235000}, 'trackingCode': '8ebf203393500c4faaa05cae88ed2d7e', 'status': '01', 'description': 'Objeto saiu para entrega ao destinatário', 'trackerType': '27bb7dfdbe0de2d482d1c37c3fe5bfe3', 'from': '4bd6bdf5a81d6d47fa74b8e8cef9954d', 'to': '6adf97f83acf6453d4a6a4b1070f3754'}, {'createdAt': {'$date': 1690294564000}, 'trackingCode': '8ebf203393500c4faaa05cae88ed2d7e', 'status': '01', 'description': 'Objeto em trânsito - por favor aguarde', 'trackerType': '27bb7dfdbe0de2d482d1c37c3fe5bfe3', 'from': '2f03431ee62c1882efb9edf0d8020626', 'to': '4bd6bdf5a81d6d47fa74b8e8cef9954d'}, {'createdAt': {'$date': 1690139136000}, 'trackingCode': '8ebf203393500c4faaa05cae88ed2d7e', 'status': '01', 'description': 'Objeto em trânsito - por favor aguarde', 'trackerType': '27bb7dfdbe0de2d482d1c37c3fe5bfe3', 'from': 'd29b01170389a24f6563d4157d8a11ba', 'to': '2f03431ee62c1882efb9edf0d8020626'}, {'createdAt': {'$date': 1689898347000}, 'trackingCode': '8ebf203393500c4faaa05cae88ed2d7e', 'status': '01', 'description': 'Objeto em trânsito - por favor aguarde', 'trackerType': '27bb7dfdbe0de2d482d1c37c3fe5bfe3', 'from': '44d02c36e6691bb8faacd16784348114', 'to': 'd29b01170389a24f6563d4157d8a11ba'}, {'createdAt': {'$date': 1689898346000}, 'trackingCode': '8ebf203393500c4faaa05cae88ed2d7e', 'status': '10', 'description': 'Fiscalização aduaneira finalizada', 'trackerType': '27bb7dfdbe0de2d482d1c37c3fe5bfe3', 'from': '44d02c36e6691bb8faacd16784348114', 'to': '6adf97f83acf6453d4a6a4b1070f3754'}, {'createdAt': {'$date': 1689631420000}, 'trackingCode': '8ebf203393500c4faaa05cae88ed2d7e', 'status': '16', 'description': 'Objeto recebido pelos Correios do Brasil', 'trackerType': '27bb7dfdbe0de2d482d1c37c3fe5bfe3', 'from': '44d02c36e6691bb8faacd16784348114', 'to': '6adf97f83acf6453d4a6a4b1070f3754'}, {'createdAt': {'$date': 1689361226000}, 'trackingCode': '8ebf203393500c4faaa05cae88ed2d7e', 'status': '01', 'description': 'Objeto postado', 'trackerType': '27bb7dfdbe0de2d482d1c37c3fe5bfe3', 'from': 'f0aa1982f61314b9aab258c2f110ebab', 'to': '6adf97f83acf6453d4a6a4b1070f3754'}]"
U,931a3184bed83b398ed9971743900169,1692986753,1693824982,1693824982,"[{'createdAt': {'$date': 1692976723000}, 'trackingCode': 'e48884a73401a6233cf27891953ba140', 'status': None, 'description': 'EMISSAO', 'trackerType': '202591c2658eb8db7d1c57e1273cd270', 'from': '975cebef70cfe735e8ba4cba9b147f17', 'to': '6adf97f83acf6453d4a6a4b1070f3754'}, {'createdAt': {'$date': 1692986128000}, 'trackingCode': 'e48884a73401a6233cf27891953ba140', 'status': None, 'description': 'TRANSFERENCIA', 'trackerType': '202591c2658eb8db7d1c57e1273cd270', 'from': '975cebef70cfe735e8ba4cba9b147f17', 'to': '6adf97f83acf6453d4a6a4b1070f3754'}, {'createdAt': {'$date': 1693004840000}, 'trackingCode': 'e48884a73401a6233cf27891953ba140', 'status': None, 'description': 'ENTRADA', 'trackerType': '202591c2658eb8db7d1c57e1273cd270', 'from': '971e249ca4af90aa0b044735d8fdd59e', 'to': '6adf97f83acf6453d4a6a4b1070f3754'}, {'createdAt': {'$date': 1693005242000}, 'trackingCode': 'e48884a73401a6233cf27891953ba140', 'status': None, 'description': 'TRANSFERENCIA', 'trackerType': '202591c2658eb8db7d1c57e1273cd270', 'from': '971e249ca4af90aa0b044735d8fdd59e', 'to': '6adf97f83acf6453d4a6a4b1070f3754'}, {'createdAt': {'$date': 1693010481000}, 'trackingCode': 'e48884a73401a6233cf27891953ba140', 'status': None, 'description': 'TRANSFERENCIA', 'trackerType': '202591c2658eb8db7d1c57e1273cd270', 'from': '971e249ca4af90aa0b044735d8fdd59e', 'to': '6adf97f83acf6453d4a6a4b1070f3754'}, {'createdAt': {'$date': 1693063172000}, 'trackingCode': 'e48884a73401a6233cf27891953ba140', 'status': None, 'description': 'ENTRADA', 'trackerType': '202591c2658eb8db7d1c57e1273cd270', 'from': '34f931fa2322e20b707ac3d597a33aee', 'to': '6adf97f83acf6453d4a6a4b1070f3754'}, {'createdAt': {'$date': 1693063195000}, 'trackingCode': 'e48884a73401a6233cf27891953ba140', 'status': None, 'description': 'TRANSFERENCIA', 'trackerType': '202591c2658eb8db7d1c57e1273cd270', 'from': '34f931fa2322e20b707ac3d597a33aee', 'to': '6adf97f83acf6453d4a6a4b1070f3754'}, {'createdAt': {'$date': 1693184491000}, 'trackingCode': 'e48884a73401a6233cf27891953ba140', 'status': None, 'description': 'TRANSFERENCIA', 'trackerType': '202591c2658eb8db7d1c57e1273cd270', 'from': '34f931fa2322e20b707ac3d597a33aee', 'to': '6adf97f83acf6453d4a6a4b1070f3754'}, {'createdAt': {'$date': 1693220770000}, 'trackingCode': 'e48884a73401a6233cf27891953ba140', 'status': None, 'description': 'ENTRADA', 'trackerType': '202591c2658eb8db7d1c57e1273cd270', 'from': 'c72c5f2c82c906d94cff53879ed7da03', 'to': '6adf97f83acf6453d4a6a4b1070f3754'}, {'createdAt': {'$date': 1693220787000}, 'trackingCode': 'e48884a73401a6233cf27891953ba140', 'status': None, 'description': 'TRANSFERENCIA', 'trackerType': '202591c2658eb8db7d1c57e1273cd270', 'from': 'c72c5f2c82c906d94cff53879ed7da03', 'to': '6adf97f83acf6453d4a6a4b1070f3754'}, {'createdAt': {'$date': 1693220802000}, 'trackingCode': 'e48884a73401a6233cf27891953ba140', 'status': None, 'description': 'TRANSFERENCIA', 'trackerType': '202591c2658eb8db7d1c57e1273cd270', 'from': 'c72c5f2c82c906d94cff53879ed7da03', 'to': '6adf97f83acf6453d4a6a4b1070f3754'}, {'createdAt': {'$date': 1693301649000}, 'trackingCode': 'e48884a73401a6233cf27891953ba140', 'status': None, 'description': 'ENTRADA', 'trackerType': '202591c2658eb8db7d1c57e1273cd270', 'from': 'ea9264a31a0d2bed4cccb10aeb34f060', 'to': '6adf97f83acf6453d4a6a4b1070f3754'}, {'createdAt': {'$date': 1693317303000}, 'trackingCode': 'e48884a73401a6233cf27891953ba140', 'status': None, 'description': 'EM ROTA', 'trackerType': '202591c2658eb8db7d1c57e1273cd270', 'from': 'ea9264a31a0d2bed4cccb10aeb34f060', 'to': '6adf97f83acf6453d4a6a4b1070f3754'}, {'createdAt': {'$date': 1693324205000}, 'trackingCode': 'e48884a73401a6233cf27891953ba140', 'status': None, 'description': 'ENTREGUE', 'trackerType': '202591c2658eb8db7d1c57e1273cd270', 'from': 'ea9264a31a0d2bed4cccb10aeb34f060', 'to': '6adf97f83acf6453d4a6a4b1070f3754'}]"
U,636ee79835e9c6c61ccdbdfe76d838ef,1689854573,1693824983,1693824983,"[{'createdAt': {'$date': 1689849854000}, 'trackingCode': 'a78d53b73807eb9d8e9f1d226f02f9dc', 'status': None, 'description': 'EMISSAO', 'trackerType': '202591c2658eb8db7d1c57e1273cd270', 'from': 'e425b8b0a9fa7b1a9c3015251d4dd398', 'to': '6adf97f83acf6453d4a6a4b1070f3754'}, {'createdAt': {'$date': 1689853075000}, 'trackingCode': 'a78d53b73807eb9d8e9f1d226f02f9dc', 'status': None, 'description': 'TRANSFERENCIA', 'trackerType': '202591c2658eb8db7d1c57e1273cd270', 'from': 'e425b8b0a9fa7b1a9c3015251d4dd398', 'to': '6adf97f83acf6453d4a6a4b1070f3754'}, {'createdAt': {'$date': 1689853158000}, 'trackingCode': 'a78d53b73807eb9d8e9f1d226f02f9dc', 'status': None, 'description': 'TRANSFERENCIA', 'trackerType': '202591c2658eb8db7d1c57e1273cd270', 'from': 'e425b8b0a9fa7b1a9c3015251d4dd398', 'to': '6adf97f83acf6453d4a6a4b1070f3754'}, {'createdAt': {'$date': 1689892163000}, 'trackingCode': 'a78d53b73807eb9d8e9f1d226f02f9dc', 'status': None, 'description': 'ENTRADA', 'trackerType': '202591c2658eb8db7d1c57e1273cd270', 'from': '971e249ca4af90aa0b044735d8fdd59e', 'to': '6adf97f83acf6453d4a6a4b1070f3754'}, {'createdAt': {'$date': 1689898275000}, 'trackingCode': 'a78d53b73807eb9d8e9f1d226f02f9dc', 'status': None, 'description': 'TRANSFERENCIA', 'trackerType': '202591c2658eb8db7d1c57e1273cd270', 'from': '971e249ca4af90aa0b044735d8fdd59e', 'to': '6adf97f83acf6453d4a6a4b1070f3754'}, {'createdAt': {'$date': 1689899805000}, 'trackingCode': 'a78d53b73807eb9d8e9f1d226f02f9dc', 'status': None, 'description': 'TRANSFERENCIA', 'trackerType': '202591c2658eb8db7d1c57e1273cd270', 'from': '971e249ca4af90aa0b044735d8fdd59e', 'to': '6adf97f83acf6453d4a6a4b1070f3754'}, {'createdAt': {'$date': 1689978741000}, 'trackingCode': 'a78d53b73807eb9d8e9f1d226f02f9dc', 'status': None, 'description': 'TRANSFERIDO PARA UNIDADE', 'trackerType': '202591c2658eb8db7d1c57e1273cd270', 'from': '971e249ca4af90aa0b044735d8fdd59e', 'to': '6adf97f83acf6453d4a6a4b1070f3754'}, {'createdAt': {'$date': 1690234122000}, 'trackingCode': 'a78d53b73807eb9d8e9f1d226f02f9dc', 'status': None, 'description': 'TRANSFERENCIA', 'trackerType': '202591c2658eb8db7d1c57e1273cd270', 'from': 'e81f9b321e898f638477f1f13bf81c38', 'to': '6adf97f83acf6453d4a6a4b1070f3754'}, {'createdAt': {'$date': 1690263879000}, 'trackingCode': 'a78d53b73807eb9d8e9f1d226f02f9dc', 'status': None, 'description': 'TRANSFERENCIA', 'trackerType': '202591c2658eb8db7d1c57e1273cd270', 'from': 'fac929278c0e5ba967802153ba729336', 'to': '6adf97f83acf6453d4a6a4b1070f3754'}, {'createdAt': {'$date': 1690270881000}, 'trackingCode': 'a78d53b73807eb9d8e9f1d226f02f9dc', 'status': None, 'description': 'TRANSFERIDO PARA UNIDADE', 'trackerType': '202591c2658eb8db7d1c57e1273cd270', 'from': 'bb06c77b0bda796758fb2d30ec897c06', 'to': '6adf97f83acf6453d4a6a4b1070f3754'}, {'createdAt': {'$date': 1690273309000}, 'trackingCode': 'a78d53b73807eb9d8e9f1d226f02f9dc', 'status': None, 'description': 'ENTRADA', 'trackerType': '202591c2658eb8db7d1c57e1273cd270', 'from': '13fb1862e4295782ee22522f9456106b', 'to': '6adf97f83acf6453d4a6a4b1070f3754'}, {'createdAt': {'$date': 1690276021000}, 'trackingCode': 'a78d53b73807eb9d8e9f1d226f02f9dc', 'status': None, 'description': 'EM ROTA', 'trackerType': '202591c2658eb8db7d1c57e1273cd270', 'from': '13fb1862e4295782ee22522f9456106b', 'to': '6adf97f83acf6453d4a6a4b1070f3754'}, {'createdAt': {'$date': 1690300627000}, 'trackingCode': 'a78d53b73807eb9d8e9f1d226f02f9dc', 'status': None, 'description': 'ENTREGUE', 'trackerType': '202591c2658eb8db7d1c57e1273cd270', 'from': '13fb1862e4295782ee22522f9456106b', 'to': '6adf97f83acf6453d4a6a4b1070f3754'}]"
U,f7d41bc08525bbaa15747c332bd035a9,1691597310,1693824983,1693824983,"[{'createdAt': {'$date': 1691589512000}, 'trackingCode': '0db6171245a9de0b6ccfe76d13df40df', 'status': None, 'description': 'EMISSAO', 'trackerType': '202591c2658eb8db7d1c57e1273cd270', 'from': '5fba7611f06004eb5cf9c14794bdfda8', 'to': '6adf97f83acf6453d4a6a4b1070f3754'}, {'createdAt': {'$date': 1691594911000}, 'trackingCode': '0db6171245a9de0b6ccfe76d13df40df', 'status': None, 'description': 'TRANSFERENCIA', 'trackerType': '202591c2658eb8db7d1c57e1273cd270', 'from': '5fba7611f06004eb5cf9c14794bdfda8', 'to': '6adf97f83acf6453d4a6a4b1070f3754'}, {'createdAt': {'$date': 1691622891000}, 'trackingCode': '0db6171245a9de0b6ccfe76d13df40df', 'status': None, 'description': 'ENTRADA', 'trackerType': '202591c2658eb8db7d1c57e1273cd270', 'from': 'fac929278c0e5ba967802153ba729336', 'to': '6adf97f83acf6453d4a6a4b1070f3754'}, {'createdAt': {'$date': 1691635404000}, 'trackingCode': '0db6171245a9de0b6ccfe76d13df40df', 'status': None, 'description': 'TRANSFERENCIA', 'trackerType': '202591c2658eb8db7d1c57e1273cd270', 'from': '898e12ca9ad5c99d74600b297158c9a9', 'to': '6adf97f83acf6453d4a6a4b1070f3754'}, {'createdAt': {'$date': 1691703595000}, 'trackingCode': '0db6171245a9de0b6ccfe76d13df40df', 'status': None, 'description': 'TRANSFERENCIA', 'trackerType': '202591c2658eb8db7d1c57e1273cd270', 'from': 'fac929278c0e5ba967802153ba729336', 'to': '6adf97f83acf6453d4a6a4b1070f3754'}, {'createdAt': {'$date': 1691731703000}, 'trackingCode': '0db6171245a9de0b6ccfe76d13df40df', 'status': None, 'description': 'TRANSFERIDO PARA UNIDADE', 'trackerType': '202591c2658eb8db7d1c57e1273cd270', 'from': 'bb06c77b0bda796758fb2d30ec897c06', 'to': '6adf97f83acf6453d4a6a4b1070f3754'}, {'createdAt': {'$date': 1691738746000}, 'trackingCode': '0db6171245a9de0b6ccfe76d13df40df', 'status': None, 'description': 'ENTRADA', 'trackerType': '202591c2658eb8db7d1c57e1273cd270', 'from': '6e2b256ef416d3810b7d61a4786e6484', 'to': '6adf97f83acf6453d4a6a4b1070f3754'}, {'createdAt': {'$date': 1691759507000}, 'trackingCode': '0db6171245a9de0b6ccfe76d13df40df', 'status': None, 'description': 'EM ROTA', 'trackerType': '202591c2658eb8db7d1c57e1273cd270', 'from': '6e2b256ef416d3810b7d61a4786e6484', 'to': '6adf97f83acf6453d4a6a4b1070f3754'}, {'createdAt': {'$date': 1691767909000}, 'trackingCode': '0db6171245a9de0b6ccfe76d13df40df', 'status': None, 'description': 'ENTREGUE', 'trackerType': '202591c2658eb8db7d1c57e1273cd270', 'from': '6e2b256ef416d3810b7d61a4786e6484', 'to': '6adf97f83acf6453d4a6a4b1070f3754'}]"
U,a9fc2a09cf407a47f1ea8599d7b444b7,1691597314,1693824983,1693824983,"[{'createdAt': {'$date': 1691594623000}, 'trackingCode': '697b9a4f58a0eb3f986e4135815df682', 'status': None, 'description': 'EMISSAO', 'trackerType': '202591c2658eb8db7d1c57e1273cd270', 'from': '2f4bb3c66c1192616bb1e578b0117c13', 'to': '6adf97f83acf6453d4a6a4b1070f3754'}, {'createdAt': {'$date': 1691596602000}, 'trackingCode': '697b9a4f58a0eb3f986e4135815df682', 'status': None, 'description': 'TRANSFERENCIA', 'trackerType': '202591c2658eb8db7d1c57e1273cd270', 'from': '2f4bb3c66c1192616bb1e578b0117c13', 'to': '6adf97f83acf6453d4a6a4b1070f3754'}, {'createdAt': {'$date': 1691596633000}, 'trackingCode': '697b9a4f58a0eb3f986e4135815df682', 'status': None, 'description': 'TRANSFERENCIA', 'trackerType': '202591c2658eb8db7d1c57e1273cd270', 'from': '2f4bb3c66c1192616bb1e578b0117c13', 'to': '6adf97f83acf6453d4a6a4b1070f3754'}, {'createdAt': {'$date': 1691654194000}, 'trackingCode': '697b9a4f58a0eb3f986e4135815df682', 'status': None, 'description': 'ENTRADA', 'trackerType': '202591c2658eb8db7d1c57e1273cd270', 'from': '089607e1466a53ee58164c9974d00976', 'to': '6adf97f83acf6453d4a6a4b1070f3754'}, {'createdAt': {'$date': 1691709665000}, 'trackingCode': '697b9a4f58a0eb3f986e4135815df682', 'status': None, 'description': 'TRANSFERENCIA', 'trackerType': '202591c2658eb8db7d1c57e1273cd270', 'from': 'e81f9b321e898f638477f1f13bf81c38', 'to': '6adf97f83acf6453d4a6a4b1070f3754'}, {'createdAt': {'$date': 1691718431000}, 'trackingCode': '697b9a4f58a0eb3f986e4135815df682', 'status': None, 'description': 'TRANSFERENCIA', 'trackerType': '202591c2658eb8db7d1c57e1273cd270', 'from': 'fac929278c0e5ba967802153ba729336', 'to': '6adf97f83acf6453d4a6a4b1070f3754'}, {'createdAt': {'$date': 1691759406000}, 'trackingCode': '697b9a4f58a0eb3f986e4135815df682', 'status': None, 'description': 'TRANSFERIDO PARA UNIDADE', 'trackerType': '202591c2658eb8db7d1c57e1273cd270', 'from': 'bb06c77b0bda796758fb2d30ec897c06', 'to': '6adf97f83acf6453d4a6a4b1070f3754'}, {'createdAt': {'$date': 1691759714000}, 'trackingCode': '697b9a4f58a0eb3f986e4135815df682', 'status': None, 'description': 'ENTRADA', 'trackerType': '202591c2658eb8db7d1c57e1273cd270', 'from': '889a5f0ab29f1483af54e2528caf047e', 'to': '6adf97f83acf6453d4a6a4b1070f3754'}, {'createdAt': {'$date': 1691997999000}, 'trackingCode': '697b9a4f58a0eb3f986e4135815df682', 'status': None, 'description': 'EM ROTA', 'trackerType': '202591c2658eb8db7d1c57e1273cd270', 'from': '889a5f0ab29f1483af54e2528caf047e', 'to': '6adf97f83acf6453d4a6a4b1070f3754'}, {'createdAt': {'$date': 1692005878000}, 'trackingCode': '697b9a4f58a0eb3f986e4135815df682', 'status': None, 'description': 'ENTREGUE', 'trackerType': '202591c2658eb8db7d1c57e1273cd270', 'from': '889a5f0ab29f1483af54e2528caf047e', 'to': '6adf97f83acf6453d4a6a4b1070f3754'}]"
U,1ec93a5019a847df872e79dbe3f93127,1692837387,1693824983,1693824983,"[{'createdAt': {'$date': 1692841543000}, 'trackingCode': 'eb3f96a39ffea927d0cecedb5829f3a0', 'status': '14', 'description': 'A coleta do pacote foi feita e o processo de envio vai ser iniciado.', 'trackerType': 'a302942c7f755f858bd9a6c0c6be98fb', 'from': '3d176e3700b055e947033711908044fb', 'to': '6adf97f83acf6453d4a6a4b1070f3754'}, {'createdAt': {'$date': 1692815482000}, 'trackingCode': 'eb3f96a39ffea927d0cecedb5829f3a0', 'status': '1', 'description': 'A etiqueta de envio já foi criada e o pacote está pronto para a coleta.', 'trackerType': 'a302942c7f755f858bd9a6c0c6be98fb', 'from': '3d176e3700b055e947033711908044fb', 'to': '6adf97f83acf6453d4a6a4b1070f3754'}, {'createdAt': {'$date': 1692902687000}, 'trackingCode': 'eb3f96a39ffea927d0cecedb5829f3a0', 'status': '15', 'description': 'O pacote já teve suas dimensões conferidas.', 'trackerType': 'a302942c7f755f858bd9a6c0c6be98fb', 'from': '78a32fcc48731cfdbb11966d312f5f4f', 'to': '6adf97f83acf6453d4a6a4b1070f3754'}, {'createdAt': {'$date': 1692902687000}, 'trackingCode': 'eb3f96a39ffea927d0cecedb5829f3a0', 'status': '13', 'description': 'O pacote foi confirmado em uma base da Loggi e vai ser preparado para transferência.', 'trackerType': 'a302942c7f755f858bd9a6c0c6be98fb', 'from': '6adf97f83acf6453d4a6a4b1070f3754', 'to': '6adf97f83acf6453d4a6a4b1070f3754'}, {'createdAt': {'$date': 1692960491000}, 'trackingCode': 'eb3f96a39ffea927d0cecedb5829f3a0', 'status': '16', 'description': 'O pacote está em transferência de uma base para outra.', 'trackerType': 'a302942c7f755f858bd9a6c0c6be98fb', 'from': '6adf97f83acf6453d4a6a4b1070f3754', 'to': '6adf97f83acf6453d4a6a4b1070f3754'}, {'createdAt': {'$date': 1692953924000}, 'trackingCode': 'eb3f96a39ffea927d0cecedb5829f3a0', 'status': '3', 'description': 'O pacote está em uma base e, em breve, vai estar em transferência.', 'trackerType': 'a302942c7f755f858bd9a6c0c6be98fb', 'from': '6adf97f83acf6453d4a6a4b1070f3754', 'to': '6adf97f83acf6453d4a6a4b1070f3754'}, {'createdAt': {'$date': 1692981552000}, 'trackingCode': 'eb3f96a39ffea927d0cecedb5829f3a0', 'status': '17', 'description': 'Tudo certo, o pacote está em uma base da Loggi.', 'trackerType': 'a302942c7f755f858bd9a6c0c6be98fb', 'from': '6adf97f83acf6453d4a6a4b1070f3754', 'to': '6adf97f83acf6453d4a6a4b1070f3754'}, {'createdAt': {'$date': 1692995175000}, 'trackingCode': 'eb3f96a39ffea927d0cecedb5829f3a0', 'status': '11', 'description': 'O pacote está a caminho.', 'trackerType': 'a302942c7f755f858bd9a6c0c6be98fb', 'from': '6adf97f83acf6453d4a6a4b1070f3754', 'to': '6adf97f83acf6453d4a6a4b1070f3754'}, {'createdAt': {'$date': 1693356027000}, 'trackingCode': 'eb3f96a39ffea927d0cecedb5829f3a0', 'status': '5', 'description': 'O pacote chegou ao destino final.', 'trackerType': 'a302942c7f755f858bd9a6c0c6be98fb', 'from': '61a21c45560531c4a23b00b1d1fdb6a3', 'to': '6adf97f83acf6453d4a6a4b1070f3754'}, {'createdAt': {'$date': 1692995174000}, 'trackingCode': 'eb3f96a39ffea927d0cecedb5829f3a0', 'status': '11', 'description': 'O pacote está a caminho.', 'trackerType': 'a302942c7f755f858bd9a6c0c6be98fb', 'from': '6adf97f83acf6453d4a6a4b1070f3754', 'to': '6adf97f83acf6453d4a6a4b1070f3754'}]"
U,abe75ec7a19765e533b57939ca00d801,1690928234,1693824983,1693824983,"[{'createdAt': {'$date': 1690908405000}, 'trackingCode': 'ef8ee7ad6bde4b2cdfdf18159825368a', 'status': None, 'description': 'EMISSAO', 'trackerType': '202591c2658eb8db7d1c57e1273cd270', 'from': 'c7fe8fc261c4ea74461e4114557d48b7', 'to': '6adf97f83acf6453d4a6a4b1070f3754'}, {'createdAt': {'$date': 1690910380000}, 'trackingCode': 'ef8ee7ad6bde4b2cdfdf18159825368a', 'status': None, 'description': 'TRANSFERENCIA', 'trackerType': '202591c2658eb8db7d1c57e1273cd270', 'from': 'c7fe8fc261c4ea74461e4114557d48b7', 'to': '6adf97f83acf6453d4a6a4b1070f3754'}, {'createdAt': {'$date': 1690938234000}, 'trackingCode': 'ef8ee7ad6bde4b2cdfdf18159825368a', 'status': None, 'description': 'ENTRADA', 'trackerType': '202591c2658eb8db7d1c57e1273cd270', 'from': 'fac929278c0e5ba967802153ba729336', 'to': '6adf97f83acf6453d4a6a4b1070f3754'}, {'createdAt': {'$date': 1690939628000}, 'trackingCode': 'ef8ee7ad6bde4b2cdfdf18159825368a', 'status': None, 'description': 'TRANSFERENCIA', 'trackerType': '202591c2658eb8db7d1c57e1273cd270', 'from': 'daa9dcb5feb8f8cb8a0504889945846b', 'to': '6adf97f83acf6453d4a6a4b1070f3754'}, {'createdAt': {'$date': 1690942826000}, 'trackingCode': 'ef8ee7ad6bde4b2cdfdf18159825368a', 'status': None, 'description': 'TRANSFERENCIA', 'trackerType': '202591c2658eb8db7d1c57e1273cd270', 'from': 'fac929278c0e5ba967802153ba729336', 'to': '6adf97f83acf6453d4a6a4b1070f3754'}, {'createdAt': {'$date': 1690975092000}, 'trackingCode': 'ef8ee7ad6bde4b2cdfdf18159825368a', 'status': None, 'description': 'ENTRADA', 'trackerType': '202591c2658eb8db7d1c57e1273cd270', 'from': 'a5d2708c8adb5a72670acce966ddff78', 'to': '6adf97f83acf6453d4a6a4b1070f3754'}, {'createdAt': {'$date': 1690980091000}, 'trackingCode': 'ef8ee7ad6bde4b2cdfdf18159825368a', 'status': None, 'description': 'EM ROTA', 'trackerType': '202591c2658eb8db7d1c57e1273cd270', 'from': 'a5d2708c8adb5a72670acce966ddff78', 'to': '6adf97f83acf6453d4a6a4b1070f3754'}, {'createdAt': {'$date': 1690983743000}, 'trackingCode': 'ef8ee7ad6bde4b2cdfdf18159825368a', 'status': None, 'description': 'ENTREGUE', 'trackerType': '202591c2658eb8db7d1c57e1273cd270', 'from': 'a5d2708c8adb5a72670acce966ddff78', 'to': '6adf97f83acf6453d4a6a4b1070f3754'}]"
U,98d7c8af8580be4905443a40558ae0f5,1692379775,1693824983,1693824983,"[{'createdAt': {'$date': 1692393294000}, 'trackingCode': '366b71e7768665855a0e6b89e41a61de', 'status': '16', 'description': 'O pacote está em transferência de uma base para outra.', 'trackerType': 'a302942c7f755f858bd9a6c0c6be98fb', 'from': '6adf97f83acf6453d4a6a4b1070f3754', 'to': '6adf97f83acf6453d4a6a4b1070f3754'}, {'createdAt': {'$date': 1692393082000}, 'trackingCode': '366b71e7768665855a0e6b89e41a61de', 'status': '3', 'description': 'O pacote está em uma base e, em breve, vai estar em transferência.', 'trackerType': 'a302942c7f755f858bd9a6c0c6be98fb', 'from': '6adf97f83acf6453d4a6a4b1070f3754', 'to': '6adf97f83acf6453d4a6a4b1070f3754'}, {'createdAt': {'$date': 1692386507000}, 'trackingCode': '366b71e7768665855a0e6b89e41a61de', 'status': '13', 'description': 'O pacote foi confirmado em uma base da Loggi e vai ser preparado para transferência.', 'trackerType': 'a302942c7f755f858bd9a6c0c6be98fb', 'from': 'ddf5283d5b3b6a5422045fc43e1209ac', 'to': '6adf97f83acf6453d4a6a4b1070f3754'}, {'createdAt': {'$date': 1692380667000}, 'trackingCode': '366b71e7768665855a0e6b89e41a61de', 'status': '1', 'description': 'A etiqueta de envio já foi criada e o pacote está pronto para a coleta.', 'trackerType': 'a302942c7f755f858bd9a6c0c6be98fb', 'from': 'ddf5283d5b3b6a5422045fc43e1209ac', 'to': '6adf97f83acf6453d4a6a4b1070f3754'}, {'createdAt': {'$date': 1692434365000}, 'trackingCode': '366b71e7768665855a0e6b89e41a61de', 'status': '3', 'description': 'O pacote está em uma base e, em breve, vai estar em transferência.', 'trackerType': 'a302942c7f755f858bd9a6c0c6be98fb', 'from': '6adf97f83acf6453d4a6a4b1070f3754', 'to': '6adf97f83acf6453d4a6a4b1070f3754'}, {'createdAt': {'$date': 1692430060000}, 'trackingCode': '366b71e7768665855a0e6b89e41a61de', 'status': '15', 'description': 'O pacote já teve suas dimensões conferidas.', 'trackerType': 'a302942c7f755f858bd9a6c0c6be98fb', 'from': '78a32fcc48731cfdbb11966d312f5f4f', 'to': '6adf97f83acf6453d4a6a4b1070f3754'}, {'createdAt': {'$date': 1692393081000}, 'trackingCode': '366b71e7768665855a0e6b89e41a61de', 'status': '3', 'description': 'O pacote está em uma base e, em breve, vai estar em transferência.', 'trackerType': 'a302942c7f755f858bd9a6c0c6be98fb', 'from': '78a32fcc48731cfdbb11966d312f5f4f', 'to': '6adf97f83acf6453d4a6a4b1070f3754'}, {'createdAt': {'$date': 1692436368000}, 'trackingCode': '366b71e7768665855a0e6b89e41a61de', 'status': '16', 'description': 'O pacote está em transferência de uma base para outra.', 'trackerType': 'a302942c7f755f858bd9a6c0c6be98fb', 'from': '6adf97f83acf6453d4a6a4b1070f3754', 'to': '6adf97f83acf6453d4a6a4b1070f3754'}, {'createdAt': {'$date': 1692475915000}, 'trackingCode': '366b71e7768665855a0e6b89e41a61de', 'status': '17', 'description': 'Tudo certo, o pacote está em uma base da Loggi.', 'trackerType': 'a302942c7f755f858bd9a6c0c6be98fb', 'from': '6adf97f83acf6453d4a6a4b1070f3754', 'to': '6adf97f83acf6453d4a6a4b1070f3754'}, {'createdAt': {'$date': 1692599801000}, 'trackingCode': '366b71e7768665855a0e6b89e41a61de', 'status': '16', 'description': 'O pacote está em transferência de uma base para outra.', 'trackerType': 'a302942c7f755f858bd9a6c0c6be98fb', 'from': '6adf97f83acf6453d4a6a4b1070f3754', 'to': '6adf97f83acf6453d4a6a4b1070f3754'}, {'createdAt': {'$date': 1692598330000}, 'trackingCode': '366b71e7768665855a0e6b89e41a61de', 'status': '3', 'description': 'O pacote está em uma base e, em breve, vai estar em transferência.', 'trackerType': 'a302942c7f755f858bd9a6c0c6be98fb', 'from': '6adf97f83acf6453d4a6a4b1070f3754', 'to': '6adf97f83acf6453d4a6a4b1070f3754'}, {'createdAt': {'$date': 1692612581000}, 'trackingCode': '366b71e7768665855a0e6b89e41a61de', 'status': '11', 'description': 'O pacote está a caminho.', 'trackerType': 'a302942c7f755f858bd9a6c0c6be98fb', 'from': '6adf97f83acf6453d4a6a4b1070f3754', 'to': '6adf97f83acf6453d4a6a4b1070f3754'}, {'createdAt': {'$date': 1692606989000}, 'trackingCode': '366b71e7768665855a0e6b89e41a61de', 'status': '17', 'description': 'Tudo certo, o pacote está em uma base da Loggi.', 'trackerType': 'a302942c7f755f858bd9a6c0c6be98fb', 'from': 'f3ac4e3c8e4c17d79ba65c8b5511e024', 'to': '6adf97f83acf6453d4a6a4b1070f3754'}, {'createdAt': {'$date': 1692659518000}, 'trackingCode': '366b71e7768665855a0e6b89e41a61de', 'status': '5', 'description': 'O pacote chegou ao destino final.', 'trackerType': 'a302942c7f755f858bd9a6c0c6be98fb', 'from': '6adf97f83acf6453d4a6a4b1070f3754', 'to': '6adf97f83acf6453d4a6a4b1070f3754'}]"
U,69969b880a1fdfc9d867127ff89d23ac,1693510377,1693824983,1693794344,"[{'createdAt': {'$date': 1693501636000}, 'trackingCode': '9e78e1e56721cedb9a6e0578d5bf246a', 'status': None, 'description': 'EMISSAO', 'trackerType': '202591c2658eb8db7d1c57e1273cd270', 'from': 'c72c5f2c82c906d94cff53879ed7da03', 'to': '6adf97f83acf6453d4a6a4b1070f3754'}, {'createdAt': {'$date': 1693591505000}, 'trackingCode': '9e78e1e56721cedb9a6e0578d5bf246a', 'status': None, 'description': 'ENTRADA', 'trackerType': '202591c2658eb8db7d1c57e1273cd270', 'from': 'c72c5f2c82c906d94cff53879ed7da03', 'to': '6adf97f83acf6453d4a6a4b1070f3754'}, {'createdAt': {'$date': 1693591858000}, 'trackingCode': '9e78e1e56721cedb9a6e0578d5bf246a', 'status': None, 'description': 'TRANSFERENCIA', 'trackerType': '202591c2658eb8db7d1c57e1273cd270', 'from': 'c72c5f2c82c906d94cff53879ed7da03', 'to': '6adf97f83acf6453d4a6a4b1070f3754'}, {'createdAt': {'$date': 1693591874000}, 'trackingCode': '9e78e1e56721cedb9a6e0578d5bf246a', 'status': None, 'description': 'TRANSFERENCIA', 'trackerType': '202591c2658eb8db7d1c57e1273cd270', 'from': 'c72c5f2c82c906d94cff53879ed7da03', 'to': '6adf97f83acf6453d4a6a4b1070f3754'}, {'createdAt': {'$date': 1693645322000}, 'trackingCode': '9e78e1e56721cedb9a6e0578d5bf246a', 'status': None, 'description': 'ENTRADA', 'trackerType': '202591c2658eb8db7d1c57e1273cd270', 'from': 'fac929278c0e5ba967802153ba729336', 'to': '6adf97f83acf6453d4a6a4b1070f3754'}, {'createdAt': {'$date': 1693659928000}, 'trackingCode': '9e78e1e56721cedb9a6e0578d5bf246a', 'status': None, 'description': 'TRANSFERENCIA', 'trackerType': '202591c2658eb8db7d1c57e1273cd270', 'from': 'daa9dcb5feb8f8cb8a0504889945846b', 'to': '6adf97f83acf6453d4a6a4b1070f3754'}, {'createdAt': {'$date': 1693792251000}, 'trackingCode': '9e78e1e56721cedb9a6e0578d5bf246a', 'status': None, 'description': 'TRANSFERENCIA', 'trackerType': '202591c2658eb8db7d1c57e1273cd270', 'from': 'fac929278c0e5ba967802153ba729336', 'to': '6adf97f83acf6453d4a6a4b1070f3754'}, {'createdAt': {'$date': 1693810804000}, 'trackingCode': '9e78e1e56721cedb9a6e0578d5bf246a', 'status': None, 'description': 'ENTRADA', 'trackerType': '202591c2658eb8db7d1c57e1273cd270', 'from': 'dca8238dcf8788f456c26fd1e4a9a20d', 'to': '6adf97f83acf6453d4a6a4b1070f3754'}, {'createdAt': {'$date': 1693810808000}, 'trackingCode': '9e78e1e56721cedb9a6e0578d5bf246a', 'status': None, 'description': 'TRANSFERENCIA', 'trackerType': '202591c2658eb8db7d1c57e1273cd270', 'from': 'dca8238dcf8788f456c26fd1e4a9a20d', 'to': '6adf97f83acf6453d4a6a4b1070f3754'}, {'createdAt': {'$date': 1693818365000}, 'trackingCode': '9e78e1e56721cedb9a6e0578d5bf246a', 'status': None, 'description': 'ENTRADA', 'trackerType': '202591c2658eb8db7d1c57e1273cd270', 'from': '6a1c0f8c7c922bd07784dbc422ecc321', 'to': '6adf97f83acf6453d4a6a4b1070f3754'}]"
U,ca17f428b84aa6dc74654551a8849318,1693510377,1693824983,1693794344,"[{'createdAt': {'$date': 1693503252000}, 'trackingCode': 'c94f9144d0569e3a94a56778e2863e17', 'status': None, 'description': 'EMISSAO', 'trackerType': '202591c2658eb8db7d1c57e1273cd270', 'from': '169b66a010f4fab01bdea42568947f34', 'to': '6adf97f83acf6453d4a6a4b1070f3754'}, {'createdAt': {'$date': 1693587270000}, 'trackingCode': 'c94f9144d0569e3a94a56778e2863e17', 'status': None, 'description': 'TRANSFERENCIA', 'trackerType': '202591c2658eb8db7d1c57e1273cd270', 'from': '169b66a010f4fab01bdea42568947f34', 'to': '6adf97f83acf6453d4a6a4b1070f3754'}, {'createdAt': {'$date': 1693605536000}, 'trackingCode': 'c94f9144d0569e3a94a56778e2863e17', 'status': None, 'description': 'ENTRADA', 'trackerType': '202591c2658eb8db7d1c57e1273cd270', 'from': 'fac929278c0e5ba967802153ba729336', 'to': '6adf97f83acf6453d4a6a4b1070f3754'}, {'createdAt': {'$date': 1693606225000}, 'trackingCode': 'c94f9144d0569e3a94a56778e2863e17', 'status': None, 'description': 'ENTRADA', 'trackerType': '202591c2658eb8db7d1c57e1273cd270', 'from': '898e12ca9ad5c99d74600b297158c9a9', 'to': '6adf97f83acf6453d4a6a4b1070f3754'}, {'createdAt': {'$date': 1693608303000}, 'trackingCode': 'c94f9144d0569e3a94a56778e2863e17', 'status': None, 'description': 'TRANSFERENCIA', 'trackerType': '202591c2658eb8db7d1c57e1273cd270', 'from': '898e12ca9ad5c99d74600b297158c9a9', 'to': '6adf97f83acf6453d4a6a4b1070f3754'}, {'createdAt': {'$date': 1693668977000}, 'trackingCode': 'c94f9144d0569e3a94a56778e2863e17', 'status': None, 'description': 'ENTRADA', 'trackerType': '202591c2658eb8db7d1c57e1273cd270', 'from': '84c77d7bc3fb1dd258da3c10bb2f8a27', 'to': '6adf97f83acf6453d4a6a4b1070f3754'}, {'createdAt': {'$date': 1693674746000}, 'trackingCode': 'c94f9144d0569e3a94a56778e2863e17', 'status': None, 'description': 'TRANSFERENCIA', 'trackerType': '202591c2658eb8db7d1c57e1273cd270', 'from': '84c77d7bc3fb1dd258da3c10bb2f8a27', 'to': '6adf97f83acf6453d4a6a4b1070f3754'}, {'createdAt': {'$date': 1693674757000}, 'trackingCode': 'c94f9144d0569e3a94a56778e2863e17', 'status': None, 'description': 'TRANSFERENCIA', 'trackerType': '202591c2658eb8db7d1c57e1273cd270', 'from': '84c77d7bc3fb1dd258da3c10bb2f8a27', 'to': '6adf97f83acf6453d4a6a4b1070f3754'}, {'createdAt': {'$date': 1693674757000}, 'trackingCode': 'c94f9144d0569e3a94a56778e2863e17', 'status': None, 'description': 'TRANSFERENCIA', 'trackerType': '202591c2658eb8db7d1c57e1273cd270', 'from': '84c77d7bc3fb1dd258da3c10bb2f8a27', 'to': '6adf97f83acf6453d4a6a4b1070f3754'}, {'createdAt': {'$date': 1693779321000}, 'trackingCode': 'c94f9144d0569e3a94a56778e2863e17', 'status': None, 'description': 'TRANSFERENCIA', 'trackerType': '202591c2658eb8db7d1c57e1273cd270', 'from': '84c77d7bc3fb1dd258da3c10bb2f8a27', 'to': '6adf97f83acf6453d4a6a4b1070f3754'}, {'createdAt': {'$date': 1693821306000}, 'trackingCode': 'c94f9144d0569e3a94a56778e2863e17', 'status': None, 'description': 'TRANSFERIDO PARA UNIDADE', 'trackerType': '202591c2658eb8db7d1c57e1273cd270', 'from': '84c77d7bc3fb1dd258da3c10bb2f8a27', 'to': '6adf97f83acf6453d4a6a4b1070f3754'}, {'createdAt': {'$date': 1693822804000}, 'trackingCode': 'c94f9144d0569e3a94a56778e2863e17', 'status': None, 'description': 'ENTRADA', 'trackerType': '202591c2658eb8db7d1c57e1273cd270', 'from': '451ffbc1f3058363510ad8a1cab40767', 'to': '6adf97f83acf6453d4a6a4b1070f3754'}]"
U,64c07262f6af2771898af466d3b12fc1,1691597308,1693824983,1693824983,"[{'createdAt': {'$date': 1691592870000}, 'trackingCode': '3ecf9e386c3da488a6dd6208d4847d5f', 'status': None, 'description': 'EMISSAO', 'trackerType': '202591c2658eb8db7d1c57e1273cd270', 'from': '2f4bb3c66c1192616bb1e578b0117c13', 'to': '6adf97f83acf6453d4a6a4b1070f3754'}, {'createdAt': {'$date': 1691596602000}, 'trackingCode': '3ecf9e386c3da488a6dd6208d4847d5f', 'status': None, 'description': 'TRANSFERENCIA', 'trackerType': '202591c2658eb8db7d1c57e1273cd270', 'from': '2f4bb3c66c1192616bb1e578b0117c13', 'to': '6adf97f83acf6453d4a6a4b1070f3754'}, {'createdAt': {'$date': 1691596633000}, 'trackingCode': '3ecf9e386c3da488a6dd6208d4847d5f', 'status': None, 'description': 'TRANSFERENCIA', 'trackerType': '202591c2658eb8db7d1c57e1273cd270', 'from': '2f4bb3c66c1192616bb1e578b0117c13', 'to': '6adf97f83acf6453d4a6a4b1070f3754'}, {'createdAt': {'$date': 1691654501000}, 'trackingCode': '3ecf9e386c3da488a6dd6208d4847d5f', 'status': None, 'description': 'ENTRADA', 'trackerType': '202591c2658eb8db7d1c57e1273cd270', 'from': '089607e1466a53ee58164c9974d00976', 'to': '6adf97f83acf6453d4a6a4b1070f3754'}, {'createdAt': {'$date': 1691682913000}, 'trackingCode': '3ecf9e386c3da488a6dd6208d4847d5f', 'status': None, 'description': 'TRANSFERENCIA', 'trackerType': '202591c2658eb8db7d1c57e1273cd270', 'from': 'e91b166c1c839824c55ffc2204e0ed8a', 'to': '6adf97f83acf6453d4a6a4b1070f3754'}, {'createdAt': {'$date': 1691702135000}, 'trackingCode': '3ecf9e386c3da488a6dd6208d4847d5f', 'status': None, 'description': 'TRANSFERENCIA', 'trackerType': '202591c2658eb8db7d1c57e1273cd270', 'from': 'fac929278c0e5ba967802153ba729336', 'to': '6adf97f83acf6453d4a6a4b1070f3754'}, {'createdAt': {'$date': 1691738791000}, 'trackingCode': '3ecf9e386c3da488a6dd6208d4847d5f', 'status': None, 'description': 'TRAFEGO INTERROMPIDO', 'trackerType': '202591c2658eb8db7d1c57e1273cd270', 'from': 'bb06c77b0bda796758fb2d30ec897c06', 'to': '6adf97f83acf6453d4a6a4b1070f3754'}, {'createdAt': {'$date': 1691755509000}, 'trackingCode': '3ecf9e386c3da488a6dd6208d4847d5f', 'status': None, 'description': 'ENTRADA', 'trackerType': '202591c2658eb8db7d1c57e1273cd270', 'from': 'f6946a40b712098d7a9c484db80d3331', 'to': '6adf97f83acf6453d4a6a4b1070f3754'}, {'createdAt': {'$date': 1691755707000}, 'trackingCode': '3ecf9e386c3da488a6dd6208d4847d5f', 'status': None, 'description': 'EM ROTA', 'trackerType': '202591c2658eb8db7d1c57e1273cd270', 'from': 'f6946a40b712098d7a9c484db80d3331', 'to': '6adf97f83acf6453d4a6a4b1070f3754'}, {'createdAt': {'$date': 1691777982000}, 'trackingCode': '3ecf9e386c3da488a6dd6208d4847d5f', 'status': None, 'description': 'ENTREGUE', 'trackerType': '202591c2658eb8db7d1c57e1273cd270', 'from': 'f6946a40b712098d7a9c484db80d3331', 'to': '6adf97f83acf6453d4a6a4b1070f3754'}]"
U,1cf0374f8a802b244540203f6a30f285,1691690854,1693824983,1693824983,"[{'createdAt': {'$date': 1691688072000}, 'trackingCode': 'f4aa02fb0c0667f8a8a6debce9dba3f1', 'status': '102', 'description': 'Informação do Envio enviado à Azul Cargo Express (CT-e emitido)\t', 'trackerType': '3b24fa7e14555a1912e5bc2198f8e075', 'from': '4b31a80b8b75a450aee6b2a8a8014ad8', 'to': '6adf97f83acf6453d4a6a4b1070f3754'}, {'createdAt': {'$date': 1691768560000}, 'trackingCode': 'f4aa02fb0c0667f8a8a6debce9dba3f1', 'status': '142', 'description': 'Embarque no veículo para transferência ou em rota para entrega', 'trackerType': '3b24fa7e14555a1912e5bc2198f8e075', 'from': '4b31a80b8b75a450aee6b2a8a8014ad8', 'to': '6adf97f83acf6453d4a6a4b1070f3754'}, {'createdAt': {'$date': 1691768564000}, 'trackingCode': 'f4aa02fb0c0667f8a8a6debce9dba3f1', 'status': '133', 'description': 'Saida Do Veiculo', 'trackerType': '3b24fa7e14555a1912e5bc2198f8e075', 'from': '4b31a80b8b75a450aee6b2a8a8014ad8', 'to': '6adf97f83acf6453d4a6a4b1070f3754'}, {'createdAt': {'$date': 1691771340000}, 'trackingCode': 'f4aa02fb0c0667f8a8a6debce9dba3f1', 'status': '136', 'description': 'Chegou na Unidade Azul Cargo Express\t', 'trackerType': '3b24fa7e14555a1912e5bc2198f8e075', 'from': '6b30194cf7772459b0bbc1940b4fbf08', 'to': '6adf97f83acf6453d4a6a4b1070f3754'}, {'createdAt': {'$date': 1691776096000}, 'trackingCode': 'f4aa02fb0c0667f8a8a6debce9dba3f1', 'status': '104', 'description': 'Deixou a unidade Azul Cargo Express\t', 'trackerType': '3b24fa7e14555a1912e5bc2198f8e075', 'from': '6b30194cf7772459b0bbc1940b4fbf08', 'to': '6adf97f83acf6453d4a6a4b1070f3754'}, {'createdAt': {'$date': 1691791111000}, 'trackingCode': 'f4aa02fb0c0667f8a8a6debce9dba3f1', 'status': '134', 'description': 'Saída do voo\t', 'trackerType': '3b24fa7e14555a1912e5bc2198f8e075', 'from': '6b30194cf7772459b0bbc1940b4fbf08', 'to': '6adf97f83acf6453d4a6a4b1070f3754'}, {'createdAt': {'$date': 1691799480000}, 'trackingCode': 'f4aa02fb0c0667f8a8a6debce9dba3f1', 'status': '137', 'description': 'Chegada do voo\t', 'trackerType': '3b24fa7e14555a1912e5bc2198f8e075', 'from': '89cb1e2fcbb5b49ca53cf4157f671587', 'to': '6adf97f83acf6453d4a6a4b1070f3754'}, {'createdAt': {'$date': 1691949982000}, 'trackingCode': 'f4aa02fb0c0667f8a8a6debce9dba3f1', 'status': '104', 'description': 'Deixou a unidade Azul Cargo Express\t', 'trackerType': '3b24fa7e14555a1912e5bc2198f8e075', 'from': '89cb1e2fcbb5b49ca53cf4157f671587', 'to': '6adf97f83acf6453d4a6a4b1070f3754'}, {'createdAt': {'$date': 1691949989000}, 'trackingCode': 'f4aa02fb0c0667f8a8a6debce9dba3f1', 'status': '134', 'description': 'Saída do voo\t', 'trackerType': '3b24fa7e14555a1912e5bc2198f8e075', 'from': '89cb1e2fcbb5b49ca53cf4157f671587', 'to': '6adf97f83acf6453d4a6a4b1070f3754'}, {'createdAt': {'$date': 1691963040000}, 'trackingCode': 'f4aa02fb0c0667f8a8a6debce9dba3f1', 'status': '137', 'description': 'Chegada do voo\t', 'trackerType': '3b24fa7e14555a1912e5bc2198f8e075', 'from': 'dd5ab68e8a28e8286653b47eb785b5bb', 'to': '6adf97f83acf6453d4a6a4b1070f3754'}, {'createdAt': {'$date': 1691985846000}, 'trackingCode': 'f4aa02fb0c0667f8a8a6debce9dba3f1', 'status': '142', 'description': 'Embarque no veículo para transferência ou em rota para entrega', 'trackerType': '3b24fa7e14555a1912e5bc2198f8e075', 'from': 'dd5ab68e8a28e8286653b47eb785b5bb', 'to': '6adf97f83acf6453d4a6a4b1070f3754'}, {'createdAt': {'$date': 1691985867000}, 'trackingCode': 'f4aa02fb0c0667f8a8a6debce9dba3f1', 'status': '133', 'description': 'Saida Do Veiculo', 'trackerType': '3b24fa7e14555a1912e5bc2198f8e075', 'from': 'dd5ab68e8a28e8286653b47eb785b5bb', 'to': '6adf97f83acf6453d4a6a4b1070f3754'}, {'createdAt': {'$date': 1691992620000}, 'trackingCode': 'f4aa02fb0c0667f8a8a6debce9dba3f1', 'status': '136', 'description': 'Chegou na Unidade Azul Cargo Express\t', 'trackerType': '3b24fa7e14555a1912e5bc2198f8e075', 'from': '0ebb32bb4cc687e91461162f5ad2ed2f', 'to': '6adf97f83acf6453d4a6a4b1070f3754'}, {'createdAt': {'$date': 1692001339000}, 'trackingCode': 'f4aa02fb0c0667f8a8a6debce9dba3f1', 'status': '104', 'description': 'Deixou a unidade Azul Cargo Express\t', 'trackerType': '3b24fa7e14555a1912e5bc2198f8e075', 'from': '0ebb32bb4cc687e91461162f5ad2ed2f', 'to': '6adf97f83acf6453d4a6a4b1070f3754'}, {'createdAt': {'$date': 1692001663000}, 'trackingCode': 'f4aa02fb0c0667f8a8a6debce9dba3f1', 'status': '133', 'description': 'Saida Do Veiculo', 'trackerType': '3b24fa7e14555a1912e5bc2198f8e075', 'from': '0ebb32bb4cc687e91461162f5ad2ed2f', 'to': '6adf97f83acf6453d4a6a4b1070f3754'}, {'createdAt': {'$date': 1692030674000}, 'trackingCode': 'f4aa02fb0c0667f8a8a6debce9dba3f1', 'status': '01', 'description': 'Remessa entregue', 'trackerType': '3b24fa7e14555a1912e5bc2198f8e075', 'from': '6adf97f83acf6453d4a6a4b1070f3754', 'to': '6adf97f83acf6453d4a6a4b1070f3754'}]"
U,69969b880a1fdfc9d867127ff89d23ac,1693510377,1693824983,1693824983,"[{'createdAt': {'$date': 1693501636000}, 'trackingCode': '9e78e1e56721cedb9a6e0578d5bf246a', 'status': None, 'description': 'EMISSAO', 'trackerType': '202591c2658eb8db7d1c57e1273cd270', 'from': 'c72c5f2c82c906d94cff53879ed7da03', 'to': '6adf97f83acf6453d4a6a4b1070f3754'}, {'createdAt': {'$date': 1693591505000}, 'trackingCode': '9e78e1e56721cedb9a6e0578d5bf246a', 'status': None, 'description': 'ENTRADA', 'trackerType': '202591c2658eb8db7d1c57e1273cd270', 'from': 'c72c5f2c82c906d94cff53879ed7da03', 'to': '6adf97f83acf6453d4a6a4b1070f3754'}, {'createdAt': {'$date': 1693591858000}, 'trackingCode': '9e78e1e56721cedb9a6e0578d5bf246a', 'status': None, 'description': 'TRANSFERENCIA', 'trackerType': '202591c2658eb8db7d1c57e1273cd270', 'from': 'c72c5f2c82c906d94cff53879ed7da03', 'to': '6adf97f83acf6453d4a6a4b1070f3754'}, {'createdAt': {'$date': 1693591874000}, 'trackingCode': '9e78e1e56721cedb9a6e0578d5bf246a', 'status': None, 'description': 'TRANSFERENCIA', 'trackerType': '202591c2658eb8db7d1c57e1273cd270', 'from': 'c72c5f2c82c906d94cff53879ed7da03', 'to': '6adf97f83acf6453d4a6a4b1070f3754'}, {'createdAt': {'$date': 1693645322000}, 'trackingCode': '9e78e1e56721cedb9a6e0578d5bf246a', 'status': None, 'description': 'ENTRADA', 'trackerType': '202591c2658eb8db7d1c57e1273cd270', 'from': 'fac929278c0e5ba967802153ba729336', 'to': '6adf97f83acf6453d4a6a4b1070f3754'}, {'createdAt': {'$date': 1693659928000}, 'trackingCode': '9e78e1e56721cedb9a6e0578d5bf246a', 'status': None, 'description': 'TRANSFERENCIA', 'trackerType': '202591c2658eb8db7d1c57e1273cd270', 'from': 'daa9dcb5feb8f8cb8a0504889945846b', 'to': '6adf97f83acf6453d4a6a4b1070f3754'}, {'createdAt': {'$date': 1693792251000}, 'trackingCode': '9e78e1e56721cedb9a6e0578d5bf246a', 'status': None, 'description': 'TRANSFERENCIA', 'trackerType': '202591c2658eb8db7d1c57e1273cd270', 'from': 'fac929278c0e5ba967802153ba729336', 'to': '6adf97f83acf6453d4a6a4b1070f3754'}, {'createdAt': {'$date': 1693810804000}, 'trackingCode': '9e78e1e56721cedb9a6e0578d5bf246a', 'status': None, 'description': 'ENTRADA', 'trackerType': '202591c2658eb8db7d1c57e1273cd270', 'from': 'dca8238dcf8788f456c26fd1e4a9a20d', 'to': '6adf97f83acf6453d4a6a4b1070f3754'}, {'createdAt': {'$date': 1693810808000}, 'trackingCode': '9e78e1e56721cedb9a6e0578d5bf246a', 'status': None, 'description': 'TRANSFERENCIA', 'trackerType': '202591c2658eb8db7d1c57e1273cd270', 'from': 'dca8238dcf8788f456c26fd1e4a9a20d', 'to': '6adf97f83acf6453d4a6a4b1070f3754'}, {'createdAt': {'$date': 1693818365000}, 'trackingCode': '9e78e1e56721cedb9a6e0578d5bf246a', 'status': None, 'description': 'ENTRADA', 'trackerType': '202591c2658eb8db7d1c57e1273cd270', 'from': '6a1c0f8c7c922bd07784dbc422ecc321', 'to': '6adf97f83acf6453d4a6a4b1070f3754'}]"
U,270114838b8e196bdc1c4b46466a35cf,1690306057,1693824983,1693824983,"[{'createdAt': {'$date': 1690315739000}, 'trackingCode': 'cff5e5c6933972e2d482b1cefae9e680', 'status': '13', 'description': 'O pacote foi confirmado em uma base da Loggi e vai ser preparado para transferência.', 'trackerType': 'a302942c7f755f858bd9a6c0c6be98fb', 'from': '86861fb88eef7616a70646b7cc8b4cc9', 'to': '6adf97f83acf6453d4a6a4b1070f3754'}, {'createdAt': {'$date': 1690303350000}, 'trackingCode': 'cff5e5c6933972e2d482b1cefae9e680', 'status': '1', 'description': 'A etiqueta de envio já foi criada e o pacote está pronto para a coleta.', 'trackerType': 'a302942c7f755f858bd9a6c0c6be98fb', 'from': '86861fb88eef7616a70646b7cc8b4cc9', 'to': '6adf97f83acf6453d4a6a4b1070f3754'}, {'createdAt': {'$date': 1690322799000}, 'trackingCode': 'cff5e5c6933972e2d482b1cefae9e680', 'status': '3', 'description': 'O pacote está em uma base e, em breve, vai estar em transferência.', 'trackerType': 'a302942c7f755f858bd9a6c0c6be98fb', 'from': '6adf97f83acf6453d4a6a4b1070f3754', 'to': '6adf97f83acf6453d4a6a4b1070f3754'}, {'createdAt': {'$date': 1690329233000}, 'trackingCode': 'cff5e5c6933972e2d482b1cefae9e680', 'status': '16', 'description': 'O pacote está em transferência de uma base para outra.', 'trackerType': 'a302942c7f755f858bd9a6c0c6be98fb', 'from': '6adf97f83acf6453d4a6a4b1070f3754', 'to': '6adf97f83acf6453d4a6a4b1070f3754'}, {'createdAt': {'$date': 1690329169000}, 'trackingCode': 'cff5e5c6933972e2d482b1cefae9e680', 'status': '3', 'description': 'O pacote está em uma base e, em breve, vai estar em transferência.', 'trackerType': 'a302942c7f755f858bd9a6c0c6be98fb', 'from': '6adf97f83acf6453d4a6a4b1070f3754', 'to': '6adf97f83acf6453d4a6a4b1070f3754'}, {'createdAt': {'$date': 1690350798000}, 'trackingCode': 'cff5e5c6933972e2d482b1cefae9e680', 'status': '15', 'description': 'O pacote já teve suas dimensões conferidas.', 'trackerType': 'a302942c7f755f858bd9a6c0c6be98fb', 'from': '78a32fcc48731cfdbb11966d312f5f4f', 'to': '6adf97f83acf6453d4a6a4b1070f3754'}, {'createdAt': {'$date': 1690365317000}, 'trackingCode': 'cff5e5c6933972e2d482b1cefae9e680', 'status': '16', 'description': 'O pacote está em transferência de uma base para outra.', 'trackerType': 'a302942c7f755f858bd9a6c0c6be98fb', 'from': '6adf97f83acf6453d4a6a4b1070f3754', 'to': '6adf97f83acf6453d4a6a4b1070f3754'}, {'createdAt': {'$date': 1690362612000}, 'trackingCode': 'cff5e5c6933972e2d482b1cefae9e680', 'status': '3', 'description': 'O pacote está em uma base e, em breve, vai estar em transferência.', 'trackerType': 'a302942c7f755f858bd9a6c0c6be98fb', 'from': '6adf97f83acf6453d4a6a4b1070f3754', 'to': '6adf97f83acf6453d4a6a4b1070f3754'}, {'createdAt': {'$date': 1690403227000}, 'trackingCode': 'cff5e5c6933972e2d482b1cefae9e680', 'status': '17', 'description': 'Tudo certo, o pacote está em uma base da Loggi.', 'trackerType': 'a302942c7f755f858bd9a6c0c6be98fb', 'from': '6adf97f83acf6453d4a6a4b1070f3754', 'to': '6adf97f83acf6453d4a6a4b1070f3754'}, {'createdAt': {'$date': 1690322800000}, 'trackingCode': 'cff5e5c6933972e2d482b1cefae9e680', 'status': '3', 'description': 'O pacote está em uma base e, em breve, vai estar em transferência.', 'trackerType': 'a302942c7f755f858bd9a6c0c6be98fb', 'from': '6adf97f83acf6453d4a6a4b1070f3754', 'to': '6adf97f83acf6453d4a6a4b1070f3754'}, {'createdAt': {'$date': 1690433235000}, 'trackingCode': 'cff5e5c6933972e2d482b1cefae9e680', 'status': '16', 'description': 'O pacote está em transferência de uma base para outra.', 'trackerType': 'a302942c7f755f858bd9a6c0c6be98fb', 'from': '6adf97f83acf6453d4a6a4b1070f3754', 'to': '6adf97f83acf6453d4a6a4b1070f3754'}, {'createdAt': {'$date': 1690433031000}, 'trackingCode': 'cff5e5c6933972e2d482b1cefae9e680', 'status': '3', 'description': 'O pacote está em uma base e, em breve, vai estar em transferência.', 'trackerType': 'a302942c7f755f858bd9a6c0c6be98fb', 'from': '6adf97f83acf6453d4a6a4b1070f3754', 'to': '6adf97f83acf6453d4a6a4b1070f3754'}, {'createdAt': {'$date': 1690483193000}, 'trackingCode': 'cff5e5c6933972e2d482b1cefae9e680', 'status': '11', 'description': 'O pacote está a caminho.', 'trackerType': 'a302942c7f755f858bd9a6c0c6be98fb', 'from': '6adf97f83acf6453d4a6a4b1070f3754', 'to': '6adf97f83acf6453d4a6a4b1070f3754'}, {'createdAt': {'$date': 1690482010000}, 'trackingCode': 'cff5e5c6933972e2d482b1cefae9e680', 'status': '17', 'description': 'Tudo certo, o pacote está em uma base da Loggi.', 'trackerType': 'a302942c7f755f858bd9a6c0c6be98fb', 'from': 'f168117e2b54fdea5cc8a0d8ce002de0', 'to': '6adf97f83acf6453d4a6a4b1070f3754'}, {'createdAt': {'$date': 1690482007000}, 'trackingCode': 'cff5e5c6933972e2d482b1cefae9e680', 'status': '17', 'description': 'Tudo certo, o pacote está em uma base da Loggi.', 'trackerType': 'a302942c7f755f858bd9a6c0c6be98fb', 'from': '6adf97f83acf6453d4a6a4b1070f3754', 'to': '6adf97f83acf6453d4a6a4b1070f3754'}, {'createdAt': {'$date': 1690856956000}, 'trackingCode': 'cff5e5c6933972e2d482b1cefae9e680', 'status': '5', 'description': 'O pacote chegou ao destino final.', 'trackerType': 'a302942c7f755f858bd9a6c0c6be98fb', 'from': '6adf97f83acf6453d4a6a4b1070f3754', 'to': '6adf97f83acf6453d4a6a4b1070f3754'}]"
U,ca17f428b84aa6dc74654551a8849318,1693510377,1693824983,1693824983,"[{'createdAt': {'$date': 1693503252000}, 'trackingCode': 'c94f9144d0569e3a94a56778e2863e17', 'status': None, 'description': 'EMISSAO', 'trackerType': '202591c2658eb8db7d1c57e1273cd270', 'from': '169b66a010f4fab01bdea42568947f34', 'to': '6adf97f83acf6453d4a6a4b1070f3754'}, {'createdAt': {'$date': 1693587270000}, 'trackingCode': 'c94f9144d0569e3a94a56778e2863e17', 'status': None, 'description': 'TRANSFERENCIA', 'trackerType': '202591c2658eb8db7d1c57e1273cd270', 'from': '169b66a010f4fab01bdea42568947f34', 'to': '6adf97f83acf6453d4a6a4b1070f3754'}, {'createdAt': {'$date': 1693605536000}, 'trackingCode': 'c94f9144d0569e3a94a56778e2863e17', 'status': None, 'description': 'ENTRADA', 'trackerType': '202591c2658eb8db7d1c57e1273cd270', 'from': 'fac929278c0e5ba967802153ba729336', 'to': '6adf97f83acf6453d4a6a4b1070f3754'}, {'createdAt': {'$date': 1693606225000}, 'trackingCode': 'c94f9144d0569e3a94a56778e2863e17', 'status': None, 'description': 'ENTRADA', 'trackerType': '202591c2658eb8db7d1c57e1273cd270', 'from': '898e12ca9ad5c99d74600b297158c9a9', 'to': '6adf97f83acf6453d4a6a4b1070f3754'}, {'createdAt': {'$date': 1693608303000}, 'trackingCode': 'c94f9144d0569e3a94a56778e2863e17', 'status': None, 'description': 'TRANSFERENCIA', 'trackerType': '202591c2658eb8db7d1c57e1273cd270', 'from': '898e12ca9ad5c99d74600b297158c9a9', 'to': '6adf97f83acf6453d4a6a4b1070f3754'}, {'createdAt': {'$date': 1693668977000}, 'trackingCode': 'c94f9144d0569e3a94a56778e2863e17', 'status': None, 'description': 'ENTRADA', 'trackerType': '202591c2658eb8db7d1c57e1273cd270', 'from': '84c77d7bc3fb1dd258da3c10bb2f8a27', 'to': '6adf97f83acf6453d4a6a4b1070f3754'}, {'createdAt': {'$date': 1693674746000}, 'trackingCode': 'c94f9144d0569e3a94a56778e2863e17', 'status': None, 'description': 'TRANSFERENCIA', 'trackerType': '202591c2658eb8db7d1c57e1273cd270', 'from': '84c77d7bc3fb1dd258da3c10bb2f8a27', 'to': '6adf97f83acf6453d4a6a4b1070f3754'}, {'createdAt': {'$date': 1693674757000}, 'trackingCode': 'c94f9144d0569e3a94a56778e2863e17', 'status': None, 'description': 'TRANSFERENCIA', 'trackerType': '202591c2658eb8db7d1c57e1273cd270', 'from': '84c77d7bc3fb1dd258da3c10bb2f8a27', 'to': '6adf97f83acf6453d4a6a4b1070f3754'}, {'createdAt': {'$date': 1693674757000}, 'trackingCode': 'c94f9144d0569e3a94a56778e2863e17', 'status': None, 'description': 'TRANSFERENCIA', 'trackerType': '202591c2658eb8db7d1c57e1273cd270', 'from': '84c77d7bc3fb1dd258da3c10bb2f8a27', 'to': '6adf97f83acf6453d4a6a4b1070f3754'}, {'createdAt': {'$date': 1693779321000}, 'trackingCode': 'c94f9144d0569e3a94a56778e2863e17', 'status': None, 'description': 'TRANSFERENCIA', 'trackerType': '202591c2658eb8db7d1c57e1273cd270', 'from': '84c77d7bc3fb1dd258da3c10bb2f8a27', 'to': '6adf97f83acf6453d4a6a4b1070f3754'}, {'createdAt': {'$date': 1693821306000}, 'trackingCode': 'c94f9144d0569e3a94a56778e2863e17', 'status': None, 'description': 'TRANSFERIDO PARA UNIDADE', 'trackerType': '202591c2658eb8db7d1c57e1273cd270', 'from': '84c77d7bc3fb1dd258da3c10bb2f8a27', 'to': '6adf97f83acf6453d4a6a4b1070f3754'}, {'createdAt': {'$date': 1693822804000}, 'trackingCode': 'c94f9144d0569e3a94a56778e2863e17', 'status': None, 'description': 'ENTRADA', 'trackerType': '202591c2658eb8db7d1c57e1273cd270', 'from': '451ffbc1f3058363510ad8a1cab40767', 'to': '6adf97f83acf6453d4a6a4b1070f3754'}]"
U,c80a22b51f5ded9f658f1055f083b995,1690723906,1693824983,1693824983,"[{'createdAt': {'$date': 1690622274000}, 'trackingCode': 'd63aee4b74569dc2994e0865223e2643', 'status': '102', 'description': 'Informação do Envio enviado à Azul Cargo Express (CT-e emitido)\t', 'trackerType': '3b24fa7e14555a1912e5bc2198f8e075', 'from': '72d56ab7000477fdfeaaf94eb094831b', 'to': '6adf97f83acf6453d4a6a4b1070f3754'}, {'createdAt': {'$date': 1690651622000}, 'trackingCode': 'd63aee4b74569dc2994e0865223e2643', 'status': '142', 'description': 'Embarque no veículo para transferência ou em rota para entrega', 'trackerType': '3b24fa7e14555a1912e5bc2198f8e075', 'from': '72d56ab7000477fdfeaaf94eb094831b', 'to': '6adf97f83acf6453d4a6a4b1070f3754'}, {'createdAt': {'$date': 1690651622000}, 'trackingCode': 'd63aee4b74569dc2994e0865223e2643', 'status': '133', 'description': 'Saida Do Veiculo', 'trackerType': '3b24fa7e14555a1912e5bc2198f8e075', 'from': '72d56ab7000477fdfeaaf94eb094831b', 'to': '6adf97f83acf6453d4a6a4b1070f3754'}, {'createdAt': {'$date': 1690656540000}, 'trackingCode': 'd63aee4b74569dc2994e0865223e2643', 'status': '136', 'description': 'Chegou na Unidade Azul Cargo Express\t', 'trackerType': '3b24fa7e14555a1912e5bc2198f8e075', 'from': '83979d96a4029e1bbf9a6f507d8681cb', 'to': '6adf97f83acf6453d4a6a4b1070f3754'}, {'createdAt': {'$date': 1690698891000}, 'trackingCode': 'd63aee4b74569dc2994e0865223e2643', 'status': '104', 'description': 'Deixou a unidade Azul Cargo Express\t', 'trackerType': '3b24fa7e14555a1912e5bc2198f8e075', 'from': '83979d96a4029e1bbf9a6f507d8681cb', 'to': '6adf97f83acf6453d4a6a4b1070f3754'}, {'createdAt': {'$date': 1690698899000}, 'trackingCode': 'd63aee4b74569dc2994e0865223e2643', 'status': '134', 'description': 'Saída do voo\t', 'trackerType': '3b24fa7e14555a1912e5bc2198f8e075', 'from': '83979d96a4029e1bbf9a6f507d8681cb', 'to': '6adf97f83acf6453d4a6a4b1070f3754'}, {'createdAt': {'$date': 1690715100000}, 'trackingCode': 'd63aee4b74569dc2994e0865223e2643', 'status': '137', 'description': 'Chegada do voo\t', 'trackerType': '3b24fa7e14555a1912e5bc2198f8e075', 'from': '1eaad630b48b36d5fc32e235aead1633', 'to': '6adf97f83acf6453d4a6a4b1070f3754'}, {'createdAt': {'$date': 1690856100000}, 'trackingCode': 'd63aee4b74569dc2994e0865223e2643', 'status': '137', 'description': 'Chegada do voo\t', 'trackerType': '3b24fa7e14555a1912e5bc2198f8e075', 'from': '1eaad630b48b36d5fc32e235aead1633', 'to': '6adf97f83acf6453d4a6a4b1070f3754'}, {'createdAt': {'$date': 1690867940000}, 'trackingCode': 'd63aee4b74569dc2994e0865223e2643', 'status': '142', 'description': 'Embarque no veículo para transferência ou em rota para entrega', 'trackerType': '3b24fa7e14555a1912e5bc2198f8e075', 'from': '1eaad630b48b36d5fc32e235aead1633', 'to': '6adf97f83acf6453d4a6a4b1070f3754'}, {'createdAt': {'$date': 1690867940000}, 'trackingCode': 'd63aee4b74569dc2994e0865223e2643', 'status': '133', 'description': 'Saida Do Veiculo', 'trackerType': '3b24fa7e14555a1912e5bc2198f8e075', 'from': '1eaad630b48b36d5fc32e235aead1633', 'to': '6adf97f83acf6453d4a6a4b1070f3754'}, {'createdAt': {'$date': 1690879860000}, 'trackingCode': 'd63aee4b74569dc2994e0865223e2643', 'status': '136', 'description': 'Chegou na Unidade Azul Cargo Express\t', 'trackerType': '3b24fa7e14555a1912e5bc2198f8e075', 'from': '1ba72323b8bc72b15196513b63428483', 'to': '6adf97f83acf6453d4a6a4b1070f3754'}, {'createdAt': {'$date': 1690880055000}, 'trackingCode': 'd63aee4b74569dc2994e0865223e2643', 'status': '142', 'description': 'Embarque no veículo para transferência ou em rota para entrega', 'trackerType': '3b24fa7e14555a1912e5bc2198f8e075', 'from': '1ba72323b8bc72b15196513b63428483', 'to': '6adf97f83acf6453d4a6a4b1070f3754'}, {'createdAt': {'$date': 1690880055000}, 'trackingCode': 'd63aee4b74569dc2994e0865223e2643', 'status': '133', 'description': 'Saida Do Veiculo', 'trackerType': '3b24fa7e14555a1912e5bc2198f8e075', 'from': '1ba72323b8bc72b15196513b63428483', 'to': '6adf97f83acf6453d4a6a4b1070f3754'}, {'createdAt': {'$date': 1690892280000}, 'trackingCode': 'd63aee4b74569dc2994e0865223e2643', 'status': '136', 'description': 'Chegou na Unidade Azul Cargo Express\t', 'trackerType': '3b24fa7e14555a1912e5bc2198f8e075', 'from': '667a3294743243def9c4ccd287f9131d', 'to': '6adf97f83acf6453d4a6a4b1070f3754'}, {'createdAt': {'$date': 1690974474000}, 'trackingCode': 'd63aee4b74569dc2994e0865223e2643', 'status': '104', 'description': 'Deixou a unidade Azul Cargo Express\t', 'trackerType': '3b24fa7e14555a1912e5bc2198f8e075', 'from': '667a3294743243def9c4ccd287f9131d', 'to': '6adf97f83acf6453d4a6a4b1070f3754'}, {'createdAt': {'$date': 1690974613000}, 'trackingCode': 'd63aee4b74569dc2994e0865223e2643', 'status': '133', 'description': 'Saida Do Veiculo', 'trackerType': '3b24fa7e14555a1912e5bc2198f8e075', 'from': '667a3294743243def9c4ccd287f9131d', 'to': '6adf97f83acf6453d4a6a4b1070f3754'}, {'createdAt': {'$date': 1690977109000}, 'trackingCode': 'd63aee4b74569dc2994e0865223e2643', 'status': '104', 'description': 'Deixou a unidade Azul Cargo Express\t', 'trackerType': '3b24fa7e14555a1912e5bc2198f8e075', 'from': '667a3294743243def9c4ccd287f9131d', 'to': '6adf97f83acf6453d4a6a4b1070f3754'}, {'createdAt': {'$date': 1690978770000}, 'trackingCode': 'd63aee4b74569dc2994e0865223e2643', 'status': '133', 'description': 'Saida Do Veiculo', 'trackerType': '3b24fa7e14555a1912e5bc2198f8e075', 'from': '667a3294743243def9c4ccd287f9131d', 'to': '6adf97f83acf6453d4a6a4b1070f3754'}, {'createdAt': {'$date': 1690995208000}, 'trackingCode': 'd63aee4b74569dc2994e0865223e2643', 'status': '01', 'description': 'Remessa entregue', 'trackerType': '3b24fa7e14555a1912e5bc2198f8e075', 'from': '6adf97f83acf6453d4a6a4b1070f3754', 'to': '6adf97f83acf6453d4a6a4b1070f3754'}]"
U,befcd256e35f9b3cbd649a71f04768a7,1693103768,1693824983,1693824983,"[{'createdAt': {'$date': 1693094609000}, 'trackingCode': '4651aff3344e66421461a6cb47236799', 'status': '17', 'description': 'Tudo certo, o pacote está em uma base da Loggi.', 'trackerType': 'a302942c7f755f858bd9a6c0c6be98fb', 'from': '9a5f1b924065b578493527753059860d', 'to': '6adf97f83acf6453d4a6a4b1070f3754'}, {'createdAt': {'$date': 1693035635000}, 'trackingCode': '4651aff3344e66421461a6cb47236799', 'status': '16', 'description': 'O pacote está em transferência de uma base para outra.', 'trackerType': 'a302942c7f755f858bd9a6c0c6be98fb', 'from': '9a5f1b924065b578493527753059860d', 'to': '6adf97f83acf6453d4a6a4b1070f3754'}, {'createdAt': {'$date': 1693034529000}, 'trackingCode': '4651aff3344e66421461a6cb47236799', 'status': '3', 'description': 'O pacote está em uma base e, em breve, vai estar em transferência.', 'trackerType': 'a302942c7f755f858bd9a6c0c6be98fb', 'from': '9a5f1b924065b578493527753059860d', 'to': '6adf97f83acf6453d4a6a4b1070f3754'}, {'createdAt': {'$date': 1693021743000}, 'trackingCode': '4651aff3344e66421461a6cb47236799', 'status': '13', 'description': 'O pacote foi confirmado em uma base da Loggi e vai ser preparado para transferência.', 'trackerType': 'a302942c7f755f858bd9a6c0c6be98fb', 'from': '78a32fcc48731cfdbb11966d312f5f4f', 'to': '6adf97f83acf6453d4a6a4b1070f3754'}, {'createdAt': {'$date': 1693021743000}, 'trackingCode': '4651aff3344e66421461a6cb47236799', 'status': '15', 'description': 'O pacote já teve suas dimensões conferidas.', 'trackerType': 'a302942c7f755f858bd9a6c0c6be98fb', 'from': '6adf97f83acf6453d4a6a4b1070f3754', 'to': '6adf97f83acf6453d4a6a4b1070f3754'}, {'createdAt': {'$date': 1692903312000}, 'trackingCode': '4651aff3344e66421461a6cb47236799', 'status': '1', 'description': 'A etiqueta de envio já foi criada e o pacote está pronto para a coleta.', 'trackerType': 'a302942c7f755f858bd9a6c0c6be98fb', 'from': '78a32fcc48731cfdbb11966d312f5f4f', 'to': '6adf97f83acf6453d4a6a4b1070f3754'}, {'createdAt': {'$date': 1693196954000}, 'trackingCode': '4651aff3344e66421461a6cb47236799', 'status': '16', 'description': 'O pacote está em transferência de uma base para outra.', 'trackerType': 'a302942c7f755f858bd9a6c0c6be98fb', 'from': '6adf97f83acf6453d4a6a4b1070f3754', 'to': '6adf97f83acf6453d4a6a4b1070f3754'}, {'createdAt': {'$date': 1693196282000}, 'trackingCode': '4651aff3344e66421461a6cb47236799', 'status': '3', 'description': 'O pacote está em uma base e, em breve, vai estar em transferência.', 'trackerType': 'a302942c7f755f858bd9a6c0c6be98fb', 'from': '6adf97f83acf6453d4a6a4b1070f3754', 'to': '6adf97f83acf6453d4a6a4b1070f3754'}, {'createdAt': {'$date': 1693206321000}, 'trackingCode': '4651aff3344e66421461a6cb47236799', 'status': '17', 'description': 'Tudo certo, o pacote está em uma base da Loggi.', 'trackerType': 'a302942c7f755f858bd9a6c0c6be98fb', 'from': '9a5f1b924065b578493527753059860d', 'to': '6adf97f83acf6453d4a6a4b1070f3754'}, {'createdAt': {'$date': 1693225279000}, 'trackingCode': '4651aff3344e66421461a6cb47236799', 'status': '11', 'description': 'O pacote está a caminho.', 'trackerType': 'a302942c7f755f858bd9a6c0c6be98fb', 'from': '6adf97f83acf6453d4a6a4b1070f3754', 'to': '6adf97f83acf6453d4a6a4b1070f3754'}, {'createdAt': {'$date': 1693233959000}, 'trackingCode': '4651aff3344e66421461a6cb47236799', 'status': '5', 'description': 'O pacote chegou ao destino final.', 'trackerType': 'a302942c7f755f858bd9a6c0c6be98fb', 'from': '6adf97f83acf6453d4a6a4b1070f3754', 'to': '6adf97f83acf6453d4a6a4b1070f3754'}]"
U,cd0ae645c2b13079bee911a3c4eccfa7,1692049844,1693824983,1693824983,"[{'createdAt': {'$date': 1692025348000}, 'trackingCode': 'd3e3696ae926e27b7c0d8f2bfb260cd2', 'status': None, 'description': 'EMISSAO', 'trackerType': '202591c2658eb8db7d1c57e1273cd270', 'from': '2f4bb3c66c1192616bb1e578b0117c13', 'to': '6adf97f83acf6453d4a6a4b1070f3754'}, {'createdAt': {'$date': 1692028516000}, 'trackingCode': 'd3e3696ae926e27b7c0d8f2bfb260cd2', 'status': None, 'description': 'TRANSFERENCIA', 'trackerType': '202591c2658eb8db7d1c57e1273cd270', 'from': '2f4bb3c66c1192616bb1e578b0117c13', 'to': '6adf97f83acf6453d4a6a4b1070f3754'}, {'createdAt': {'$date': 1692028540000}, 'trackingCode': 'd3e3696ae926e27b7c0d8f2bfb260cd2', 'status': None, 'description': 'TRANSFERENCIA', 'trackerType': '202591c2658eb8db7d1c57e1273cd270', 'from': '2f4bb3c66c1192616bb1e578b0117c13', 'to': '6adf97f83acf6453d4a6a4b1070f3754'}, {'createdAt': {'$date': 1692063403000}, 'trackingCode': 'd3e3696ae926e27b7c0d8f2bfb260cd2', 'status': None, 'description': 'ENTRADA', 'trackerType': '202591c2658eb8db7d1c57e1273cd270', 'from': 'fac929278c0e5ba967802153ba729336', 'to': '6adf97f83acf6453d4a6a4b1070f3754'}, {'createdAt': {'$date': 1692067225000}, 'trackingCode': 'd3e3696ae926e27b7c0d8f2bfb260cd2', 'status': None, 'description': 'TRANSFERENCIA', 'trackerType': '202591c2658eb8db7d1c57e1273cd270', 'from': 'fac929278c0e5ba967802153ba729336', 'to': '6adf97f83acf6453d4a6a4b1070f3754'}, {'createdAt': {'$date': 1692075386000}, 'trackingCode': 'd3e3696ae926e27b7c0d8f2bfb260cd2', 'status': None, 'description': 'TRANSFERENCIA', 'trackerType': '202591c2658eb8db7d1c57e1273cd270', 'from': 'fac929278c0e5ba967802153ba729336', 'to': '6adf97f83acf6453d4a6a4b1070f3754'}, {'createdAt': {'$date': 1692076123000}, 'trackingCode': 'd3e3696ae926e27b7c0d8f2bfb260cd2', 'status': None, 'description': 'TRANSFERIDO PARA UNIDADE', 'trackerType': '202591c2658eb8db7d1c57e1273cd270', 'from': 'fac929278c0e5ba967802153ba729336', 'to': '6adf97f83acf6453d4a6a4b1070f3754'}, {'createdAt': {'$date': 1692083188000}, 'trackingCode': 'd3e3696ae926e27b7c0d8f2bfb260cd2', 'status': None, 'description': 'ENTRADA', 'trackerType': '202591c2658eb8db7d1c57e1273cd270', 'from': 'd1c9d4eb961a87051def7270d1ac0abb', 'to': '6adf97f83acf6453d4a6a4b1070f3754'}, {'createdAt': {'$date': 1692087141000}, 'trackingCode': 'd3e3696ae926e27b7c0d8f2bfb260cd2', 'status': None, 'description': 'EM ROTA', 'trackerType': '202591c2658eb8db7d1c57e1273cd270', 'from': 'd1c9d4eb961a87051def7270d1ac0abb', 'to': '6adf97f83acf6453d4a6a4b1070f3754'}, {'createdAt': {'$date': 1692107272000}, 'trackingCode': 'd3e3696ae926e27b7c0d8f2bfb260cd2', 'status': None, 'description': 'ENTREGUE', 'trackerType': '202591c2658eb8db7d1c57e1273cd270', 'from': 'd1c9d4eb961a87051def7270d1ac0abb', 'to': '6adf97f83acf6453d4a6a4b1070f3754'}]"
U,c0c41d86259ab83fd2f2b32db409203e,1691686819,1693824983,1693824983,"[{'createdAt': {'$date': 1691454436000}, 'trackingCode': '1779dd7fa778fe34b63c27ae5d96b9bd', 'status': '01', 'description': 'Objeto em trânsito - por favor aguarde', 'trackerType': '27bb7dfdbe0de2d482d1c37c3fe5bfe3', 'from': 'af7167c6d9c0aa746c90b88a2c6fcfec', 'to': '1ddb857a8e6a69a03b36820473e1718e'}, {'createdAt': {'$date': 1691421863000}, 'trackingCode': '1779dd7fa778fe34b63c27ae5d96b9bd', 'status': '01', 'description': 'Objeto em trânsito - por favor aguarde', 'trackerType': '27bb7dfdbe0de2d482d1c37c3fe5bfe3', 'from': '89dfd6599ec369813df223044adb922b', 'to': 'af7167c6d9c0aa746c90b88a2c6fcfec'}, {'createdAt': {'$date': 1691419923000}, 'trackingCode': '1779dd7fa778fe34b63c27ae5d96b9bd', 'status': '01', 'description': 'Objeto postado', 'trackerType': '27bb7dfdbe0de2d482d1c37c3fe5bfe3', 'from': '89dfd6599ec369813df223044adb922b', 'to': '6adf97f83acf6453d4a6a4b1070f3754'}, {'createdAt': {'$date': 1691694892000}, 'trackingCode': '1779dd7fa778fe34b63c27ae5d96b9bd', 'status': '01', 'description': 'Objeto em trânsito - por favor aguarde', 'trackerType': '27bb7dfdbe0de2d482d1c37c3fe5bfe3', 'from': '1ddb857a8e6a69a03b36820473e1718e', 'to': 'f25ed4a1c2072c9a36cbb0fd20c4926e'}, {'createdAt': {'$date': 1691757828000}, 'trackingCode': '1779dd7fa778fe34b63c27ae5d96b9bd', 'status': '01', 'description': 'Objeto saiu para entrega ao destinatário', 'trackerType': '27bb7dfdbe0de2d482d1c37c3fe5bfe3', 'from': 'f25ed4a1c2072c9a36cbb0fd20c4926e', 'to': '6adf97f83acf6453d4a6a4b1070f3754'}, {'createdAt': {'$date': 1691769834000}, 'trackingCode': '1779dd7fa778fe34b63c27ae5d96b9bd', 'status': '08', 'description': 'Objeto não entregue - endereço incorreto', 'trackerType': '27bb7dfdbe0de2d482d1c37c3fe5bfe3', 'from': 'f25ed4a1c2072c9a36cbb0fd20c4926e', 'to': '6adf97f83acf6453d4a6a4b1070f3754'}, {'createdAt': {'$date': 1692025307000}, 'trackingCode': '1779dd7fa778fe34b63c27ae5d96b9bd', 'status': '01', 'description': 'Objeto aguardando retirada no endereço indicado', 'trackerType': '27bb7dfdbe0de2d482d1c37c3fe5bfe3', 'from': 'f25ed4a1c2072c9a36cbb0fd20c4926e', 'to': '6adf97f83acf6453d4a6a4b1070f3754'}, {'createdAt': {'$date': 1692091435000}, 'trackingCode': '1779dd7fa778fe34b63c27ae5d96b9bd', 'status': '01', 'description': 'Objeto entregue ao destinatário', 'trackerType': '27bb7dfdbe0de2d482d1c37c3fe5bfe3', 'from': 'f25ed4a1c2072c9a36cbb0fd20c4926e', 'to': '6adf97f83acf6453d4a6a4b1070f3754'}]"
U,807e130d42c80c0692598acf0065cddf,1692125003,1693824983,1693824983,"[{'createdAt': {'$date': 1692102929000}, 'trackingCode': '0a68f61a59b07983d7b64e2f86cd1dfd', 'status': '102', 'description': 'Informação do Envio enviado à Azul Cargo Express (CT-e emitido)\t', 'trackerType': '3b24fa7e14555a1912e5bc2198f8e075', 'from': 'db12f8b3c78158e431fc3a24fdac33fe', 'to': '6adf97f83acf6453d4a6a4b1070f3754'}, {'createdAt': {'$date': 1692123384000}, 'trackingCode': '0a68f61a59b07983d7b64e2f86cd1dfd', 'status': '142', 'description': 'Embarque no veículo para transferência ou em rota para entrega', 'trackerType': '3b24fa7e14555a1912e5bc2198f8e075', 'from': 'db12f8b3c78158e431fc3a24fdac33fe', 'to': '6adf97f83acf6453d4a6a4b1070f3754'}, {'createdAt': {'$date': 1692123384000}, 'trackingCode': '0a68f61a59b07983d7b64e2f86cd1dfd', 'status': '133', 'description': 'Saida Do Veiculo', 'trackerType': '3b24fa7e14555a1912e5bc2198f8e075', 'from': 'db12f8b3c78158e431fc3a24fdac33fe', 'to': '6adf97f83acf6453d4a6a4b1070f3754'}, {'createdAt': {'$date': 1692126480000}, 'trackingCode': '0a68f61a59b07983d7b64e2f86cd1dfd', 'status': '136', 'description': 'Chegou na Unidade Azul Cargo Express\t', 'trackerType': '3b24fa7e14555a1912e5bc2198f8e075', 'from': 'dd5ab68e8a28e8286653b47eb785b5bb', 'to': '6adf97f83acf6453d4a6a4b1070f3754'}, {'createdAt': {'$date': 1692151110000}, 'trackingCode': '0a68f61a59b07983d7b64e2f86cd1dfd', 'status': '104', 'description': 'Deixou a unidade Azul Cargo Express\t', 'trackerType': '3b24fa7e14555a1912e5bc2198f8e075', 'from': 'dd5ab68e8a28e8286653b47eb785b5bb', 'to': '6adf97f83acf6453d4a6a4b1070f3754'}, {'createdAt': {'$date': 1692151115000}, 'trackingCode': '0a68f61a59b07983d7b64e2f86cd1dfd', 'status': '104', 'description': 'Deixou a unidade Azul Cargo Express\t', 'trackerType': '3b24fa7e14555a1912e5bc2198f8e075', 'from': 'dd5ab68e8a28e8286653b47eb785b5bb', 'to': '6adf97f83acf6453d4a6a4b1070f3754'}, {'createdAt': {'$date': 1692151120000}, 'trackingCode': '0a68f61a59b07983d7b64e2f86cd1dfd', 'status': '134', 'description': 'Saída do voo\t', 'trackerType': '3b24fa7e14555a1912e5bc2198f8e075', 'from': 'dd5ab68e8a28e8286653b47eb785b5bb', 'to': '6adf97f83acf6453d4a6a4b1070f3754'}, {'createdAt': {'$date': 1692174360000}, 'trackingCode': '0a68f61a59b07983d7b64e2f86cd1dfd', 'status': '137', 'description': 'Chegada do voo\t', 'trackerType': '3b24fa7e14555a1912e5bc2198f8e075', 'from': '89cb1e2fcbb5b49ca53cf4157f671587', 'to': '6adf97f83acf6453d4a6a4b1070f3754'}, {'createdAt': {'$date': 1692195460000}, 'trackingCode': '0a68f61a59b07983d7b64e2f86cd1dfd', 'status': '104', 'description': 'Deixou a unidade Azul Cargo Express\t', 'trackerType': '3b24fa7e14555a1912e5bc2198f8e075', 'from': '89cb1e2fcbb5b49ca53cf4157f671587', 'to': '6adf97f83acf6453d4a6a4b1070f3754'}, {'createdAt': {'$date': 1692195491000}, 'trackingCode': '0a68f61a59b07983d7b64e2f86cd1dfd', 'status': '134', 'description': 'Saída do voo\t', 'trackerType': '3b24fa7e14555a1912e5bc2198f8e075', 'from': '89cb1e2fcbb5b49ca53cf4157f671587', 'to': '6adf97f83acf6453d4a6a4b1070f3754'}, {'createdAt': {'$date': 1692201300000}, 'trackingCode': '0a68f61a59b07983d7b64e2f86cd1dfd', 'status': '137', 'description': 'Chegada do voo\t', 'trackerType': '3b24fa7e14555a1912e5bc2198f8e075', 'from': '06e06a17681fe072e310794a31a4259f', 'to': '6adf97f83acf6453d4a6a4b1070f3754'}, {'createdAt': {'$date': 1692217200000}, 'trackingCode': '0a68f61a59b07983d7b64e2f86cd1dfd', 'status': '137', 'description': 'Chegada do voo\t', 'trackerType': '3b24fa7e14555a1912e5bc2198f8e075', 'from': '06e06a17681fe072e310794a31a4259f', 'to': '6adf97f83acf6453d4a6a4b1070f3754'}, {'createdAt': {'$date': 1692261023000}, 'trackingCode': '0a68f61a59b07983d7b64e2f86cd1dfd', 'status': '142', 'description': 'Embarque no veículo para transferência ou em rota para entrega', 'trackerType': '3b24fa7e14555a1912e5bc2198f8e075', 'from': '06e06a17681fe072e310794a31a4259f', 'to': '6adf97f83acf6453d4a6a4b1070f3754'}, {'createdAt': {'$date': 1692261023000}, 'trackingCode': '0a68f61a59b07983d7b64e2f86cd1dfd', 'status': '133', 'description': 'Saida Do Veiculo', 'trackerType': '3b24fa7e14555a1912e5bc2198f8e075', 'from': '06e06a17681fe072e310794a31a4259f', 'to': '6adf97f83acf6453d4a6a4b1070f3754'}, {'createdAt': {'$date': 1692284340000}, 'trackingCode': '0a68f61a59b07983d7b64e2f86cd1dfd', 'status': '136', 'description': 'Chegou na Unidade Azul Cargo Express\t', 'trackerType': '3b24fa7e14555a1912e5bc2198f8e075', 'from': '58ecd7f527f81176701904f40805c1af', 'to': '6adf97f83acf6453d4a6a4b1070f3754'}, {'createdAt': {'$date': 1692367194000}, 'trackingCode': '0a68f61a59b07983d7b64e2f86cd1dfd', 'status': '104', 'description': 'Deixou a unidade Azul Cargo Express\t', 'trackerType': '3b24fa7e14555a1912e5bc2198f8e075', 'from': '58ecd7f527f81176701904f40805c1af', 'to': '6adf97f83acf6453d4a6a4b1070f3754'}, {'createdAt': {'$date': 1692367547000}, 'trackingCode': '0a68f61a59b07983d7b64e2f86cd1dfd', 'status': '133', 'description': 'Saida Do Veiculo', 'trackerType': '3b24fa7e14555a1912e5bc2198f8e075', 'from': '58ecd7f527f81176701904f40805c1af', 'to': '6adf97f83acf6453d4a6a4b1070f3754'}, {'createdAt': {'$date': 1692372721000}, 'trackingCode': '0a68f61a59b07983d7b64e2f86cd1dfd', 'status': '01', 'description': 'Remessa entregue', 'trackerType': '3b24fa7e14555a1912e5bc2198f8e075', 'from': '6adf97f83acf6453d4a6a4b1070f3754', 'to': '6adf97f83acf6453d4a6a4b1070f3754'}]"
U,a8804a67c15effd48171e1d195d916c6,1689240794,1693824983,1693824983,"[{'createdAt': {'$date': 1689227071000}, 'trackingCode': 'c006727400d345903159e024882fe1b1', 'status': '01', 'description': 'Objeto postado', 'trackerType': '27bb7dfdbe0de2d482d1c37c3fe5bfe3', 'from': 'f0aa1982f61314b9aab258c2f110ebab', 'to': '6adf97f83acf6453d4a6a4b1070f3754'}, {'createdAt': {'$date': 1689851131000}, 'trackingCode': 'c006727400d345903159e024882fe1b1', 'status': '16', 'description': 'Objeto recebido pelos Correios do Brasil', 'trackerType': '27bb7dfdbe0de2d482d1c37c3fe5bfe3', 'from': '44d02c36e6691bb8faacd16784348114', 'to': '6adf97f83acf6453d4a6a4b1070f3754'}, {'createdAt': {'$date': 1689894688000}, 'trackingCode': 'c006727400d345903159e024882fe1b1', 'status': '01', 'description': 'Objeto em trânsito - por favor aguarde', 'trackerType': '27bb7dfdbe0de2d482d1c37c3fe5bfe3', 'from': '44d02c36e6691bb8faacd16784348114', 'to': 'd29b01170389a24f6563d4157d8a11ba'}, {'createdAt': {'$date': 1689894687000}, 'trackingCode': 'c006727400d345903159e024882fe1b1', 'status': '10', 'description': 'Fiscalização aduaneira finalizada', 'trackerType': '27bb7dfdbe0de2d482d1c37c3fe5bfe3', 'from': '44d02c36e6691bb8faacd16784348114', 'to': '6adf97f83acf6453d4a6a4b1070f3754'}, {'createdAt': {'$date': 1690345947000}, 'trackingCode': 'c006727400d345903159e024882fe1b1', 'status': '01', 'description': 'Objeto em trânsito - por favor aguarde', 'trackerType': '27bb7dfdbe0de2d482d1c37c3fe5bfe3', 'from': 'd29b01170389a24f6563d4157d8a11ba', 'to': 'b2fc13f6fe287c592d0b953d85a94f79'}, {'createdAt': {'$date': 1690535550000}, 'trackingCode': 'c006727400d345903159e024882fe1b1', 'status': '01', 'description': 'Objeto aguardando retirada no endereço indicado', 'trackerType': '27bb7dfdbe0de2d482d1c37c3fe5bfe3', 'from': 'b2fc13f6fe287c592d0b953d85a94f79', 'to': '6adf97f83acf6453d4a6a4b1070f3754'}, {'createdAt': {'$date': 1690548342000}, 'trackingCode': 'c006727400d345903159e024882fe1b1', 'status': '01', 'description': 'Objeto entregue ao destinatário', 'trackerType': '27bb7dfdbe0de2d482d1c37c3fe5bfe3', 'from': 'b2fc13f6fe287c592d0b953d85a94f79', 'to': '6adf97f83acf6453d4a6a4b1070f3754'}]"
U,3e85508dcb11a7921c2daf6e09e75fb5,1690407359,1693824983,1693824983,"[{'createdAt': {'$date': 1690382720000}, 'trackingCode': '073ded62ebbf34c6cf4eb82343bee01d', 'status': '102', 'description': 'Informação do Envio enviado à Azul Cargo Express (CT-e emitido)\t', 'trackerType': '3b24fa7e14555a1912e5bc2198f8e075', 'from': '5b629fe013eacd58f77bdbe54e4e0e8c', 'to': '6adf97f83acf6453d4a6a4b1070f3754'}, {'createdAt': {'$date': 1690480555000}, 'trackingCode': '073ded62ebbf34c6cf4eb82343bee01d', 'status': '142', 'description': 'Embarque no veículo para transferência ou em rota para entrega', 'trackerType': '3b24fa7e14555a1912e5bc2198f8e075', 'from': '5b629fe013eacd58f77bdbe54e4e0e8c', 'to': '6adf97f83acf6453d4a6a4b1070f3754'}, {'createdAt': {'$date': 1690480555000}, 'trackingCode': '073ded62ebbf34c6cf4eb82343bee01d', 'status': '133', 'description': 'Saida Do Veiculo', 'trackerType': '3b24fa7e14555a1912e5bc2198f8e075', 'from': '5b629fe013eacd58f77bdbe54e4e0e8c', 'to': '6adf97f83acf6453d4a6a4b1070f3754'}, {'createdAt': {'$date': 1690552320000}, 'trackingCode': '073ded62ebbf34c6cf4eb82343bee01d', 'status': '136', 'description': 'Chegou na Unidade Azul Cargo Express\t', 'trackerType': '3b24fa7e14555a1912e5bc2198f8e075', 'from': 'dd529bc29a2dfd264b6347d0d76f2e88', 'to': '6adf97f83acf6453d4a6a4b1070f3754'}, {'createdAt': {'$date': 1690563375000}, 'trackingCode': '073ded62ebbf34c6cf4eb82343bee01d', 'status': '104', 'description': 'Deixou a unidade Azul Cargo Express\t', 'trackerType': '3b24fa7e14555a1912e5bc2198f8e075', 'from': 'dd529bc29a2dfd264b6347d0d76f2e88', 'to': '6adf97f83acf6453d4a6a4b1070f3754'}, {'createdAt': {'$date': 1690563376000}, 'trackingCode': '073ded62ebbf34c6cf4eb82343bee01d', 'status': '134', 'description': 'Saída do voo\t', 'trackerType': '3b24fa7e14555a1912e5bc2198f8e075', 'from': 'dd529bc29a2dfd264b6347d0d76f2e88', 'to': '6adf97f83acf6453d4a6a4b1070f3754'}, {'createdAt': {'$date': 1690617840000}, 'trackingCode': '073ded62ebbf34c6cf4eb82343bee01d', 'status': '137', 'description': 'Chegada do voo\t', 'trackerType': '3b24fa7e14555a1912e5bc2198f8e075', 'from': '89cb1e2fcbb5b49ca53cf4157f671587', 'to': '6adf97f83acf6453d4a6a4b1070f3754'}, {'createdAt': {'$date': 1690638008000}, 'trackingCode': '073ded62ebbf34c6cf4eb82343bee01d', 'status': '104', 'description': 'Deixou a unidade Azul Cargo Express\t', 'trackerType': '3b24fa7e14555a1912e5bc2198f8e075', 'from': '89cb1e2fcbb5b49ca53cf4157f671587', 'to': '6adf97f83acf6453d4a6a4b1070f3754'}, {'createdAt': {'$date': 1690638019000}, 'trackingCode': '073ded62ebbf34c6cf4eb82343bee01d', 'status': '134', 'description': 'Saída do voo\t', 'trackerType': '3b24fa7e14555a1912e5bc2198f8e075', 'from': '89cb1e2fcbb5b49ca53cf4157f671587', 'to': '6adf97f83acf6453d4a6a4b1070f3754'}, {'createdAt': {'$date': 1690643880000}, 'trackingCode': '073ded62ebbf34c6cf4eb82343bee01d', 'status': '137', 'description': 'Chegada do voo\t', 'trackerType': '3b24fa7e14555a1912e5bc2198f8e075', 'from': '6b30194cf7772459b0bbc1940b4fbf08', 'to': '6adf97f83acf6453d4a6a4b1070f3754'}, {'createdAt': {'$date': 1690888204000}, 'trackingCode': '073ded62ebbf34c6cf4eb82343bee01d', 'status': '104', 'description': 'Deixou a unidade Azul Cargo Express\t', 'trackerType': '3b24fa7e14555a1912e5bc2198f8e075', 'from': '6b30194cf7772459b0bbc1940b4fbf08', 'to': '6adf97f83acf6453d4a6a4b1070f3754'}, {'createdAt': {'$date': 1690895778000}, 'trackingCode': '073ded62ebbf34c6cf4eb82343bee01d', 'status': '133', 'description': 'Saida Do Veiculo', 'trackerType': '3b24fa7e14555a1912e5bc2198f8e075', 'from': '6b30194cf7772459b0bbc1940b4fbf08', 'to': '6adf97f83acf6453d4a6a4b1070f3754'}, {'createdAt': {'$date': 1690898188000}, 'trackingCode': '073ded62ebbf34c6cf4eb82343bee01d', 'status': '01', 'description': 'Remessa entregue', 'trackerType': '3b24fa7e14555a1912e5bc2198f8e075', 'from': '6adf97f83acf6453d4a6a4b1070f3754', 'to': '6adf97f83acf6453d4a6a4b1070f3754'}]"
U,b74a225ae3a6dc68a565424a45658167,1690218762,1693824983,1693824983,"[{'createdAt': {'$date': 1690207455000}, 'trackingCode': 'f9ee61b15591ca72b486c0d62e52fbde', 'status': None, 'description': 'EMISSAO', 'trackerType': '202591c2658eb8db7d1c57e1273cd270', 'from': '0883732b5f2a72711f96eac479fe4b24', 'to': '6adf97f83acf6453d4a6a4b1070f3754'}, {'createdAt': {'$date': 1690217456000}, 'trackingCode': 'f9ee61b15591ca72b486c0d62e52fbde', 'status': None, 'description': 'TRANSFERENCIA', 'trackerType': '202591c2658eb8db7d1c57e1273cd270', 'from': '0883732b5f2a72711f96eac479fe4b24', 'to': '6adf97f83acf6453d4a6a4b1070f3754'}, {'createdAt': {'$date': 1690236467000}, 'trackingCode': 'f9ee61b15591ca72b486c0d62e52fbde', 'status': None, 'description': 'ENTRADA', 'trackerType': '202591c2658eb8db7d1c57e1273cd270', 'from': '971e249ca4af90aa0b044735d8fdd59e', 'to': '6adf97f83acf6453d4a6a4b1070f3754'}, {'createdAt': {'$date': 1690242358000}, 'trackingCode': 'f9ee61b15591ca72b486c0d62e52fbde', 'status': None, 'description': 'TRANSFERENCIA', 'trackerType': '202591c2658eb8db7d1c57e1273cd270', 'from': '971e249ca4af90aa0b044735d8fdd59e', 'to': '6adf97f83acf6453d4a6a4b1070f3754'}, {'createdAt': {'$date': 1690258252000}, 'trackingCode': 'f9ee61b15591ca72b486c0d62e52fbde', 'status': None, 'description': 'TRANSFERENCIA', 'trackerType': '202591c2658eb8db7d1c57e1273cd270', 'from': '971e249ca4af90aa0b044735d8fdd59e', 'to': '6adf97f83acf6453d4a6a4b1070f3754'}, {'createdAt': {'$date': 1690282330000}, 'trackingCode': 'f9ee61b15591ca72b486c0d62e52fbde', 'status': None, 'description': 'TRANSFERIDO PARA UNIDADE', 'trackerType': '202591c2658eb8db7d1c57e1273cd270', 'from': '971e249ca4af90aa0b044735d8fdd59e', 'to': '6adf97f83acf6453d4a6a4b1070f3754'}, {'createdAt': {'$date': 1690284227000}, 'trackingCode': 'f9ee61b15591ca72b486c0d62e52fbde', 'status': None, 'description': 'ENTRADA', 'trackerType': '202591c2658eb8db7d1c57e1273cd270', 'from': '8f3a629af248967ca255c670533ce6f7', 'to': '6adf97f83acf6453d4a6a4b1070f3754'}, {'createdAt': {'$date': 1690284253000}, 'trackingCode': 'f9ee61b15591ca72b486c0d62e52fbde', 'status': None, 'description': 'TRANSFERENCIA', 'trackerType': '202591c2658eb8db7d1c57e1273cd270', 'from': '8f3a629af248967ca255c670533ce6f7', 'to': '6adf97f83acf6453d4a6a4b1070f3754'}, {'createdAt': {'$date': 1690357810000}, 'trackingCode': 'f9ee61b15591ca72b486c0d62e52fbde', 'status': None, 'description': 'ENTRADA', 'trackerType': '202591c2658eb8db7d1c57e1273cd270', 'from': 'de7b6a3206fed4a1e545748e40e7c052', 'to': '6adf97f83acf6453d4a6a4b1070f3754'}, {'createdAt': {'$date': 1690358122000}, 'trackingCode': 'f9ee61b15591ca72b486c0d62e52fbde', 'status': None, 'description': 'EM ROTA', 'trackerType': '202591c2658eb8db7d1c57e1273cd270', 'from': 'de7b6a3206fed4a1e545748e40e7c052', 'to': '6adf97f83acf6453d4a6a4b1070f3754'}, {'createdAt': {'$date': 1690387705000}, 'trackingCode': 'f9ee61b15591ca72b486c0d62e52fbde', 'status': None, 'description': 'ENTREGUE', 'trackerType': '202591c2658eb8db7d1c57e1273cd270', 'from': 'de7b6a3206fed4a1e545748e40e7c052', 'to': '6adf97f83acf6453d4a6a4b1070f3754'}]"
U,ad86bd294025a87383111d7cf3f4ca62,1688501625,1693824983,1693824983,"[{'createdAt': {'$date': 1688494105000}, 'trackingCode': '44c63e317437422a88b3401138bcfb83', 'status': '16', 'description': 'Objeto recebido pelos Correios do Brasil', 'trackerType': '27bb7dfdbe0de2d482d1c37c3fe5bfe3', 'from': '44d02c36e6691bb8faacd16784348114', 'to': '6adf97f83acf6453d4a6a4b1070f3754'}, {'createdAt': {'$date': 1687952156000}, 'trackingCode': '44c63e317437422a88b3401138bcfb83', 'status': '01', 'description': 'Objeto postado', 'trackerType': '27bb7dfdbe0de2d482d1c37c3fe5bfe3', 'from': 'f0aa1982f61314b9aab258c2f110ebab', 'to': '6adf97f83acf6453d4a6a4b1070f3754'}, {'createdAt': {'$date': 1688509120000}, 'trackingCode': '44c63e317437422a88b3401138bcfb83', 'status': '01', 'description': 'Objeto em trânsito - por favor aguarde', 'trackerType': '27bb7dfdbe0de2d482d1c37c3fe5bfe3', 'from': '44d02c36e6691bb8faacd16784348114', 'to': 'e0e884b320d7340e331862ed6772b798'}, {'createdAt': {'$date': 1688509119000}, 'trackingCode': '44c63e317437422a88b3401138bcfb83', 'status': '10', 'description': 'Fiscalização aduaneira finalizada', 'trackerType': '27bb7dfdbe0de2d482d1c37c3fe5bfe3', 'from': '44d02c36e6691bb8faacd16784348114', 'to': '6adf97f83acf6453d4a6a4b1070f3754'}, {'createdAt': {'$date': 1688963939000}, 'trackingCode': '44c63e317437422a88b3401138bcfb83', 'status': '01', 'description': 'Objeto em trânsito - por favor aguarde', 'trackerType': '27bb7dfdbe0de2d482d1c37c3fe5bfe3', 'from': 'a757092f093878f4aac4abe0c0c4746e', 'to': 'e0e884b320d7340e331862ed6772b798'}, {'createdAt': {'$date': 1689073467000}, 'trackingCode': '44c63e317437422a88b3401138bcfb83', 'status': '01', 'description': 'Objeto em trânsito - por favor aguarde', 'trackerType': '27bb7dfdbe0de2d482d1c37c3fe5bfe3', 'from': 'e0e884b320d7340e331862ed6772b798', 'to': 'c314ee3147641ec113b38ba34f4cb7a3'}, {'createdAt': {'$date': 1689240585000}, 'trackingCode': '44c63e317437422a88b3401138bcfb83', 'status': '01', 'description': 'Objeto em trânsito - por favor aguarde', 'trackerType': '27bb7dfdbe0de2d482d1c37c3fe5bfe3', 'from': 'c314ee3147641ec113b38ba34f4cb7a3', 'to': 'f7bc8ebddb78a70ea4901bee5e808d65'}, {'createdAt': {'$date': 1690191215000}, 'trackingCode': '44c63e317437422a88b3401138bcfb83', 'status': '01', 'description': 'Objeto entregue ao destinatário', 'trackerType': '27bb7dfdbe0de2d482d1c37c3fe5bfe3', 'from': 'f7bc8ebddb78a70ea4901bee5e808d65', 'to': '6adf97f83acf6453d4a6a4b1070f3754'}, {'createdAt': {'$date': 1690189925000}, 'trackingCode': '44c63e317437422a88b3401138bcfb83', 'status': '01', 'description': 'Objeto saiu para entrega ao destinatário', 'trackerType': '27bb7dfdbe0de2d482d1c37c3fe5bfe3', 'from': 'f7bc8ebddb78a70ea4901bee5e808d65', 'to': '6adf97f83acf6453d4a6a4b1070f3754'}]"
U,acf101ad2179f56a36062891aa952eae,1691144911,1693824983,1693824983,"[{'createdAt': {'$date': 1690990602000}, 'trackingCode': 'bd35fa0beedf436c85752f9455432ca9', 'status': '01', 'description': 'Objeto em trânsito - por favor aguarde', 'trackerType': '27bb7dfdbe0de2d482d1c37c3fe5bfe3', 'from': '19f61c9bfe1f048ab353e403dfde3103', 'to': 'a9b3bd46be7390826100cfcfd8f271ec'}, {'createdAt': {'$date': 1690990248000}, 'trackingCode': 'bd35fa0beedf436c85752f9455432ca9', 'status': '10', 'description': 'Fiscalização aduaneira finalizada', 'trackerType': '27bb7dfdbe0de2d482d1c37c3fe5bfe3', 'from': '8f858ee1067df0a89292373651e6c73e', 'to': '6adf97f83acf6453d4a6a4b1070f3754'}, {'createdAt': {'$date': 1690875520000}, 'trackingCode': 'bd35fa0beedf436c85752f9455432ca9', 'status': '16', 'description': 'Objeto recebido pelos Correios do Brasil', 'trackerType': '27bb7dfdbe0de2d482d1c37c3fe5bfe3', 'from': '8f858ee1067df0a89292373651e6c73e', 'to': '6adf97f83acf6453d4a6a4b1070f3754'}, {'createdAt': {'$date': 1690397460000}, 'trackingCode': 'bd35fa0beedf436c85752f9455432ca9', 'status': '01', 'description': 'Objeto em trânsito - por favor aguarde', 'trackerType': '27bb7dfdbe0de2d482d1c37c3fe5bfe3', 'from': 'f0aa1982f61314b9aab258c2f110ebab', 'to': 'fab9ec2163f1d49c0421e3d6bb8e760b'}, {'createdAt': {'$date': 1690397400000}, 'trackingCode': 'bd35fa0beedf436c85752f9455432ca9', 'status': '18', 'description': 'Objeto recebido na unidade de exportação no país de origem', 'trackerType': '27bb7dfdbe0de2d482d1c37c3fe5bfe3', 'from': 'f0aa1982f61314b9aab258c2f110ebab', 'to': '6adf97f83acf6453d4a6a4b1070f3754'}, {'createdAt': {'$date': 1690394700000}, 'trackingCode': 'bd35fa0beedf436c85752f9455432ca9', 'status': '01', 'description': 'Objeto postado', 'trackerType': '27bb7dfdbe0de2d482d1c37c3fe5bfe3', 'from': 'f0aa1982f61314b9aab258c2f110ebab', 'to': '6adf97f83acf6453d4a6a4b1070f3754'}, {'createdAt': {'$date': 1691159879000}, 'trackingCode': 'bd35fa0beedf436c85752f9455432ca9', 'status': '01', 'description': 'Objeto em trânsito - por favor aguarde', 'trackerType': '27bb7dfdbe0de2d482d1c37c3fe5bfe3', 'from': 'a9b3bd46be7390826100cfcfd8f271ec', 'to': 'e2146467c22a3a9bafd26374f7b28e85'}, {'createdAt': {'$date': 1691503352000}, 'trackingCode': 'bd35fa0beedf436c85752f9455432ca9', 'status': '01', 'description': 'Objeto entregue ao destinatário', 'trackerType': '27bb7dfdbe0de2d482d1c37c3fe5bfe3', 'from': 'e2146467c22a3a9bafd26374f7b28e85', 'to': '6adf97f83acf6453d4a6a4b1070f3754'}, {'createdAt': {'$date': 1691495103000}, 'trackingCode': 'bd35fa0beedf436c85752f9455432ca9', 'status': '01', 'description': 'Objeto saiu para entrega ao destinatário', 'trackerType': '27bb7dfdbe0de2d482d1c37c3fe5bfe3', 'from': 'e2146467c22a3a9bafd26374f7b28e85', 'to': '6adf97f83acf6453d4a6a4b1070f3754'}]"
U,c04fd53eac8655f80e6bda7ddc30b466,1691445275,1693824983,1693824983,"[{'createdAt': {'$date': 1691440860000}, 'trackingCode': 'b03a8a5adaea5f4a68206897bcf5afd4', 'status': '34', 'description': 'CT-e autorizado', 'trackerType': '560eb3b8655c97fabfc9af244772eeed', 'from': '774867c27464cce58b9af04cb1f92dd7', 'to': '6adf97f83acf6453d4a6a4b1070f3754'}, {'createdAt': {'$date': 1691440568000}, 'trackingCode': 'b03a8a5adaea5f4a68206897bcf5afd4', 'status': '2', 'description': 'Recebido pela transportadora', 'trackerType': '560eb3b8655c97fabfc9af244772eeed', 'from': '774867c27464cce58b9af04cb1f92dd7', 'to': '6adf97f83acf6453d4a6a4b1070f3754'}, {'createdAt': {'$date': 1691406886000}, 'trackingCode': 'b03a8a5adaea5f4a68206897bcf5afd4', 'status': '1', 'description': 'Arquivo Recebido', 'trackerType': '560eb3b8655c97fabfc9af244772eeed', 'from': '1d028f9251654172bf21acf422bbbd24', 'to': '6adf97f83acf6453d4a6a4b1070f3754'}, {'createdAt': {'$date': 1691447095000}, 'trackingCode': 'b03a8a5adaea5f4a68206897bcf5afd4', 'status': '14', 'description': 'Em Transferência', 'trackerType': '560eb3b8655c97fabfc9af244772eeed', 'from': '774867c27464cce58b9af04cb1f92dd7', 'to': '6adf97f83acf6453d4a6a4b1070f3754'}, {'createdAt': {'$date': 1691479991000}, 'trackingCode': 'b03a8a5adaea5f4a68206897bcf5afd4', 'status': '15', 'description': 'Transferido', 'trackerType': '560eb3b8655c97fabfc9af244772eeed', 'from': '1d028f9251654172bf21acf422bbbd24', 'to': '6adf97f83acf6453d4a6a4b1070f3754'}, {'createdAt': {'$date': 1691509852000}, 'trackingCode': 'b03a8a5adaea5f4a68206897bcf5afd4', 'status': '6', 'description': 'Entregue', 'trackerType': '560eb3b8655c97fabfc9af244772eeed', 'from': '1d028f9251654172bf21acf422bbbd24', 'to': '6adf97f83acf6453d4a6a4b1070f3754'}, {'createdAt': {'$date': 1691509792000}, 'trackingCode': 'b03a8a5adaea5f4a68206897bcf5afd4', 'status': '5', 'description': 'A caminho do destinatário', 'trackerType': '560eb3b8655c97fabfc9af244772eeed', 'from': '1d028f9251654172bf21acf422bbbd24', 'to': '6adf97f83acf6453d4a6a4b1070f3754'}, {'createdAt': {'$date': 1691496817000}, 'trackingCode': 'b03a8a5adaea5f4a68206897bcf5afd4', 'status': '4', 'description': 'Em Rota', 'trackerType': '560eb3b8655c97fabfc9af244772eeed', 'from': '1d028f9251654172bf21acf422bbbd24', 'to': '6adf97f83acf6453d4a6a4b1070f3754'}, {'createdAt': {'$date': 1691492862000}, 'trackingCode': 'b03a8a5adaea5f4a68206897bcf5afd4', 'status': '3', 'description': 'Geração de lista', 'trackerType': '560eb3b8655c97fabfc9af244772eeed', 'from': '1d028f9251654172bf21acf422bbbd24', 'to': '6adf97f83acf6453d4a6a4b1070f3754'}]"
U,62937db71440efcd8c3256b2e55c2bdc,1692178704,1693824983,1693824983,"[{'createdAt': {'$date': 1691426432000}, 'trackingCode': '2ad7a24e292b1dc7be979d9ab4dc5690', 'status': '01', 'description': 'Objeto entregue ao destinatário', 'trackerType': '27bb7dfdbe0de2d482d1c37c3fe5bfe3', 'from': '02b12f7e4a4c5d42fab78a67df5d445c', 'to': '6adf97f83acf6453d4a6a4b1070f3754'}, {'createdAt': {'$date': 1691423059000}, 'trackingCode': '2ad7a24e292b1dc7be979d9ab4dc5690', 'status': '01', 'description': 'Objeto aguardando retirada no endereço indicado', 'trackerType': '27bb7dfdbe0de2d482d1c37c3fe5bfe3', 'from': '02b12f7e4a4c5d42fab78a67df5d445c', 'to': '6adf97f83acf6453d4a6a4b1070f3754'}, {'createdAt': {'$date': 1691400215000}, 'trackingCode': '2ad7a24e292b1dc7be979d9ab4dc5690', 'status': '01', 'description': 'Objeto em trânsito - por favor aguarde', 'trackerType': '27bb7dfdbe0de2d482d1c37c3fe5bfe3', 'from': 'b758191e12bebf86129dc95d5286b24e', 'to': '02b12f7e4a4c5d42fab78a67df5d445c'}, {'createdAt': {'$date': 1691160316000}, 'trackingCode': '2ad7a24e292b1dc7be979d9ab4dc5690', 'status': '06', 'description': 'Objeto não entregue - cliente desconhecido no local', 'trackerType': '27bb7dfdbe0de2d482d1c37c3fe5bfe3', 'from': 'b758191e12bebf86129dc95d5286b24e', 'to': '6adf97f83acf6453d4a6a4b1070f3754'}, {'createdAt': {'$date': 1691133444000}, 'trackingCode': '2ad7a24e292b1dc7be979d9ab4dc5690', 'status': '01', 'description': 'Objeto saiu para entrega ao destinatário', 'trackerType': '27bb7dfdbe0de2d482d1c37c3fe5bfe3', 'from': 'b758191e12bebf86129dc95d5286b24e', 'to': '6adf97f83acf6453d4a6a4b1070f3754'}, {'createdAt': {'$date': 1690992002000}, 'trackingCode': '2ad7a24e292b1dc7be979d9ab4dc5690', 'status': '01', 'description': 'Objeto em trânsito - por favor aguarde', 'trackerType': '27bb7dfdbe0de2d482d1c37c3fe5bfe3', 'from': '671f4ee5a54afcc16a966d301b49ed0a', 'to': 'b758191e12bebf86129dc95d5286b24e'}, {'createdAt': {'$date': 1690352175000}, 'trackingCode': '2ad7a24e292b1dc7be979d9ab4dc5690', 'status': '01', 'description': 'Objeto em trânsito - por favor aguarde', 'trackerType': '27bb7dfdbe0de2d482d1c37c3fe5bfe3', 'from': 'a757092f093878f4aac4abe0c0c4746e', 'to': '671f4ee5a54afcc16a966d301b49ed0a'}, {'createdAt': {'$date': 1690095479000}, 'trackingCode': '2ad7a24e292b1dc7be979d9ab4dc5690', 'status': '01', 'description': 'Objeto em trânsito - por favor aguarde', 'trackerType': '27bb7dfdbe0de2d482d1c37c3fe5bfe3', 'from': '44d02c36e6691bb8faacd16784348114', 'to': 'e0e884b320d7340e331862ed6772b798'}, {'createdAt': {'$date': 1690095478000}, 'trackingCode': '2ad7a24e292b1dc7be979d9ab4dc5690', 'status': '10', 'description': 'Fiscalização aduaneira finalizada', 'trackerType': '27bb7dfdbe0de2d482d1c37c3fe5bfe3', 'from': '44d02c36e6691bb8faacd16784348114', 'to': '6adf97f83acf6453d4a6a4b1070f3754'}, {'createdAt': {'$date': 1689793138000}, 'trackingCode': '2ad7a24e292b1dc7be979d9ab4dc5690', 'status': '16', 'description': 'Objeto recebido pelos Correios do Brasil', 'trackerType': '27bb7dfdbe0de2d482d1c37c3fe5bfe3', 'from': '44d02c36e6691bb8faacd16784348114', 'to': '6adf97f83acf6453d4a6a4b1070f3754'}, {'createdAt': {'$date': 1689649451000}, 'trackingCode': '2ad7a24e292b1dc7be979d9ab4dc5690', 'status': '01', 'description': 'Objeto postado', 'trackerType': '27bb7dfdbe0de2d482d1c37c3fe5bfe3', 'from': 'f0aa1982f61314b9aab258c2f110ebab', 'to': '6adf97f83acf6453d4a6a4b1070f3754'}]"
U,298957f35053da937dc2126a197f65b6,1693244927,1693824983,1693824983,"[{'createdAt': {'$date': 1693237941000}, 'trackingCode': '1fbd57344cecbc688519cf983e2c41e4', 'status': '102', 'description': 'Informação do Envio enviado à Azul Cargo Express (CT-e emitido)\t', 'trackerType': '3b24fa7e14555a1912e5bc2198f8e075', 'from': 'f9dabce198c9c932fa980ab3800026dd', 'to': '6adf97f83acf6453d4a6a4b1070f3754'}, {'createdAt': {'$date': 1693296166000}, 'trackingCode': '1fbd57344cecbc688519cf983e2c41e4', 'status': '142', 'description': 'Embarque no veículo para transferência ou em rota para entrega', 'trackerType': '3b24fa7e14555a1912e5bc2198f8e075', 'from': 'f9dabce198c9c932fa980ab3800026dd', 'to': '6adf97f83acf6453d4a6a4b1070f3754'}, {'createdAt': {'$date': 1693296166000}, 'trackingCode': '1fbd57344cecbc688519cf983e2c41e4', 'status': '133', 'description': 'Saida Do Veiculo', 'trackerType': '3b24fa7e14555a1912e5bc2198f8e075', 'from': 'f9dabce198c9c932fa980ab3800026dd', 'to': '6adf97f83acf6453d4a6a4b1070f3754'}, {'createdAt': {'$date': 1693303200000}, 'trackingCode': '1fbd57344cecbc688519cf983e2c41e4', 'status': '136', 'description': 'Chegou na Unidade Azul Cargo Express\t', 'trackerType': '3b24fa7e14555a1912e5bc2198f8e075', 'from': '3e7943446cc3618236c80575eb28cb6f', 'to': '6adf97f83acf6453d4a6a4b1070f3754'}, {'createdAt': {'$date': 1693303200000}, 'trackingCode': '1fbd57344cecbc688519cf983e2c41e4', 'status': '136', 'description': 'Chegou na Unidade Azul Cargo Express\t', 'trackerType': '3b24fa7e14555a1912e5bc2198f8e075', 'from': '3e7943446cc3618236c80575eb28cb6f', 'to': '6adf97f83acf6453d4a6a4b1070f3754'}, {'createdAt': {'$date': 1693398079000}, 'trackingCode': '1fbd57344cecbc688519cf983e2c41e4', 'status': '104', 'description': 'Deixou a unidade Azul Cargo Express\t', 'trackerType': '3b24fa7e14555a1912e5bc2198f8e075', 'from': '3e7943446cc3618236c80575eb28cb6f', 'to': '6adf97f83acf6453d4a6a4b1070f3754'}, {'createdAt': {'$date': 1693398084000}, 'trackingCode': '1fbd57344cecbc688519cf983e2c41e4', 'status': '134', 'description': 'Saída do voo\t', 'trackerType': '3b24fa7e14555a1912e5bc2198f8e075', 'from': '3e7943446cc3618236c80575eb28cb6f', 'to': '6adf97f83acf6453d4a6a4b1070f3754'}, {'createdAt': {'$date': 1693460700000}, 'trackingCode': '1fbd57344cecbc688519cf983e2c41e4', 'status': '137', 'description': 'Chegada do voo\t', 'trackerType': '3b24fa7e14555a1912e5bc2198f8e075', 'from': '89cb1e2fcbb5b49ca53cf4157f671587', 'to': '6adf97f83acf6453d4a6a4b1070f3754'}, {'createdAt': {'$date': 1693467066000}, 'trackingCode': '1fbd57344cecbc688519cf983e2c41e4', 'status': '142', 'description': 'Embarque no veículo para transferência ou em rota para entrega', 'trackerType': '3b24fa7e14555a1912e5bc2198f8e075', 'from': '89cb1e2fcbb5b49ca53cf4157f671587', 'to': '6adf97f83acf6453d4a6a4b1070f3754'}, {'createdAt': {'$date': 1693467066000}, 'trackingCode': '1fbd57344cecbc688519cf983e2c41e4', 'status': '133', 'description': 'Saida Do Veiculo', 'trackerType': '3b24fa7e14555a1912e5bc2198f8e075', 'from': '89cb1e2fcbb5b49ca53cf4157f671587', 'to': '6adf97f83acf6453d4a6a4b1070f3754'}, {'createdAt': {'$date': 1693473240000}, 'trackingCode': '1fbd57344cecbc688519cf983e2c41e4', 'status': '136', 'description': 'Chegou na Unidade Azul Cargo Express\t', 'trackerType': '3b24fa7e14555a1912e5bc2198f8e075', 'from': 'a43ba8308eda05c6d591875fac3adb5c', 'to': '6adf97f83acf6453d4a6a4b1070f3754'}]"
U,0559ba8093b45d8d5c0370d333b6ae0d,1690481755,1693824983,1693824983,"[{'createdAt': {'$date': 1690473401000}, 'trackingCode': 'e406d022ad61a42c7cfc0d3948cd7ed8', 'status': '102', 'description': 'Informação do Envio enviado à Azul Cargo Express (CT-e emitido)\t', 'trackerType': '3b24fa7e14555a1912e5bc2198f8e075', 'from': '8704d9162a62426d09f04017b527c7b9', 'to': '6adf97f83acf6453d4a6a4b1070f3754'}, {'createdAt': {'$date': 1690480965000}, 'trackingCode': 'e406d022ad61a42c7cfc0d3948cd7ed8', 'status': '142', 'description': 'Embarque no veículo para transferência ou em rota para entrega', 'trackerType': '3b24fa7e14555a1912e5bc2198f8e075', 'from': '8704d9162a62426d09f04017b527c7b9', 'to': '6adf97f83acf6453d4a6a4b1070f3754'}, {'createdAt': {'$date': 1690480965000}, 'trackingCode': 'e406d022ad61a42c7cfc0d3948cd7ed8', 'status': '133', 'description': 'Saida Do Veiculo', 'trackerType': '3b24fa7e14555a1912e5bc2198f8e075', 'from': '8704d9162a62426d09f04017b527c7b9', 'to': '6adf97f83acf6453d4a6a4b1070f3754'}, {'createdAt': {'$date': 1690493760000}, 'trackingCode': 'e406d022ad61a42c7cfc0d3948cd7ed8', 'status': '136', 'description': 'Chegou na Unidade Azul Cargo Express\t', 'trackerType': '3b24fa7e14555a1912e5bc2198f8e075', 'from': 'ed76a10a3cebcbb50cb43e29677dcd26', 'to': '6adf97f83acf6453d4a6a4b1070f3754'}, {'createdAt': {'$date': 1690493760000}, 'trackingCode': 'e406d022ad61a42c7cfc0d3948cd7ed8', 'status': '136', 'description': 'Chegou na Unidade Azul Cargo Express\t', 'trackerType': '3b24fa7e14555a1912e5bc2198f8e075', 'from': 'ed76a10a3cebcbb50cb43e29677dcd26', 'to': '6adf97f83acf6453d4a6a4b1070f3754'}, {'createdAt': {'$date': 1690531061000}, 'trackingCode': 'e406d022ad61a42c7cfc0d3948cd7ed8', 'status': '104', 'description': 'Deixou a unidade Azul Cargo Express\t', 'trackerType': '3b24fa7e14555a1912e5bc2198f8e075', 'from': 'ed76a10a3cebcbb50cb43e29677dcd26', 'to': '6adf97f83acf6453d4a6a4b1070f3754'}, {'createdAt': {'$date': 1690531065000}, 'trackingCode': 'e406d022ad61a42c7cfc0d3948cd7ed8', 'status': '104', 'description': 'Deixou a unidade Azul Cargo Express\t', 'trackerType': '3b24fa7e14555a1912e5bc2198f8e075', 'from': 'ed76a10a3cebcbb50cb43e29677dcd26', 'to': '6adf97f83acf6453d4a6a4b1070f3754'}, {'createdAt': {'$date': 1690531076000}, 'trackingCode': 'e406d022ad61a42c7cfc0d3948cd7ed8', 'status': '104', 'description': 'Deixou a unidade Azul Cargo Express\t', 'trackerType': '3b24fa7e14555a1912e5bc2198f8e075', 'from': 'ed76a10a3cebcbb50cb43e29677dcd26', 'to': '6adf97f83acf6453d4a6a4b1070f3754'}, {'createdAt': {'$date': 1690531091000}, 'trackingCode': 'e406d022ad61a42c7cfc0d3948cd7ed8', 'status': '134', 'description': 'Saída do voo\t', 'trackerType': '3b24fa7e14555a1912e5bc2198f8e075', 'from': 'ed76a10a3cebcbb50cb43e29677dcd26', 'to': '6adf97f83acf6453d4a6a4b1070f3754'}, {'createdAt': {'$date': 1690550580000}, 'trackingCode': 'e406d022ad61a42c7cfc0d3948cd7ed8', 'status': '137', 'description': 'Chegada do voo\t', 'trackerType': '3b24fa7e14555a1912e5bc2198f8e075', 'from': 'c4a0041f7f45e439c53a952b97125bc1', 'to': '6adf97f83acf6453d4a6a4b1070f3754'}, {'createdAt': {'$date': 1690586566000}, 'trackingCode': 'e406d022ad61a42c7cfc0d3948cd7ed8', 'status': '142', 'description': 'Embarque no veículo para transferência ou em rota para entrega', 'trackerType': '3b24fa7e14555a1912e5bc2198f8e075', 'from': 'c4a0041f7f45e439c53a952b97125bc1', 'to': '6adf97f83acf6453d4a6a4b1070f3754'}, {'createdAt': {'$date': 1690586566000}, 'trackingCode': 'e406d022ad61a42c7cfc0d3948cd7ed8', 'status': '133', 'description': 'Saida Do Veiculo', 'trackerType': '3b24fa7e14555a1912e5bc2198f8e075', 'from': 'c4a0041f7f45e439c53a952b97125bc1', 'to': '6adf97f83acf6453d4a6a4b1070f3754'}, {'createdAt': {'$date': 1690621560000}, 'trackingCode': 'e406d022ad61a42c7cfc0d3948cd7ed8', 'status': '136', 'description': 'Chegou na Unidade Azul Cargo Express\t', 'trackerType': '3b24fa7e14555a1912e5bc2198f8e075', 'from': 'cb68b87cb137c5bc144d894eb29fdd1a', 'to': '6adf97f83acf6453d4a6a4b1070f3754'}, {'createdAt': {'$date': 1690803807000}, 'trackingCode': 'e406d022ad61a42c7cfc0d3948cd7ed8', 'status': '104', 'description': 'Deixou a unidade Azul Cargo Express\t', 'trackerType': '3b24fa7e14555a1912e5bc2198f8e075', 'from': 'cb68b87cb137c5bc144d894eb29fdd1a', 'to': '6adf97f83acf6453d4a6a4b1070f3754'}, {'createdAt': {'$date': 1690815163000}, 'trackingCode': 'e406d022ad61a42c7cfc0d3948cd7ed8', 'status': '104', 'description': 'Deixou a unidade Azul Cargo Express\t', 'trackerType': '3b24fa7e14555a1912e5bc2198f8e075', 'from': 'cb68b87cb137c5bc144d894eb29fdd1a', 'to': '6adf97f83acf6453d4a6a4b1070f3754'}, {'createdAt': {'$date': 1690815166000}, 'trackingCode': 'e406d022ad61a42c7cfc0d3948cd7ed8', 'status': '133', 'description': 'Saida Do Veiculo', 'trackerType': '3b24fa7e14555a1912e5bc2198f8e075', 'from': 'cb68b87cb137c5bc144d894eb29fdd1a', 'to': '6adf97f83acf6453d4a6a4b1070f3754'}, {'createdAt': {'$date': 1690790400000}, 'trackingCode': 'e406d022ad61a42c7cfc0d3948cd7ed8', 'status': '01', 'description': 'Remessa entregue', 'trackerType': '3b24fa7e14555a1912e5bc2198f8e075', 'from': 'cb68b87cb137c5bc144d894eb29fdd1a', 'to': '6adf97f83acf6453d4a6a4b1070f3754'}]"
U,7090562f2749d7046be2703b1542b4ca,1693510376,1693824983,1693824983,"[{'createdAt': {'$date': 1693503413000}, 'trackingCode': 'de68d66c7b37f0e08d16220e61fb3e84', 'status': None, 'description': 'EMISSAO', 'trackerType': '202591c2658eb8db7d1c57e1273cd270', 'from': '54d2c5e1aeae6e6f4a293b7026a6841b', 'to': '6adf97f83acf6453d4a6a4b1070f3754'}, {'createdAt': {'$date': 1693503477000}, 'trackingCode': 'de68d66c7b37f0e08d16220e61fb3e84', 'status': None, 'description': 'TRANSFERENCIA', 'trackerType': '202591c2658eb8db7d1c57e1273cd270', 'from': '54d2c5e1aeae6e6f4a293b7026a6841b', 'to': '6adf97f83acf6453d4a6a4b1070f3754'}, {'createdAt': {'$date': 1693527655000}, 'trackingCode': 'de68d66c7b37f0e08d16220e61fb3e84', 'status': None, 'description': 'ENTRADA', 'trackerType': '202591c2658eb8db7d1c57e1273cd270', 'from': 'fac929278c0e5ba967802153ba729336', 'to': '6adf97f83acf6453d4a6a4b1070f3754'}, {'createdAt': {'$date': 1693537922000}, 'trackingCode': 'de68d66c7b37f0e08d16220e61fb3e84', 'status': None, 'description': 'ENTRADA', 'trackerType': '202591c2658eb8db7d1c57e1273cd270', 'from': '68737091b7365ce88e01def77f108310', 'to': '6adf97f83acf6453d4a6a4b1070f3754'}, {'createdAt': {'$date': 1693538008000}, 'trackingCode': 'de68d66c7b37f0e08d16220e61fb3e84', 'status': None, 'description': 'TRANSFERENCIA', 'trackerType': '202591c2658eb8db7d1c57e1273cd270', 'from': '68737091b7365ce88e01def77f108310', 'to': '6adf97f83acf6453d4a6a4b1070f3754'}, {'createdAt': {'$date': 1693652344000}, 'trackingCode': 'de68d66c7b37f0e08d16220e61fb3e84', 'status': None, 'description': 'ENTRADA', 'trackerType': '202591c2658eb8db7d1c57e1273cd270', 'from': '9f3ccba46fe8b1bac51c830352a9ad1c', 'to': '6adf97f83acf6453d4a6a4b1070f3754'}]"
U,05364d84ca8817b5c5d3cc463a229d73,1690363431,1693824983,1693824983,"[{'createdAt': {'$date': 1690159526000}, 'trackingCode': '3bce6e3b1e99c39c065ff74b6f0b0efa', 'status': '01', 'description': 'Objeto postado', 'trackerType': '27bb7dfdbe0de2d482d1c37c3fe5bfe3', 'from': 'f0aa1982f61314b9aab258c2f110ebab', 'to': '6adf97f83acf6453d4a6a4b1070f3754'}, {'createdAt': {'$date': 1690374434000}, 'trackingCode': '3bce6e3b1e99c39c065ff74b6f0b0efa', 'status': '16', 'description': 'Objeto recebido pelos Correios do Brasil', 'trackerType': '27bb7dfdbe0de2d482d1c37c3fe5bfe3', 'from': '44d02c36e6691bb8faacd16784348114', 'to': '6adf97f83acf6453d4a6a4b1070f3754'}, {'createdAt': {'$date': 1690803451000}, 'trackingCode': '3bce6e3b1e99c39c065ff74b6f0b0efa', 'status': '01', 'description': 'Objeto em trânsito - por favor aguarde', 'trackerType': '27bb7dfdbe0de2d482d1c37c3fe5bfe3', 'from': '44d02c36e6691bb8faacd16784348114', 'to': 'e0e884b320d7340e331862ed6772b798'}, {'createdAt': {'$date': 1690803450000}, 'trackingCode': '3bce6e3b1e99c39c065ff74b6f0b0efa', 'status': '10', 'description': 'Fiscalização aduaneira finalizada', 'trackerType': '27bb7dfdbe0de2d482d1c37c3fe5bfe3', 'from': '44d02c36e6691bb8faacd16784348114', 'to': '6adf97f83acf6453d4a6a4b1070f3754'}, {'createdAt': {'$date': 1690888261000}, 'trackingCode': '3bce6e3b1e99c39c065ff74b6f0b0efa', 'status': '01', 'description': 'Objeto em trânsito - por favor aguarde', 'trackerType': '27bb7dfdbe0de2d482d1c37c3fe5bfe3', 'from': 'e0e884b320d7340e331862ed6772b798', 'to': '0f293a952ac9ca7c68bc34259ede7764'}, {'createdAt': {'$date': 1691149704000}, 'trackingCode': '3bce6e3b1e99c39c065ff74b6f0b0efa', 'status': '01', 'description': 'Objeto saiu para entrega ao destinatário', 'trackerType': '27bb7dfdbe0de2d482d1c37c3fe5bfe3', 'from': '0f293a952ac9ca7c68bc34259ede7764', 'to': '6adf97f83acf6453d4a6a4b1070f3754'}, {'createdAt': {'$date': 1691165679000}, 'trackingCode': '3bce6e3b1e99c39c065ff74b6f0b0efa', 'status': '01', 'description': 'Objeto entregue ao destinatário', 'trackerType': '27bb7dfdbe0de2d482d1c37c3fe5bfe3', 'from': '0f293a952ac9ca7c68bc34259ede7764', 'to': '6adf97f83acf6453d4a6a4b1070f3754'}]"
U,fe526bcae809da77bf65d7f7970779ca,1689264405,1693824983,1693824983,"[{'createdAt': {'$date': 1689258787000}, 'trackingCode': '97f4651a0409bbd96e276108e599013f', 'status': '01', 'description': 'Objeto postado', 'trackerType': '27bb7dfdbe0de2d482d1c37c3fe5bfe3', 'from': '40b6320520b26520c24900ed00e5b7c1', 'to': '6adf97f83acf6453d4a6a4b1070f3754'}, {'createdAt': {'$date': 1689324955000}, 'trackingCode': '97f4651a0409bbd96e276108e599013f', 'status': '01', 'description': 'Objeto em trânsito - por favor aguarde', 'trackerType': '27bb7dfdbe0de2d482d1c37c3fe5bfe3', 'from': '40b6320520b26520c24900ed00e5b7c1', 'to': '14715bd2acdbd6d389ce8747d560689a'}, {'createdAt': {'$date': 1689413148000}, 'trackingCode': '97f4651a0409bbd96e276108e599013f', 'status': '01', 'description': 'Objeto em trânsito - por favor aguarde', 'trackerType': '27bb7dfdbe0de2d482d1c37c3fe5bfe3', 'from': '14715bd2acdbd6d389ce8747d560689a', 'to': 'd29b01170389a24f6563d4157d8a11ba'}, {'createdAt': {'$date': 1689847923000}, 'trackingCode': '97f4651a0409bbd96e276108e599013f', 'status': '01', 'description': 'Objeto em trânsito - por favor aguarde', 'trackerType': '27bb7dfdbe0de2d482d1c37c3fe5bfe3', 'from': 'd29b01170389a24f6563d4157d8a11ba', 'to': '5b0d7d8f973da03ceb882a895cd4f71b'}, {'createdAt': {'$date': 1689937554000}, 'trackingCode': '97f4651a0409bbd96e276108e599013f', 'status': '01', 'description': 'Objeto entregue ao destinatário', 'trackerType': '27bb7dfdbe0de2d482d1c37c3fe5bfe3', 'from': '5b0d7d8f973da03ceb882a895cd4f71b', 'to': '6adf97f83acf6453d4a6a4b1070f3754'}, {'createdAt': {'$date': 1689933439000}, 'trackingCode': '97f4651a0409bbd96e276108e599013f', 'status': '01', 'description': 'Objeto saiu para entrega ao destinatário', 'trackerType': '27bb7dfdbe0de2d482d1c37c3fe5bfe3', 'from': '5b0d7d8f973da03ceb882a895cd4f71b', 'to': '6adf97f83acf6453d4a6a4b1070f3754'}]"
U,fe526bcae809da77bf65d7f7970779ca,1689264405,1693824983,1693824983,"[{'createdAt': {'$date': 1689258787000}, 'trackingCode': '97f4651a0409bbd96e276108e599013f', 'status': '01', 'description': 'Objeto postado', 'trackerType': '27bb7dfdbe0de2d482d1c37c3fe5bfe3', 'from': '40b6320520b26520c24900ed00e5b7c1', 'to': '6adf97f83acf6453d4a6a4b1070f3754'}, {'createdAt': {'$date': 1689324955000}, 'trackingCode': '97f4651a0409bbd96e276108e599013f', 'status': '01', 'description': 'Objeto em trânsito - por favor aguarde', 'trackerType': '27bb7dfdbe0de2d482d1c37c3fe5bfe3', 'from': '40b6320520b26520c24900ed00e5b7c1', 'to': '14715bd2acdbd6d389ce8747d560689a'}, {'createdAt': {'$date': 1689413148000}, 'trackingCode': '97f4651a0409bbd96e276108e599013f', 'status': '01', 'description': 'Objeto em trânsito - por favor aguarde', 'trackerType': '27bb7dfdbe0de2d482d1c37c3fe5bfe3', 'from': '14715bd2acdbd6d389ce8747d560689a', 'to': 'd29b01170389a24f6563d4157d8a11ba'}, {'createdAt': {'$date': 1689847923000}, 'trackingCode': '97f4651a0409bbd96e276108e599013f', 'status': '01', 'description': 'Objeto em trânsito - por favor aguarde', 'trackerType': '27bb7dfdbe0de2d482d1c37c3fe5bfe3', 'from': 'd29b01170389a24f6563d4157d8a11ba', 'to': '5b0d7d8f973da03ceb882a895cd4f71b'}, {'createdAt': {'$date': 1689937554000}, 'trackingCode': '97f4651a0409bbd96e276108e599013f', 'status': '01', 'description': 'Objeto entregue ao destinatário', 'trackerType': '27bb7dfdbe0de2d482d1c37c3fe5bfe3', 'from': '5b0d7d8f973da03ceb882a895cd4f71b', 'to': '6adf97f83acf6453d4a6a4b1070f3754'}, {'createdAt': {'$date': 1689933439000}, 'trackingCode': '97f4651a0409bbd96e276108e599013f', 'status': '01', 'description': 'Objeto saiu para entrega ao destinatário', 'trackerType': '27bb7dfdbe0de2d482d1c37c3fe5bfe3', 'from': '5b0d7d8f973da03ceb882a895cd4f71b', 'to': '6adf97f83acf6453d4a6a4b1070f3754'}]"
U,6739db30d5c680c4a3ea3bfa6d008eaa,1691442265,1693824983,1693824983,"[{'createdAt': {'$date': 1691427469000}, 'trackingCode': 'bce3f4ba6137fed616b8d4741c45acc1', 'status': '09', 'description': 'Objeto postado após o horário limite da unidade', 'trackerType': '27bb7dfdbe0de2d482d1c37c3fe5bfe3', 'from': '3a0395ac6e01c12d412fc90dd6152485', 'to': '6adf97f83acf6453d4a6a4b1070f3754'}, {'createdAt': {'$date': 1693304897000}, 'trackingCode': 'bce3f4ba6137fed616b8d4741c45acc1', 'status': '01', 'description': 'Objeto saiu para entrega ao destinatário', 'trackerType': '27bb7dfdbe0de2d482d1c37c3fe5bfe3', 'from': '7be291d47b40330aba237c4c1441efc1', 'to': '6adf97f83acf6453d4a6a4b1070f3754'}, {'createdAt': {'$date': 1693321484000}, 'trackingCode': 'bce3f4ba6137fed616b8d4741c45acc1', 'status': '01', 'description': 'Objeto entregue ao destinatário', 'trackerType': '27bb7dfdbe0de2d482d1c37c3fe5bfe3', 'from': '7be291d47b40330aba237c4c1441efc1', 'to': '6adf97f83acf6453d4a6a4b1070f3754'}]"
U,920ab4346a0815958f42d9e45e123794,1692569485,1693824983,1693824983,"[{'createdAt': {'$date': 1691815275000}, 'trackingCode': '3c0bb5975662887382b5c820d6b49ae7', 'status': '01', 'description': 'Objeto em trânsito - por favor aguarde', 'trackerType': '27bb7dfdbe0de2d482d1c37c3fe5bfe3', 'from': '14715bd2acdbd6d389ce8747d560689a', 'to': 'ff0a3fd77170c8ad7d05463a39c4d1cd'}, {'createdAt': {'$date': 1691412277000}, 'trackingCode': '3c0bb5975662887382b5c820d6b49ae7', 'status': '01', 'description': 'Objeto em trânsito - por favor aguarde', 'trackerType': '27bb7dfdbe0de2d482d1c37c3fe5bfe3', 'from': '19f61c9bfe1f048ab353e403dfde3103', 'to': '14715bd2acdbd6d389ce8747d560689a'}, {'createdAt': {'$date': 1691411585000}, 'trackingCode': '3c0bb5975662887382b5c820d6b49ae7', 'status': '10', 'description': 'Fiscalização aduaneira finalizada', 'trackerType': '27bb7dfdbe0de2d482d1c37c3fe5bfe3', 'from': '8f858ee1067df0a89292373651e6c73e', 'to': '6adf97f83acf6453d4a6a4b1070f3754'}, {'createdAt': {'$date': 1691228386000}, 'trackingCode': '3c0bb5975662887382b5c820d6b49ae7', 'status': '16', 'description': 'Objeto recebido pelos Correios do Brasil', 'trackerType': '27bb7dfdbe0de2d482d1c37c3fe5bfe3', 'from': '8f858ee1067df0a89292373651e6c73e', 'to': '6adf97f83acf6453d4a6a4b1070f3754'}, {'createdAt': {'$date': 1690902840000}, 'trackingCode': '3c0bb5975662887382b5c820d6b49ae7', 'status': '01', 'description': 'Objeto em trânsito - por favor aguarde', 'trackerType': '27bb7dfdbe0de2d482d1c37c3fe5bfe3', 'from': 'f0aa1982f61314b9aab258c2f110ebab', 'to': 'fab9ec2163f1d49c0421e3d6bb8e760b'}, {'createdAt': {'$date': 1690901280000}, 'trackingCode': '3c0bb5975662887382b5c820d6b49ae7', 'status': '18', 'description': 'Objeto recebido na unidade de exportação no país de origem', 'trackerType': '27bb7dfdbe0de2d482d1c37c3fe5bfe3', 'from': 'f0aa1982f61314b9aab258c2f110ebab', 'to': '6adf97f83acf6453d4a6a4b1070f3754'}, {'createdAt': {'$date': 1690901220000}, 'trackingCode': '3c0bb5975662887382b5c820d6b49ae7', 'status': '01', 'description': 'Objeto postado', 'trackerType': '27bb7dfdbe0de2d482d1c37c3fe5bfe3', 'from': 'f0aa1982f61314b9aab258c2f110ebab', 'to': '6adf97f83acf6453d4a6a4b1070f3754'}, {'createdAt': {'$date': 1692959801000}, 'trackingCode': '3c0bb5975662887382b5c820d6b49ae7', 'status': '01', 'description': 'Objeto saiu para entrega ao destinatário', 'trackerType': '27bb7dfdbe0de2d482d1c37c3fe5bfe3', 'from': 'ff0a3fd77170c8ad7d05463a39c4d1cd', 'to': '6adf97f83acf6453d4a6a4b1070f3754'}, {'createdAt': {'$date': 1692982012000}, 'trackingCode': '3c0bb5975662887382b5c820d6b49ae7', 'status': '46', 'description': 'Tentativa de entrega não efetuada', 'trackerType': '27bb7dfdbe0de2d482d1c37c3fe5bfe3', 'from': 'ff0a3fd77170c8ad7d05463a39c4d1cd', 'to': '6adf97f83acf6453d4a6a4b1070f3754'}, {'createdAt': {'$date': 1693305173000}, 'trackingCode': '3c0bb5975662887382b5c820d6b49ae7', 'status': '01', 'description': 'Objeto saiu para entrega ao destinatário', 'trackerType': '27bb7dfdbe0de2d482d1c37c3fe5bfe3', 'from': 'ff0a3fd77170c8ad7d05463a39c4d1cd', 'to': '6adf97f83acf6453d4a6a4b1070f3754'}, {'createdAt': {'$date': 1693324547000}, 'trackingCode': '3c0bb5975662887382b5c820d6b49ae7', 'status': '20', 'description': 'Objeto não entregue - carteiro não atendido', 'trackerType': '27bb7dfdbe0de2d482d1c37c3fe5bfe3', 'from': 'ff0a3fd77170c8ad7d05463a39c4d1cd', 'to': '6adf97f83acf6453d4a6a4b1070f3754'}, {'createdAt': {'$date': 1693479603000}, 'trackingCode': '3c0bb5975662887382b5c820d6b49ae7', 'status': '01', 'description': 'Objeto saiu para entrega ao destinatário', 'trackerType': '27bb7dfdbe0de2d482d1c37c3fe5bfe3', 'from': 'ff0a3fd77170c8ad7d05463a39c4d1cd', 'to': '6adf97f83acf6453d4a6a4b1070f3754'}, {'createdAt': {'$date': 1693498707000}, 'trackingCode': '3c0bb5975662887382b5c820d6b49ae7', 'status': '01', 'description': 'Objeto entregue ao destinatário', 'trackerType': '27bb7dfdbe0de2d482d1c37c3fe5bfe3', 'from': 'ff0a3fd77170c8ad7d05463a39c4d1cd', 'to': '6adf97f83acf6453d4a6a4b1070f3754'}]"
U,ca6be3d2da3dc0b05b0ec064e434ec17,1693661970,1693824983,1693824983,"[{'createdAt': {'$date': 1693409984000}, 'trackingCode': '4d005036c4a197a4d421b65a814a5bf2', 'status': '01', 'description': 'Objeto entregue ao destinatário', 'trackerType': '27bb7dfdbe0de2d482d1c37c3fe5bfe3', 'from': '0f293a952ac9ca7c68bc34259ede7764', 'to': '6adf97f83acf6453d4a6a4b1070f3754'}, {'createdAt': {'$date': 1693409950000}, 'trackingCode': '4d005036c4a197a4d421b65a814a5bf2', 'status': '58', 'description': 'Objeto será entregue em instantes', 'trackerType': '27bb7dfdbe0de2d482d1c37c3fe5bfe3', 'from': '0f293a952ac9ca7c68bc34259ede7764', 'to': '6adf97f83acf6453d4a6a4b1070f3754'}, {'createdAt': {'$date': 1693390773000}, 'trackingCode': '4d005036c4a197a4d421b65a814a5bf2', 'status': '03', 'description': 'Objeto está em rota de entrega', 'trackerType': '27bb7dfdbe0de2d482d1c37c3fe5bfe3', 'from': '0f293a952ac9ca7c68bc34259ede7764', 'to': '6adf97f83acf6453d4a6a4b1070f3754'}, {'createdAt': {'$date': 1693231040000}, 'trackingCode': '4d005036c4a197a4d421b65a814a5bf2', 'status': '01', 'description': 'Objeto em trânsito - por favor aguarde', 'trackerType': '27bb7dfdbe0de2d482d1c37c3fe5bfe3', 'from': 'e0e884b320d7340e331862ed6772b798', 'to': '0f293a952ac9ca7c68bc34259ede7764'}, {'createdAt': {'$date': 1692951671000}, 'trackingCode': '4d005036c4a197a4d421b65a814a5bf2', 'status': '01', 'description': 'Objeto em trânsito - por favor aguarde', 'trackerType': '27bb7dfdbe0de2d482d1c37c3fe5bfe3', 'from': '44d02c36e6691bb8faacd16784348114', 'to': 'e0e884b320d7340e331862ed6772b798'}, {'createdAt': {'$date': 1692951670000}, 'trackingCode': '4d005036c4a197a4d421b65a814a5bf2', 'status': '10', 'description': 'Fiscalização aduaneira finalizada', 'trackerType': '27bb7dfdbe0de2d482d1c37c3fe5bfe3', 'from': '44d02c36e6691bb8faacd16784348114', 'to': '6adf97f83acf6453d4a6a4b1070f3754'}, {'createdAt': {'$date': 1692947529000}, 'trackingCode': '4d005036c4a197a4d421b65a814a5bf2', 'status': '16', 'description': 'Objeto recebido pelos Correios do Brasil', 'trackerType': '27bb7dfdbe0de2d482d1c37c3fe5bfe3', 'from': '44d02c36e6691bb8faacd16784348114', 'to': '6adf97f83acf6453d4a6a4b1070f3754'}, {'createdAt': {'$date': 1692432118000}, 'trackingCode': '4d005036c4a197a4d421b65a814a5bf2', 'status': '01', 'description': 'Objeto postado', 'trackerType': '27bb7dfdbe0de2d482d1c37c3fe5bfe3', 'from': 'f0aa1982f61314b9aab258c2f110ebab', 'to': '6adf97f83acf6453d4a6a4b1070f3754'}]"
U,327fa28284f7584ab3c2705f0948eb70,1691162148,1693824983,1693824983,"[{'createdAt': {'$date': 1691142410000}, 'trackingCode': '31827f834adae09c3495d768922f7627', 'status': '01', 'description': 'Objeto postado', 'trackerType': '27bb7dfdbe0de2d482d1c37c3fe5bfe3', 'from': 'f5c4ce0dcc8ac6aeecf5762bb073ee55', 'to': '6adf97f83acf6453d4a6a4b1070f3754'}, {'createdAt': {'$date': 1691169692000}, 'trackingCode': '31827f834adae09c3495d768922f7627', 'status': '01', 'description': 'Objeto em trânsito - por favor aguarde', 'trackerType': '27bb7dfdbe0de2d482d1c37c3fe5bfe3', 'from': 'f5c4ce0dcc8ac6aeecf5762bb073ee55', 'to': '1f4ec826839b13b3dd1eb1de9e8688a6'}, {'createdAt': {'$date': 1691418682000}, 'trackingCode': '31827f834adae09c3495d768922f7627', 'status': '01', 'description': 'Objeto em trânsito - por favor aguarde', 'trackerType': '27bb7dfdbe0de2d482d1c37c3fe5bfe3', 'from': '9c503ecc4f113471367063483aca15c7', 'to': 'd29b01170389a24f6563d4157d8a11ba'}, {'createdAt': {'$date': 1691672949000}, 'trackingCode': '31827f834adae09c3495d768922f7627', 'status': '01', 'description': 'Objeto entregue ao destinatário', 'trackerType': '27bb7dfdbe0de2d482d1c37c3fe5bfe3', 'from': '5b0d7d8f973da03ceb882a895cd4f71b', 'to': '6adf97f83acf6453d4a6a4b1070f3754'}, {'createdAt': {'$date': 1691663355000}, 'trackingCode': '31827f834adae09c3495d768922f7627', 'status': '01', 'description': 'Objeto saiu para entrega ao destinatário', 'trackerType': '27bb7dfdbe0de2d482d1c37c3fe5bfe3', 'from': '5b0d7d8f973da03ceb882a895cd4f71b', 'to': '6adf97f83acf6453d4a6a4b1070f3754'}, {'createdAt': {'$date': 1691593619000}, 'trackingCode': '31827f834adae09c3495d768922f7627', 'status': '01', 'description': 'Objeto em trânsito - por favor aguarde', 'trackerType': '27bb7dfdbe0de2d482d1c37c3fe5bfe3', 'from': 'd29b01170389a24f6563d4157d8a11ba', 'to': '5b0d7d8f973da03ceb882a895cd4f71b'}]"
U,ef20d4b777410d8d6b9089b8d6c24530,1693510377,1693824983,1693824983,"[{'createdAt': {'$date': 1693501499000}, 'trackingCode': 'e953ac2bb4d6bb306714b3173d777013', 'status': None, 'description': 'EMISSAO', 'trackerType': '202591c2658eb8db7d1c57e1273cd270', 'from': 'c58978e08ce8f001c823f9f536b0261e', 'to': '6adf97f83acf6453d4a6a4b1070f3754'}, {'createdAt': {'$date': 1693501504000}, 'trackingCode': 'e953ac2bb4d6bb306714b3173d777013', 'status': None, 'description': 'TRANSFERENCIA', 'trackerType': '202591c2658eb8db7d1c57e1273cd270', 'from': 'c58978e08ce8f001c823f9f536b0261e', 'to': '6adf97f83acf6453d4a6a4b1070f3754'}, {'createdAt': {'$date': 1693532399000}, 'trackingCode': 'e953ac2bb4d6bb306714b3173d777013', 'status': None, 'description': 'ENTRADA', 'trackerType': '202591c2658eb8db7d1c57e1273cd270', 'from': 'fac929278c0e5ba967802153ba729336', 'to': '6adf97f83acf6453d4a6a4b1070f3754'}, {'createdAt': {'$date': 1693540467000}, 'trackingCode': 'e953ac2bb4d6bb306714b3173d777013', 'status': None, 'description': 'TRANSFERENCIA', 'trackerType': '202591c2658eb8db7d1c57e1273cd270', 'from': 'fac929278c0e5ba967802153ba729336', 'to': '6adf97f83acf6453d4a6a4b1070f3754'}, {'createdAt': {'$date': 1693545046000}, 'trackingCode': 'e953ac2bb4d6bb306714b3173d777013', 'status': None, 'description': 'TRANSFERENCIA', 'trackerType': '202591c2658eb8db7d1c57e1273cd270', 'from': 'fac929278c0e5ba967802153ba729336', 'to': '6adf97f83acf6453d4a6a4b1070f3754'}]"
U,bbc4aaf0ce358a92e9303bb32028f905,1690823333,1693824983,1693824983,"[{'createdAt': {'$date': 1690831348000}, 'trackingCode': '6255c8af22c997d5fa6fb69eb829dbc5', 'status': '13', 'description': 'O pacote foi confirmado em uma base da Loggi e vai ser preparado para transferência.', 'trackerType': 'a302942c7f755f858bd9a6c0c6be98fb', 'from': '86861fb88eef7616a70646b7cc8b4cc9', 'to': '6adf97f83acf6453d4a6a4b1070f3754'}, {'createdAt': {'$date': 1690811310000}, 'trackingCode': '6255c8af22c997d5fa6fb69eb829dbc5', 'status': '1', 'description': 'A etiqueta de envio já foi criada e o pacote está pronto para a coleta.', 'trackerType': 'a302942c7f755f858bd9a6c0c6be98fb', 'from': '86861fb88eef7616a70646b7cc8b4cc9', 'to': '6adf97f83acf6453d4a6a4b1070f3754'}, {'createdAt': {'$date': 1690843318000}, 'trackingCode': '6255c8af22c997d5fa6fb69eb829dbc5', 'status': '16', 'description': 'O pacote está em transferência de uma base para outra.', 'trackerType': 'a302942c7f755f858bd9a6c0c6be98fb', 'from': '6adf97f83acf6453d4a6a4b1070f3754', 'to': '6adf97f83acf6453d4a6a4b1070f3754'}, {'createdAt': {'$date': 1690842329000}, 'trackingCode': '6255c8af22c997d5fa6fb69eb829dbc5', 'status': '3', 'description': 'O pacote está em uma base e, em breve, vai estar em transferência.', 'trackerType': 'a302942c7f755f858bd9a6c0c6be98fb', 'from': '6adf97f83acf6453d4a6a4b1070f3754', 'to': '6adf97f83acf6453d4a6a4b1070f3754'}, {'createdAt': {'$date': 1690860341000}, 'trackingCode': '6255c8af22c997d5fa6fb69eb829dbc5', 'status': '15', 'description': 'O pacote já teve suas dimensões conferidas.', 'trackerType': 'a302942c7f755f858bd9a6c0c6be98fb', 'from': '78a32fcc48731cfdbb11966d312f5f4f', 'to': '6adf97f83acf6453d4a6a4b1070f3754'}, {'createdAt': {'$date': 1690869425000}, 'trackingCode': '6255c8af22c997d5fa6fb69eb829dbc5', 'status': '3', 'description': 'O pacote está em uma base e, em breve, vai estar em transferência.', 'trackerType': 'a302942c7f755f858bd9a6c0c6be98fb', 'from': '6adf97f83acf6453d4a6a4b1070f3754', 'to': '6adf97f83acf6453d4a6a4b1070f3754'}, {'createdAt': {'$date': 1690874598000}, 'trackingCode': '6255c8af22c997d5fa6fb69eb829dbc5', 'status': '16', 'description': 'O pacote está em transferência de uma base para outra.', 'trackerType': 'a302942c7f755f858bd9a6c0c6be98fb', 'from': '6adf97f83acf6453d4a6a4b1070f3754', 'to': '6adf97f83acf6453d4a6a4b1070f3754'}, {'createdAt': {'$date': 1690896850000}, 'trackingCode': '6255c8af22c997d5fa6fb69eb829dbc5', 'status': '17', 'description': 'Tudo certo, o pacote está em uma base da Loggi.', 'trackerType': 'a302942c7f755f858bd9a6c0c6be98fb', 'from': '6adf97f83acf6453d4a6a4b1070f3754', 'to': '6adf97f83acf6453d4a6a4b1070f3754'}, {'createdAt': {'$date': 1691068072000}, 'trackingCode': '6255c8af22c997d5fa6fb69eb829dbc5', 'status': '11', 'description': 'O pacote está a caminho.', 'trackerType': 'a302942c7f755f858bd9a6c0c6be98fb', 'from': '6adf97f83acf6453d4a6a4b1070f3754', 'to': '6adf97f83acf6453d4a6a4b1070f3754'}, {'createdAt': {'$date': 1691071729000}, 'trackingCode': '6255c8af22c997d5fa6fb69eb829dbc5', 'status': '5', 'description': 'O pacote chegou ao destino final.', 'trackerType': 'a302942c7f755f858bd9a6c0c6be98fb', 'from': '6adf97f83acf6453d4a6a4b1070f3754', 'to': '6adf97f83acf6453d4a6a4b1070f3754'}]"
U,90a09045ac347e3f7c89f921049eb067,1691777439,1693824983,1693824983,"[{'createdAt': {'$date': 1691775255000}, 'trackingCode': '06784d9ebb1c803d5812d980ef6b9fd9', 'status': None, 'description': 'EMISSAO', 'trackerType': '202591c2658eb8db7d1c57e1273cd270', 'from': 'ffec921740c7d27fd847dacc337d843c', 'to': '6adf97f83acf6453d4a6a4b1070f3754'}, {'createdAt': {'$date': 1691775334000}, 'trackingCode': '06784d9ebb1c803d5812d980ef6b9fd9', 'status': None, 'description': 'TRANSFERENCIA', 'trackerType': '202591c2658eb8db7d1c57e1273cd270', 'from': 'ffec921740c7d27fd847dacc337d843c', 'to': '6adf97f83acf6453d4a6a4b1070f3754'}, {'createdAt': {'$date': 1691830064000}, 'trackingCode': '06784d9ebb1c803d5812d980ef6b9fd9', 'status': None, 'description': 'ENTRADA', 'trackerType': '202591c2658eb8db7d1c57e1273cd270', 'from': '089607e1466a53ee58164c9974d00976', 'to': '6adf97f83acf6453d4a6a4b1070f3754'}, {'createdAt': {'$date': 1691873299000}, 'trackingCode': '06784d9ebb1c803d5812d980ef6b9fd9', 'status': None, 'description': 'TRANSFERENCIA', 'trackerType': '202591c2658eb8db7d1c57e1273cd270', 'from': 'daa9dcb5feb8f8cb8a0504889945846b', 'to': '6adf97f83acf6453d4a6a4b1070f3754'}, {'createdAt': {'$date': 1691873514000}, 'trackingCode': '06784d9ebb1c803d5812d980ef6b9fd9', 'status': None, 'description': 'TRANSFERENCIA', 'trackerType': '202591c2658eb8db7d1c57e1273cd270', 'from': 'fac929278c0e5ba967802153ba729336', 'to': '6adf97f83acf6453d4a6a4b1070f3754'}, {'createdAt': {'$date': 1691977273000}, 'trackingCode': '06784d9ebb1c803d5812d980ef6b9fd9', 'status': None, 'description': 'TRANSFERENCIA', 'trackerType': '202591c2658eb8db7d1c57e1273cd270', 'from': 'fac929278c0e5ba967802153ba729336', 'to': '6adf97f83acf6453d4a6a4b1070f3754'}, {'createdAt': {'$date': 1692013162000}, 'trackingCode': '06784d9ebb1c803d5812d980ef6b9fd9', 'status': None, 'description': 'ENTRADA', 'trackerType': '202591c2658eb8db7d1c57e1273cd270', 'from': 'a5d2708c8adb5a72670acce966ddff78', 'to': '6adf97f83acf6453d4a6a4b1070f3754'}, {'createdAt': {'$date': 1692013841000}, 'trackingCode': '06784d9ebb1c803d5812d980ef6b9fd9', 'status': None, 'description': 'EM ROTA', 'trackerType': '202591c2658eb8db7d1c57e1273cd270', 'from': 'a5d2708c8adb5a72670acce966ddff78', 'to': '6adf97f83acf6453d4a6a4b1070f3754'}, {'createdAt': {'$date': 1692023776000}, 'trackingCode': '06784d9ebb1c803d5812d980ef6b9fd9', 'status': None, 'description': 'ENTREGUE', 'trackerType': '202591c2658eb8db7d1c57e1273cd270', 'from': 'a5d2708c8adb5a72670acce966ddff78', 'to': '6adf97f83acf6453d4a6a4b1070f3754'}]"
U,6fa7556ea8ccf060b02751b02b0b2860,1690913335,1693824983,1693824983,"[{'createdAt': {'$date': 1690881276000}, 'trackingCode': 'c7802641366a6d598705a9fc2e4eb6a2', 'status': None, 'description': 'EMISSAO', 'trackerType': '202591c2658eb8db7d1c57e1273cd270', 'from': '5005d6a1304b12c6dcdf486dcdf16daa', 'to': '6adf97f83acf6453d4a6a4b1070f3754'}, {'createdAt': {'$date': 1690906389000}, 'trackingCode': 'c7802641366a6d598705a9fc2e4eb6a2', 'status': None, 'description': 'TRANSFERENCIA', 'trackerType': '202591c2658eb8db7d1c57e1273cd270', 'from': '5005d6a1304b12c6dcdf486dcdf16daa', 'to': '6adf97f83acf6453d4a6a4b1070f3754'}, {'createdAt': {'$date': 1690974994000}, 'trackingCode': 'c7802641366a6d598705a9fc2e4eb6a2', 'status': None, 'description': 'ENTRADA', 'trackerType': '202591c2658eb8db7d1c57e1273cd270', 'from': '84c77d7bc3fb1dd258da3c10bb2f8a27', 'to': '6adf97f83acf6453d4a6a4b1070f3754'}, {'createdAt': {'$date': 1690975439000}, 'trackingCode': 'c7802641366a6d598705a9fc2e4eb6a2', 'status': None, 'description': 'TRANSFERENCIA', 'trackerType': '202591c2658eb8db7d1c57e1273cd270', 'from': '84c77d7bc3fb1dd258da3c10bb2f8a27', 'to': '6adf97f83acf6453d4a6a4b1070f3754'}, {'createdAt': {'$date': 1690975448000}, 'trackingCode': 'c7802641366a6d598705a9fc2e4eb6a2', 'status': None, 'description': 'TRANSFERENCIA', 'trackerType': '202591c2658eb8db7d1c57e1273cd270', 'from': '84c77d7bc3fb1dd258da3c10bb2f8a27', 'to': '6adf97f83acf6453d4a6a4b1070f3754'}, {'createdAt': {'$date': 1690987364000}, 'trackingCode': 'c7802641366a6d598705a9fc2e4eb6a2', 'status': None, 'description': 'TRANSFERENCIA', 'trackerType': '202591c2658eb8db7d1c57e1273cd270', 'from': '84c77d7bc3fb1dd258da3c10bb2f8a27', 'to': '6adf97f83acf6453d4a6a4b1070f3754'}, {'createdAt': {'$date': 1690987661000}, 'trackingCode': 'c7802641366a6d598705a9fc2e4eb6a2', 'status': None, 'description': 'TRANSFERENCIA', 'trackerType': '202591c2658eb8db7d1c57e1273cd270', 'from': '84c77d7bc3fb1dd258da3c10bb2f8a27', 'to': '6adf97f83acf6453d4a6a4b1070f3754'}, {'createdAt': {'$date': 1691025324000}, 'trackingCode': 'c7802641366a6d598705a9fc2e4eb6a2', 'status': None, 'description': 'TRANSFERIDO PARA UNIDADE', 'trackerType': '202591c2658eb8db7d1c57e1273cd270', 'from': '84c77d7bc3fb1dd258da3c10bb2f8a27', 'to': '6adf97f83acf6453d4a6a4b1070f3754'}, {'createdAt': {'$date': 1691046219000}, 'trackingCode': 'c7802641366a6d598705a9fc2e4eb6a2', 'status': None, 'description': 'ENTRADA', 'trackerType': '202591c2658eb8db7d1c57e1273cd270', 'from': 'd1c9d4eb961a87051def7270d1ac0abb', 'to': '6adf97f83acf6453d4a6a4b1070f3754'}, {'createdAt': {'$date': 1691055165000}, 'trackingCode': 'c7802641366a6d598705a9fc2e4eb6a2', 'status': None, 'description': 'EM ROTA', 'trackerType': '202591c2658eb8db7d1c57e1273cd270', 'from': 'd1c9d4eb961a87051def7270d1ac0abb', 'to': '6adf97f83acf6453d4a6a4b1070f3754'}, {'createdAt': {'$date': 1691075763000}, 'trackingCode': 'c7802641366a6d598705a9fc2e4eb6a2', 'status': None, 'description': 'ENTREGUE', 'trackerType': '202591c2658eb8db7d1c57e1273cd270', 'from': 'd1c9d4eb961a87051def7270d1ac0abb', 'to': '6adf97f83acf6453d4a6a4b1070f3754'}]"
U,edacbef0829b25c7fd5c34ca1f84b247,1690455873,1693824983,1693824983,"[{'createdAt': {'$date': 1690453291000}, 'trackingCode': 'c49bb349dd333fd8f73bd9e8f4d87eaf', 'status': '102', 'description': 'Informação do Envio enviado à Azul Cargo Express (CT-e emitido)\t', 'trackerType': '3b24fa7e14555a1912e5bc2198f8e075', 'from': '3dc1bef943fefbe49fbf124ae8a59bec', 'to': '6adf97f83acf6453d4a6a4b1070f3754'}, {'createdAt': {'$date': 1690484543000}, 'trackingCode': 'c49bb349dd333fd8f73bd9e8f4d87eaf', 'status': '104', 'description': 'Deixou a unidade Azul Cargo Express\t', 'trackerType': '3b24fa7e14555a1912e5bc2198f8e075', 'from': '3dc1bef943fefbe49fbf124ae8a59bec', 'to': '6adf97f83acf6453d4a6a4b1070f3754'}, {'createdAt': {'$date': 1690484550000}, 'trackingCode': 'c49bb349dd333fd8f73bd9e8f4d87eaf', 'status': '134', 'description': 'Saída do voo\t', 'trackerType': '3b24fa7e14555a1912e5bc2198f8e075', 'from': '3dc1bef943fefbe49fbf124ae8a59bec', 'to': '6adf97f83acf6453d4a6a4b1070f3754'}, {'createdAt': {'$date': 1690512480000}, 'trackingCode': 'c49bb349dd333fd8f73bd9e8f4d87eaf', 'status': '137', 'description': 'Chegada do voo\t', 'trackerType': '3b24fa7e14555a1912e5bc2198f8e075', 'from': '89cb1e2fcbb5b49ca53cf4157f671587', 'to': '6adf97f83acf6453d4a6a4b1070f3754'}, {'createdAt': {'$date': 1690580869000}, 'trackingCode': 'c49bb349dd333fd8f73bd9e8f4d87eaf', 'status': '104', 'description': 'Deixou a unidade Azul Cargo Express\t', 'trackerType': '3b24fa7e14555a1912e5bc2198f8e075', 'from': '89cb1e2fcbb5b49ca53cf4157f671587', 'to': '6adf97f83acf6453d4a6a4b1070f3754'}, {'createdAt': {'$date': 1690580874000}, 'trackingCode': 'c49bb349dd333fd8f73bd9e8f4d87eaf', 'status': '134', 'description': 'Saída do voo\t', 'trackerType': '3b24fa7e14555a1912e5bc2198f8e075', 'from': '89cb1e2fcbb5b49ca53cf4157f671587', 'to': '6adf97f83acf6453d4a6a4b1070f3754'}, {'createdAt': {'$date': 1690589520000}, 'trackingCode': 'c49bb349dd333fd8f73bd9e8f4d87eaf', 'status': '137', 'description': 'Chegada do voo\t', 'trackerType': '3b24fa7e14555a1912e5bc2198f8e075', 'from': '562d8d0897940216b3de4dc91237e651', 'to': '6adf97f83acf6453d4a6a4b1070f3754'}, {'createdAt': {'$date': 1690608909000}, 'trackingCode': 'c49bb349dd333fd8f73bd9e8f4d87eaf', 'status': '142', 'description': 'Embarque no veículo para transferência ou em rota para entrega', 'trackerType': '3b24fa7e14555a1912e5bc2198f8e075', 'from': '562d8d0897940216b3de4dc91237e651', 'to': '6adf97f83acf6453d4a6a4b1070f3754'}, {'createdAt': {'$date': 1690608912000}, 'trackingCode': 'c49bb349dd333fd8f73bd9e8f4d87eaf', 'status': '133', 'description': 'Saida Do Veiculo', 'trackerType': '3b24fa7e14555a1912e5bc2198f8e075', 'from': '562d8d0897940216b3de4dc91237e651', 'to': '6adf97f83acf6453d4a6a4b1070f3754'}, {'createdAt': {'$date': 1690615140000}, 'trackingCode': 'c49bb349dd333fd8f73bd9e8f4d87eaf', 'status': '136', 'description': 'Chegou na Unidade Azul Cargo Express\t', 'trackerType': '3b24fa7e14555a1912e5bc2198f8e075', 'from': '3c9666f347f9ba1540e47b6fd1154508', 'to': '6adf97f83acf6453d4a6a4b1070f3754'}, {'createdAt': {'$date': 1690789842000}, 'trackingCode': 'c49bb349dd333fd8f73bd9e8f4d87eaf', 'status': '104', 'description': 'Deixou a unidade Azul Cargo Express\t', 'trackerType': '3b24fa7e14555a1912e5bc2198f8e075', 'from': '3c9666f347f9ba1540e47b6fd1154508', 'to': '6adf97f83acf6453d4a6a4b1070f3754'}, {'createdAt': {'$date': 1690790160000}, 'trackingCode': 'c49bb349dd333fd8f73bd9e8f4d87eaf', 'status': '133', 'description': 'Saida Do Veiculo', 'trackerType': '3b24fa7e14555a1912e5bc2198f8e075', 'from': '3c9666f347f9ba1540e47b6fd1154508', 'to': '6adf97f83acf6453d4a6a4b1070f3754'}, {'createdAt': {'$date': 1690805718000}, 'trackingCode': 'c49bb349dd333fd8f73bd9e8f4d87eaf', 'status': '01', 'description': 'Remessa entregue', 'trackerType': '3b24fa7e14555a1912e5bc2198f8e075', 'from': '6adf97f83acf6453d4a6a4b1070f3754', 'to': '6adf97f83acf6453d4a6a4b1070f3754'}]"
U,d8c569bcced9265055cb40e0d9554208,1691444238,1693824983,1693824983,"[{'createdAt': {'$date': 1691406038000}, 'trackingCode': 'f7b9cdf2dbffd674a8ba4d1f98305a96', 'status': '01', 'description': 'Objeto aguardando retirada no endereço indicado', 'trackerType': '27bb7dfdbe0de2d482d1c37c3fe5bfe3', 'from': 'd79c40b98b1e922fbd7323e340a645b2', 'to': '6adf97f83acf6453d4a6a4b1070f3754'}, {'createdAt': {'$date': 1691396823000}, 'trackingCode': 'f7b9cdf2dbffd674a8ba4d1f98305a96', 'status': '01', 'description': 'Objeto em trânsito - por favor aguarde', 'trackerType': '27bb7dfdbe0de2d482d1c37c3fe5bfe3', 'from': '6431f701316d4d6932729b9e14139829', 'to': 'd79c40b98b1e922fbd7323e340a645b2'}, {'createdAt': {'$date': 1691152358000}, 'trackingCode': 'f7b9cdf2dbffd674a8ba4d1f98305a96', 'status': '02', 'description': 'Objeto não entregue - carteiro não atendido', 'trackerType': '27bb7dfdbe0de2d482d1c37c3fe5bfe3', 'from': '6431f701316d4d6932729b9e14139829', 'to': '6adf97f83acf6453d4a6a4b1070f3754'}, {'createdAt': {'$date': 1691138297000}, 'trackingCode': 'f7b9cdf2dbffd674a8ba4d1f98305a96', 'status': '01', 'description': 'Objeto saiu para entrega ao destinatário', 'trackerType': '27bb7dfdbe0de2d482d1c37c3fe5bfe3', 'from': '6431f701316d4d6932729b9e14139829', 'to': '6adf97f83acf6453d4a6a4b1070f3754'}, {'createdAt': {'$date': 1691074612000}, 'trackingCode': 'f7b9cdf2dbffd674a8ba4d1f98305a96', 'status': '20', 'description': 'Objeto não entregue - carteiro não atendido', 'trackerType': '27bb7dfdbe0de2d482d1c37c3fe5bfe3', 'from': '6431f701316d4d6932729b9e14139829', 'to': '6adf97f83acf6453d4a6a4b1070f3754'}, {'createdAt': {'$date': 1691074605000}, 'trackingCode': 'f7b9cdf2dbffd674a8ba4d1f98305a96', 'status': '58', 'description': 'Objeto será entregue em instantes', 'trackerType': '27bb7dfdbe0de2d482d1c37c3fe5bfe3', 'from': '6431f701316d4d6932729b9e14139829', 'to': '6adf97f83acf6453d4a6a4b1070f3754'}, {'createdAt': {'$date': 1691051525000}, 'trackingCode': 'f7b9cdf2dbffd674a8ba4d1f98305a96', 'status': '03', 'description': 'Objeto está em rota de entrega', 'trackerType': '27bb7dfdbe0de2d482d1c37c3fe5bfe3', 'from': '6431f701316d4d6932729b9e14139829', 'to': '6adf97f83acf6453d4a6a4b1070f3754'}, {'createdAt': {'$date': 1691037231000}, 'trackingCode': 'f7b9cdf2dbffd674a8ba4d1f98305a96', 'status': '01', 'description': 'Objeto em trânsito - por favor aguarde', 'trackerType': '27bb7dfdbe0de2d482d1c37c3fe5bfe3', 'from': '602dc02c57b3966644d1761d01a27a43', 'to': '6431f701316d4d6932729b9e14139829'}, {'createdAt': {'$date': 1690959009000}, 'trackingCode': 'f7b9cdf2dbffd674a8ba4d1f98305a96', 'status': '01', 'description': 'Objeto em trânsito - por favor aguarde', 'trackerType': '27bb7dfdbe0de2d482d1c37c3fe5bfe3', 'from': '9c503ecc4f113471367063483aca15c7', 'to': '602dc02c57b3966644d1761d01a27a43'}, {'createdAt': {'$date': 1690625766000}, 'trackingCode': 'f7b9cdf2dbffd674a8ba4d1f98305a96', 'status': '01', 'description': 'Objeto em trânsito - por favor aguarde', 'trackerType': '27bb7dfdbe0de2d482d1c37c3fe5bfe3', 'from': '44d02c36e6691bb8faacd16784348114', 'to': '9c503ecc4f113471367063483aca15c7'}, {'createdAt': {'$date': 1690625765000}, 'trackingCode': 'f7b9cdf2dbffd674a8ba4d1f98305a96', 'status': '10', 'description': 'Fiscalização aduaneira finalizada', 'trackerType': '27bb7dfdbe0de2d482d1c37c3fe5bfe3', 'from': '44d02c36e6691bb8faacd16784348114', 'to': '6adf97f83acf6453d4a6a4b1070f3754'}, {'createdAt': {'$date': 1690356547000}, 'trackingCode': 'f7b9cdf2dbffd674a8ba4d1f98305a96', 'status': '16', 'description': 'Objeto recebido pelos Correios do Brasil', 'trackerType': '27bb7dfdbe0de2d482d1c37c3fe5bfe3', 'from': '44d02c36e6691bb8faacd16784348114', 'to': '6adf97f83acf6453d4a6a4b1070f3754'}, {'createdAt': {'$date': 1690159054000}, 'trackingCode': 'f7b9cdf2dbffd674a8ba4d1f98305a96', 'status': '01', 'description': 'Objeto postado', 'trackerType': '27bb7dfdbe0de2d482d1c37c3fe5bfe3', 'from': 'f0aa1982f61314b9aab258c2f110ebab', 'to': '6adf97f83acf6453d4a6a4b1070f3754'}, {'createdAt': {'$date': 1691514533000}, 'trackingCode': 'f7b9cdf2dbffd674a8ba4d1f98305a96', 'status': '01', 'description': 'Objeto entregue ao destinatário', 'trackerType': '27bb7dfdbe0de2d482d1c37c3fe5bfe3', 'from': 'd79c40b98b1e922fbd7323e340a645b2', 'to': '6adf97f83acf6453d4a6a4b1070f3754'}]"
U,6b2b3f865483ec0fc95415194962d5a5,1689800059,1693824983,1693824983,"[{'createdAt': {'$date': 1689786651000}, 'trackingCode': 'e3f0f699dae829f0631660a0c39eec46', 'status': None, 'description': 'EMISSAO', 'trackerType': '202591c2658eb8db7d1c57e1273cd270', 'from': '63c3f67dd0a0513f28dd3837940b64e9', 'to': '6adf97f83acf6453d4a6a4b1070f3754'}, {'createdAt': {'$date': 1689789256000}, 'trackingCode': 'e3f0f699dae829f0631660a0c39eec46', 'status': None, 'description': 'TRANSFERENCIA', 'trackerType': '202591c2658eb8db7d1c57e1273cd270', 'from': '63c3f67dd0a0513f28dd3837940b64e9', 'to': '6adf97f83acf6453d4a6a4b1070f3754'}, {'createdAt': {'$date': 1689860027000}, 'trackingCode': 'e3f0f699dae829f0631660a0c39eec46', 'status': None, 'description': 'ENTRADA', 'trackerType': '202591c2658eb8db7d1c57e1273cd270', 'from': 'fac929278c0e5ba967802153ba729336', 'to': '6adf97f83acf6453d4a6a4b1070f3754'}, {'createdAt': {'$date': 1690013356000}, 'trackingCode': 'e3f0f699dae829f0631660a0c39eec46', 'status': None, 'description': 'ENTRADA', 'trackerType': '202591c2658eb8db7d1c57e1273cd270', 'from': 'ce40e6b020cc2e13fffdd18cc49ba471', 'to': '6adf97f83acf6453d4a6a4b1070f3754'}, {'createdAt': {'$date': 1690019029000}, 'trackingCode': 'e3f0f699dae829f0631660a0c39eec46', 'status': None, 'description': 'EM ROTA', 'trackerType': '202591c2658eb8db7d1c57e1273cd270', 'from': 'ce40e6b020cc2e13fffdd18cc49ba471', 'to': '6adf97f83acf6453d4a6a4b1070f3754'}, {'createdAt': {'$date': 1690023683000}, 'trackingCode': 'e3f0f699dae829f0631660a0c39eec46', 'status': None, 'description': 'ENTREGUE', 'trackerType': '202591c2658eb8db7d1c57e1273cd270', 'from': 'ce40e6b020cc2e13fffdd18cc49ba471', 'to': '6adf97f83acf6453d4a6a4b1070f3754'}]"
U,d9d0f3163b3037863b9678a924800f5d,1691203473,1693824983,1693824983,"[{'createdAt': {'$date': 1691169813000}, 'trackingCode': '4389ca89283e0a51080f2a9ee3c51894', 'status': None, 'description': 'EMISSAO', 'trackerType': '202591c2658eb8db7d1c57e1273cd270', 'from': 'de4584250bfc61f46e8b57b9825b1a3f', 'to': '6adf97f83acf6453d4a6a4b1070f3754'}, {'createdAt': {'$date': 1691179279000}, 'trackingCode': '4389ca89283e0a51080f2a9ee3c51894', 'status': None, 'description': 'TRANSFERENCIA', 'trackerType': '202591c2658eb8db7d1c57e1273cd270', 'from': 'cb54cd0a002b5c10c32699bc564e44e3', 'to': '6adf97f83acf6453d4a6a4b1070f3754'}, {'createdAt': {'$date': 1691251889000}, 'trackingCode': '4389ca89283e0a51080f2a9ee3c51894', 'status': None, 'description': 'ENTRADA', 'trackerType': '202591c2658eb8db7d1c57e1273cd270', 'from': 'edf72333f8c835fb3fdd6bff617a4d65', 'to': '6adf97f83acf6453d4a6a4b1070f3754'}, {'createdAt': {'$date': 1691271125000}, 'trackingCode': '4389ca89283e0a51080f2a9ee3c51894', 'status': None, 'description': 'TRANSFERENCIA', 'trackerType': '202591c2658eb8db7d1c57e1273cd270', 'from': 'edf72333f8c835fb3fdd6bff617a4d65', 'to': '6adf97f83acf6453d4a6a4b1070f3754'}, {'createdAt': {'$date': 1691418644000}, 'trackingCode': '4389ca89283e0a51080f2a9ee3c51894', 'status': None, 'description': 'TRANSFERENCIA', 'trackerType': '202591c2658eb8db7d1c57e1273cd270', 'from': 'fac929278c0e5ba967802153ba729336', 'to': '6adf97f83acf6453d4a6a4b1070f3754'}, {'createdAt': {'$date': 1691554960000}, 'trackingCode': '4389ca89283e0a51080f2a9ee3c51894', 'status': None, 'description': 'ENTRADA', 'trackerType': '202591c2658eb8db7d1c57e1273cd270', 'from': 'd9177b94e444be78fad116b8e828a2a0', 'to': '6adf97f83acf6453d4a6a4b1070f3754'}, {'createdAt': {'$date': 1691557346000}, 'trackingCode': '4389ca89283e0a51080f2a9ee3c51894', 'status': None, 'description': 'TRANSFERENCIA', 'trackerType': '202591c2658eb8db7d1c57e1273cd270', 'from': 'd9177b94e444be78fad116b8e828a2a0', 'to': '6adf97f83acf6453d4a6a4b1070f3754'}, {'createdAt': {'$date': 1691558359000}, 'trackingCode': '4389ca89283e0a51080f2a9ee3c51894', 'status': None, 'description': 'TRANSFERENCIA', 'trackerType': '202591c2658eb8db7d1c57e1273cd270', 'from': 'd9177b94e444be78fad116b8e828a2a0', 'to': '6adf97f83acf6453d4a6a4b1070f3754'}, {'createdAt': {'$date': 1691558795000}, 'trackingCode': '4389ca89283e0a51080f2a9ee3c51894', 'status': None, 'description': 'TRANSFERENCIA', 'trackerType': '202591c2658eb8db7d1c57e1273cd270', 'from': 'd9177b94e444be78fad116b8e828a2a0', 'to': '6adf97f83acf6453d4a6a4b1070f3754'}, {'createdAt': {'$date': 1691559942000}, 'trackingCode': '4389ca89283e0a51080f2a9ee3c51894', 'status': None, 'description': 'TRANSFERIDO PARA UNIDADE', 'trackerType': '202591c2658eb8db7d1c57e1273cd270', 'from': 'd9177b94e444be78fad116b8e828a2a0', 'to': '6adf97f83acf6453d4a6a4b1070f3754'}, {'createdAt': {'$date': 1691576777000}, 'trackingCode': '4389ca89283e0a51080f2a9ee3c51894', 'status': None, 'description': 'ENTRADA', 'trackerType': '202591c2658eb8db7d1c57e1273cd270', 'from': 'afbd19dda29fa26ab726b4a5b6a1a25e', 'to': '6adf97f83acf6453d4a6a4b1070f3754'}, {'createdAt': {'$date': 1691589093000}, 'trackingCode': '4389ca89283e0a51080f2a9ee3c51894', 'status': None, 'description': 'EM ROTA', 'trackerType': '202591c2658eb8db7d1c57e1273cd270', 'from': 'afbd19dda29fa26ab726b4a5b6a1a25e', 'to': '6adf97f83acf6453d4a6a4b1070f3754'}, {'createdAt': {'$date': 1691672446000}, 'trackingCode': '4389ca89283e0a51080f2a9ee3c51894', 'status': None, 'description': 'ENTREGUE', 'trackerType': '202591c2658eb8db7d1c57e1273cd270', 'from': 'afbd19dda29fa26ab726b4a5b6a1a25e', 'to': '6adf97f83acf6453d4a6a4b1070f3754'}]"
U,ceca2f028a148e0741135de6533a4257,1690956634,1693824983,1693824983,"[{'createdAt': {'$date': 1690924238000}, 'trackingCode': '5785c36642cc664e66715b164ff9e30f', 'status': None, 'description': 'EMISSAO', 'trackerType': '202591c2658eb8db7d1c57e1273cd270', 'from': 'c33e4ea1cfb7c47dd8b66d160e2eaeeb', 'to': '6adf97f83acf6453d4a6a4b1070f3754'}, {'createdAt': {'$date': 1690949756000}, 'trackingCode': '5785c36642cc664e66715b164ff9e30f', 'status': None, 'description': 'TRANSFERENCIA', 'trackerType': '202591c2658eb8db7d1c57e1273cd270', 'from': 'c33e4ea1cfb7c47dd8b66d160e2eaeeb', 'to': '6adf97f83acf6453d4a6a4b1070f3754'}, {'createdAt': {'$date': 1690984457000}, 'trackingCode': '5785c36642cc664e66715b164ff9e30f', 'status': None, 'description': 'ENTRADA', 'trackerType': '202591c2658eb8db7d1c57e1273cd270', 'from': 'fac929278c0e5ba967802153ba729336', 'to': '6adf97f83acf6453d4a6a4b1070f3754'}, {'createdAt': {'$date': 1691209697000}, 'trackingCode': '5785c36642cc664e66715b164ff9e30f', 'status': None, 'description': 'TRANSFERENCIA', 'trackerType': '202591c2658eb8db7d1c57e1273cd270', 'from': 'fac929278c0e5ba967802153ba729336', 'to': '6adf97f83acf6453d4a6a4b1070f3754'}, {'createdAt': {'$date': 1691419999000}, 'trackingCode': '5785c36642cc664e66715b164ff9e30f', 'status': None, 'description': 'ENTRADA', 'trackerType': '202591c2658eb8db7d1c57e1273cd270', 'from': 'b29f0fd3de6fc841450ab88f5ee37b93', 'to': '6adf97f83acf6453d4a6a4b1070f3754'}, {'createdAt': {'$date': 1691432802000}, 'trackingCode': '5785c36642cc664e66715b164ff9e30f', 'status': None, 'description': 'TRANSFERENCIA', 'trackerType': '202591c2658eb8db7d1c57e1273cd270', 'from': 'b29f0fd3de6fc841450ab88f5ee37b93', 'to': '6adf97f83acf6453d4a6a4b1070f3754'}, {'createdAt': {'$date': 1691433582000}, 'trackingCode': '5785c36642cc664e66715b164ff9e30f', 'status': None, 'description': 'TRANSFERENCIA', 'trackerType': '202591c2658eb8db7d1c57e1273cd270', 'from': 'b29f0fd3de6fc841450ab88f5ee37b93', 'to': '6adf97f83acf6453d4a6a4b1070f3754'}, {'createdAt': {'$date': 1691482327000}, 'trackingCode': '5785c36642cc664e66715b164ff9e30f', 'status': None, 'description': 'TRANSFERIDO PARA UNIDADE', 'trackerType': '202591c2658eb8db7d1c57e1273cd270', 'from': 'bb06c77b0bda796758fb2d30ec897c06', 'to': '6adf97f83acf6453d4a6a4b1070f3754'}, {'createdAt': {'$date': 1691492541000}, 'trackingCode': '5785c36642cc664e66715b164ff9e30f', 'status': None, 'description': 'ENTRADA', 'trackerType': '202591c2658eb8db7d1c57e1273cd270', 'from': 'a35f80090ac98c007f300c4d004f1aae', 'to': '6adf97f83acf6453d4a6a4b1070f3754'}, {'createdAt': {'$date': 1691570337000}, 'trackingCode': '5785c36642cc664e66715b164ff9e30f', 'status': None, 'description': 'EM ROTA', 'trackerType': '202591c2658eb8db7d1c57e1273cd270', 'from': 'a35f80090ac98c007f300c4d004f1aae', 'to': '6adf97f83acf6453d4a6a4b1070f3754'}, {'createdAt': {'$date': 1691599976000}, 'trackingCode': '5785c36642cc664e66715b164ff9e30f', 'status': None, 'description': 'ENTREGUE', 'trackerType': '202591c2658eb8db7d1c57e1273cd270', 'from': 'a35f80090ac98c007f300c4d004f1aae', 'to': '6adf97f83acf6453d4a6a4b1070f3754'}]"
U,a84356358cfad3ba117a36111efbd8c2,1689207006,1693824983,1693824983,"[{'createdAt': {'$date': 1689190745000}, 'trackingCode': '1596ba84e643619c34d243082972be47', 'status': None, 'description': 'EMISSAO', 'trackerType': '202591c2658eb8db7d1c57e1273cd270', 'from': '5fb8af7cd73bb970c63666ce391e7d6d', 'to': '6adf97f83acf6453d4a6a4b1070f3754'}, {'createdAt': {'$date': 1689198889000}, 'trackingCode': '1596ba84e643619c34d243082972be47', 'status': None, 'description': 'TRANSFERENCIA', 'trackerType': '202591c2658eb8db7d1c57e1273cd270', 'from': '5fb8af7cd73bb970c63666ce391e7d6d', 'to': '6adf97f83acf6453d4a6a4b1070f3754'}, {'createdAt': {'$date': 1689417858000}, 'trackingCode': '1596ba84e643619c34d243082972be47', 'status': None, 'description': 'ENTRADA', 'trackerType': '202591c2658eb8db7d1c57e1273cd270', 'from': '84c77d7bc3fb1dd258da3c10bb2f8a27', 'to': '6adf97f83acf6453d4a6a4b1070f3754'}, {'createdAt': {'$date': 1689422156000}, 'trackingCode': '1596ba84e643619c34d243082972be47', 'status': None, 'description': 'TRANSFERENCIA', 'trackerType': '202591c2658eb8db7d1c57e1273cd270', 'from': '84c77d7bc3fb1dd258da3c10bb2f8a27', 'to': '6adf97f83acf6453d4a6a4b1070f3754'}, {'createdAt': {'$date': 1689422156000}, 'trackingCode': '1596ba84e643619c34d243082972be47', 'status': None, 'description': 'TRANSFERENCIA', 'trackerType': '202591c2658eb8db7d1c57e1273cd270', 'from': '84c77d7bc3fb1dd258da3c10bb2f8a27', 'to': '6adf97f83acf6453d4a6a4b1070f3754'}, {'createdAt': {'$date': 1689461270000}, 'trackingCode': '1596ba84e643619c34d243082972be47', 'status': None, 'description': 'TRANSFERENCIA', 'trackerType': '202591c2658eb8db7d1c57e1273cd270', 'from': '84c77d7bc3fb1dd258da3c10bb2f8a27', 'to': '6adf97f83acf6453d4a6a4b1070f3754'}, {'createdAt': {'$date': 1689461309000}, 'trackingCode': '1596ba84e643619c34d243082972be47', 'status': None, 'description': 'TRANSFERENCIA', 'trackerType': '202591c2658eb8db7d1c57e1273cd270', 'from': '84c77d7bc3fb1dd258da3c10bb2f8a27', 'to': '6adf97f83acf6453d4a6a4b1070f3754'}, {'createdAt': {'$date': 1689492143000}, 'trackingCode': '1596ba84e643619c34d243082972be47', 'status': None, 'description': 'TRANSFERIDO PARA UNIDADE', 'trackerType': '202591c2658eb8db7d1c57e1273cd270', 'from': '84c77d7bc3fb1dd258da3c10bb2f8a27', 'to': '6adf97f83acf6453d4a6a4b1070f3754'}, {'createdAt': {'$date': 1689497993000}, 'trackingCode': '1596ba84e643619c34d243082972be47', 'status': None, 'description': 'ENTRADA', 'trackerType': '202591c2658eb8db7d1c57e1273cd270', 'from': 'd85aff691a83b2c3cc392739515e41c1', 'to': '6adf97f83acf6453d4a6a4b1070f3754'}, {'createdAt': {'$date': 1689502109000}, 'trackingCode': '1596ba84e643619c34d243082972be47', 'status': None, 'description': 'TRANSFERENCIA', 'trackerType': '202591c2658eb8db7d1c57e1273cd270', 'from': 'd85aff691a83b2c3cc392739515e41c1', 'to': '6adf97f83acf6453d4a6a4b1070f3754'}, {'createdAt': {'$date': 1689502879000}, 'trackingCode': '1596ba84e643619c34d243082972be47', 'status': None, 'description': 'TRANSFERENCIA', 'trackerType': '202591c2658eb8db7d1c57e1273cd270', 'from': 'd85aff691a83b2c3cc392739515e41c1', 'to': '6adf97f83acf6453d4a6a4b1070f3754'}, {'createdAt': {'$date': 1689502955000}, 'trackingCode': '1596ba84e643619c34d243082972be47', 'status': None, 'description': 'TRANSFERIDO PARA UNIDADE', 'trackerType': '202591c2658eb8db7d1c57e1273cd270', 'from': 'd85aff691a83b2c3cc392739515e41c1', 'to': '6adf97f83acf6453d4a6a4b1070f3754'}, {'createdAt': {'$date': 1689518174000}, 'trackingCode': '1596ba84e643619c34d243082972be47', 'status': None, 'description': 'ENTRADA', 'trackerType': '202591c2658eb8db7d1c57e1273cd270', 'from': '8e271b3854e584f9d8dec3aee069d203', 'to': '6adf97f83acf6453d4a6a4b1070f3754'}, {'createdAt': {'$date': 1689923623000}, 'trackingCode': '1596ba84e643619c34d243082972be47', 'status': None, 'description': 'EM ROTA', 'trackerType': '202591c2658eb8db7d1c57e1273cd270', 'from': '8e271b3854e584f9d8dec3aee069d203', 'to': '6adf97f83acf6453d4a6a4b1070f3754'}, {'createdAt': {'$date': 1689955933000}, 'trackingCode': '1596ba84e643619c34d243082972be47', 'status': None, 'description': 'ENTREGUE', 'trackerType': '202591c2658eb8db7d1c57e1273cd270', 'from': '8e271b3854e584f9d8dec3aee069d203', 'to': '6adf97f83acf6453d4a6a4b1070f3754'}]"
U,69f5c360bb80f0989402c4d82efefc9c,1690678591,1693824983,1693824983,"[{'createdAt': {'$date': 1690561447000}, 'trackingCode': '02b1305c74299c86c037af04c4f0513b', 'status': None, 'description': 'EMISSAO', 'trackerType': '202591c2658eb8db7d1c57e1273cd270', 'from': 'd07979d182f9125858a110ff69afb67a', 'to': '6adf97f83acf6453d4a6a4b1070f3754'}, {'createdAt': {'$date': 1690625875000}, 'trackingCode': '02b1305c74299c86c037af04c4f0513b', 'status': None, 'description': 'TRANSFERENCIA', 'trackerType': '202591c2658eb8db7d1c57e1273cd270', 'from': 'd07979d182f9125858a110ff69afb67a', 'to': '6adf97f83acf6453d4a6a4b1070f3754'}, {'createdAt': {'$date': 1690656589000}, 'trackingCode': '02b1305c74299c86c037af04c4f0513b', 'status': None, 'description': 'ENTRADA', 'trackerType': '202591c2658eb8db7d1c57e1273cd270', 'from': '84c77d7bc3fb1dd258da3c10bb2f8a27', 'to': '6adf97f83acf6453d4a6a4b1070f3754'}, {'createdAt': {'$date': 1690660041000}, 'trackingCode': '02b1305c74299c86c037af04c4f0513b', 'status': None, 'description': 'TRANSFERENCIA', 'trackerType': '202591c2658eb8db7d1c57e1273cd270', 'from': '84c77d7bc3fb1dd258da3c10bb2f8a27', 'to': '6adf97f83acf6453d4a6a4b1070f3754'}, {'createdAt': {'$date': 1690662815000}, 'trackingCode': '02b1305c74299c86c037af04c4f0513b', 'status': None, 'description': 'TRANSFERENCIA', 'trackerType': '202591c2658eb8db7d1c57e1273cd270', 'from': '84c77d7bc3fb1dd258da3c10bb2f8a27', 'to': '6adf97f83acf6453d4a6a4b1070f3754'}, {'createdAt': {'$date': 1690662924000}, 'trackingCode': '02b1305c74299c86c037af04c4f0513b', 'status': None, 'description': 'TRANSFERENCIA', 'trackerType': '202591c2658eb8db7d1c57e1273cd270', 'from': '84c77d7bc3fb1dd258da3c10bb2f8a27', 'to': '6adf97f83acf6453d4a6a4b1070f3754'}, {'createdAt': {'$date': 1690662996000}, 'trackingCode': '02b1305c74299c86c037af04c4f0513b', 'status': None, 'description': 'TRANSFERENCIA', 'trackerType': '202591c2658eb8db7d1c57e1273cd270', 'from': '84c77d7bc3fb1dd258da3c10bb2f8a27', 'to': '6adf97f83acf6453d4a6a4b1070f3754'}, {'createdAt': {'$date': 1690663149000}, 'trackingCode': '02b1305c74299c86c037af04c4f0513b', 'status': None, 'description': 'TRANSFERENCIA', 'trackerType': '202591c2658eb8db7d1c57e1273cd270', 'from': '84c77d7bc3fb1dd258da3c10bb2f8a27', 'to': '6adf97f83acf6453d4a6a4b1070f3754'}, {'createdAt': {'$date': 1690687307000}, 'trackingCode': '02b1305c74299c86c037af04c4f0513b', 'status': None, 'description': 'TRANSFERIDO PARA UNIDADE', 'trackerType': '202591c2658eb8db7d1c57e1273cd270', 'from': '84c77d7bc3fb1dd258da3c10bb2f8a27', 'to': '6adf97f83acf6453d4a6a4b1070f3754'}, {'createdAt': {'$date': 1690692785000}, 'trackingCode': '02b1305c74299c86c037af04c4f0513b', 'status': None, 'description': 'ENTRADA', 'trackerType': '202591c2658eb8db7d1c57e1273cd270', 'from': 'fac929278c0e5ba967802153ba729336', 'to': '6adf97f83acf6453d4a6a4b1070f3754'}, {'createdAt': {'$date': 1690693860000}, 'trackingCode': '02b1305c74299c86c037af04c4f0513b', 'status': None, 'description': 'TRANSFERENCIA', 'trackerType': '202591c2658eb8db7d1c57e1273cd270', 'from': 'fac929278c0e5ba967802153ba729336', 'to': '6adf97f83acf6453d4a6a4b1070f3754'}, {'createdAt': {'$date': 1690771940000}, 'trackingCode': '02b1305c74299c86c037af04c4f0513b', 'status': None, 'description': 'TRANSFERENCIA', 'trackerType': '202591c2658eb8db7d1c57e1273cd270', 'from': 'fac929278c0e5ba967802153ba729336', 'to': '6adf97f83acf6453d4a6a4b1070f3754'}, {'createdAt': {'$date': 1690771955000}, 'trackingCode': '02b1305c74299c86c037af04c4f0513b', 'status': None, 'description': 'TRANSFERIDO PARA UNIDADE', 'trackerType': '202591c2658eb8db7d1c57e1273cd270', 'from': 'fac929278c0e5ba967802153ba729336', 'to': '6adf97f83acf6453d4a6a4b1070f3754'}, {'createdAt': {'$date': 1690789897000}, 'trackingCode': '02b1305c74299c86c037af04c4f0513b', 'status': None, 'description': 'ENTRADA', 'trackerType': '202591c2658eb8db7d1c57e1273cd270', 'from': 'c58978e08ce8f001c823f9f536b0261e', 'to': '6adf97f83acf6453d4a6a4b1070f3754'}, {'createdAt': {'$date': 1690793482000}, 'trackingCode': '02b1305c74299c86c037af04c4f0513b', 'status': None, 'description': 'EM ROTA', 'trackerType': '202591c2658eb8db7d1c57e1273cd270', 'from': 'c58978e08ce8f001c823f9f536b0261e', 'to': '6adf97f83acf6453d4a6a4b1070f3754'}, {'createdAt': {'$date': 1690824073000}, 'trackingCode': '02b1305c74299c86c037af04c4f0513b', 'status': None, 'description': 'ENTREGUE', 'trackerType': '202591c2658eb8db7d1c57e1273cd270', 'from': 'c58978e08ce8f001c823f9f536b0261e', 'to': '6adf97f83acf6453d4a6a4b1070f3754'}]"
U,a34fd732c7e8c79baaafec06efadc0ec,1693343988,1693824983,1693824983,"[{'createdAt': {'$date': 1693326747000}, 'trackingCode': '9bcb75f82b4421b9b3e7a036cdf75608', 'status': '102', 'description': 'Informação do Envio enviado à Azul Cargo Express (CT-e emitido)\t', 'trackerType': '3b24fa7e14555a1912e5bc2198f8e075', 'from': 'eaa9d2d6494c474de51fd4e1cdd4125f', 'to': '6adf97f83acf6453d4a6a4b1070f3754'}, {'createdAt': {'$date': 1693333861000}, 'trackingCode': '9bcb75f82b4421b9b3e7a036cdf75608', 'status': '142', 'description': 'Embarque no veículo para transferência ou em rota para entrega', 'trackerType': '3b24fa7e14555a1912e5bc2198f8e075', 'from': 'eaa9d2d6494c474de51fd4e1cdd4125f', 'to': '6adf97f83acf6453d4a6a4b1070f3754'}, {'createdAt': {'$date': 1693333861000}, 'trackingCode': '9bcb75f82b4421b9b3e7a036cdf75608', 'status': '133', 'description': 'Saida Do Veiculo', 'trackerType': '3b24fa7e14555a1912e5bc2198f8e075', 'from': 'eaa9d2d6494c474de51fd4e1cdd4125f', 'to': '6adf97f83acf6453d4a6a4b1070f3754'}, {'createdAt': {'$date': 1693336320000}, 'trackingCode': '9bcb75f82b4421b9b3e7a036cdf75608', 'status': '136', 'description': 'Chegou na Unidade Azul Cargo Express\t', 'trackerType': '3b24fa7e14555a1912e5bc2198f8e075', 'from': '40c5d1003b87c3b246eb7bcade758c10', 'to': '6adf97f83acf6453d4a6a4b1070f3754'}, {'createdAt': {'$date': 1693405500000}, 'trackingCode': '9bcb75f82b4421b9b3e7a036cdf75608', 'status': '137', 'description': 'Chegada do voo\t', 'trackerType': '3b24fa7e14555a1912e5bc2198f8e075', 'from': 'c4a0041f7f45e439c53a952b97125bc1', 'to': '6adf97f83acf6453d4a6a4b1070f3754'}, {'createdAt': {'$date': 1693459798000}, 'trackingCode': '9bcb75f82b4421b9b3e7a036cdf75608', 'status': '142', 'description': 'Embarque no veículo para transferência ou em rota para entrega', 'trackerType': '3b24fa7e14555a1912e5bc2198f8e075', 'from': 'c4a0041f7f45e439c53a952b97125bc1', 'to': '6adf97f83acf6453d4a6a4b1070f3754'}, {'createdAt': {'$date': 1693459798000}, 'trackingCode': '9bcb75f82b4421b9b3e7a036cdf75608', 'status': '133', 'description': 'Saida Do Veiculo', 'trackerType': '3b24fa7e14555a1912e5bc2198f8e075', 'from': 'c4a0041f7f45e439c53a952b97125bc1', 'to': '6adf97f83acf6453d4a6a4b1070f3754'}, {'createdAt': {'$date': 1693471800000}, 'trackingCode': '9bcb75f82b4421b9b3e7a036cdf75608', 'status': '136', 'description': 'Chegou na Unidade Azul Cargo Express\t', 'trackerType': '3b24fa7e14555a1912e5bc2198f8e075', 'from': '470cab9655aec8592313b736002c2a88', 'to': '6adf97f83acf6453d4a6a4b1070f3754'}, {'createdAt': {'$date': 1693560624000}, 'trackingCode': '9bcb75f82b4421b9b3e7a036cdf75608', 'status': '104', 'description': 'Deixou a unidade Azul Cargo Express\t', 'trackerType': '3b24fa7e14555a1912e5bc2198f8e075', 'from': '470cab9655aec8592313b736002c2a88', 'to': '6adf97f83acf6453d4a6a4b1070f3754'}, {'createdAt': {'$date': 1693579160000}, 'trackingCode': '9bcb75f82b4421b9b3e7a036cdf75608', 'status': '133', 'description': 'Saida Do Veiculo', 'trackerType': '3b24fa7e14555a1912e5bc2198f8e075', 'from': '470cab9655aec8592313b736002c2a88', 'to': '6adf97f83acf6453d4a6a4b1070f3754'}]"
U,035081d6a001e8ecf06cf1bb20b09cbe,1689768104,1693824983,1693824983,"[{'createdAt': {'$date': 1689761010000}, 'trackingCode': 'a2fd2ca55defa69f5fba30df5efef904', 'status': None, 'description': 'EMISSAO', 'trackerType': '202591c2658eb8db7d1c57e1273cd270', 'from': 'bb8943dcbbd8882bab9972aca2f7b3b6', 'to': '6adf97f83acf6453d4a6a4b1070f3754'}, {'createdAt': {'$date': 1689766379000}, 'trackingCode': 'a2fd2ca55defa69f5fba30df5efef904', 'status': None, 'description': 'TRANSFERENCIA', 'trackerType': '202591c2658eb8db7d1c57e1273cd270', 'from': 'bb8943dcbbd8882bab9972aca2f7b3b6', 'to': '6adf97f83acf6453d4a6a4b1070f3754'}, {'createdAt': {'$date': 1689861095000}, 'trackingCode': 'a2fd2ca55defa69f5fba30df5efef904', 'status': None, 'description': 'ENTRADA', 'trackerType': '202591c2658eb8db7d1c57e1273cd270', 'from': '84c77d7bc3fb1dd258da3c10bb2f8a27', 'to': '6adf97f83acf6453d4a6a4b1070f3754'}, {'createdAt': {'$date': 1689871369000}, 'trackingCode': 'a2fd2ca55defa69f5fba30df5efef904', 'status': None, 'description': 'TRANSFERENCIA', 'trackerType': '202591c2658eb8db7d1c57e1273cd270', 'from': '84c77d7bc3fb1dd258da3c10bb2f8a27', 'to': '6adf97f83acf6453d4a6a4b1070f3754'}, {'createdAt': {'$date': 1689871376000}, 'trackingCode': 'a2fd2ca55defa69f5fba30df5efef904', 'status': None, 'description': 'TRANSFERENCIA', 'trackerType': '202591c2658eb8db7d1c57e1273cd270', 'from': '84c77d7bc3fb1dd258da3c10bb2f8a27', 'to': '6adf97f83acf6453d4a6a4b1070f3754'}, {'createdAt': {'$date': 1689871392000}, 'trackingCode': 'a2fd2ca55defa69f5fba30df5efef904', 'status': None, 'description': 'TRANSFERENCIA', 'trackerType': '202591c2658eb8db7d1c57e1273cd270', 'from': '84c77d7bc3fb1dd258da3c10bb2f8a27', 'to': '6adf97f83acf6453d4a6a4b1070f3754'}, {'createdAt': {'$date': 1689871402000}, 'trackingCode': 'a2fd2ca55defa69f5fba30df5efef904', 'status': None, 'description': 'TRANSFERENCIA', 'trackerType': '202591c2658eb8db7d1c57e1273cd270', 'from': '84c77d7bc3fb1dd258da3c10bb2f8a27', 'to': '6adf97f83acf6453d4a6a4b1070f3754'}, {'createdAt': {'$date': 1690172246000}, 'trackingCode': 'a2fd2ca55defa69f5fba30df5efef904', 'status': None, 'description': 'ENTRADA', 'trackerType': '202591c2658eb8db7d1c57e1273cd270', 'from': '465ed0749c8c28723e9281743c48be53', 'to': '6adf97f83acf6453d4a6a4b1070f3754'}, {'createdAt': {'$date': 1690172281000}, 'trackingCode': 'a2fd2ca55defa69f5fba30df5efef904', 'status': None, 'description': 'EM ROTA', 'trackerType': '202591c2658eb8db7d1c57e1273cd270', 'from': '465ed0749c8c28723e9281743c48be53', 'to': '6adf97f83acf6453d4a6a4b1070f3754'}, {'createdAt': {'$date': 1690273392000}, 'trackingCode': 'a2fd2ca55defa69f5fba30df5efef904', 'status': None, 'description': 'ENTREGUE', 'trackerType': '202591c2658eb8db7d1c57e1273cd270', 'from': '465ed0749c8c28723e9281743c48be53', 'to': '6adf97f83acf6453d4a6a4b1070f3754'}]"
U,67d232cee567ebfc65d806574699d111,1690106016,1693824983,1693824983,"[{'createdAt': {'$date': 1690030877000}, 'trackingCode': 'f717dd2d06c26e4c7b06edae6bb5ad41', 'status': '01', 'description': 'Objeto em trânsito - por favor aguarde', 'trackerType': '27bb7dfdbe0de2d482d1c37c3fe5bfe3', 'from': '9c503ecc4f113471367063483aca15c7', 'to': '6519902e229b64ab338ca0d4b8b2d336'}, {'createdAt': {'$date': 1689927264000}, 'trackingCode': 'f717dd2d06c26e4c7b06edae6bb5ad41', 'status': '01', 'description': 'Objeto em trânsito - por favor aguarde', 'trackerType': '27bb7dfdbe0de2d482d1c37c3fe5bfe3', 'from': '44d02c36e6691bb8faacd16784348114', 'to': '9c503ecc4f113471367063483aca15c7'}, {'createdAt': {'$date': 1689927263000}, 'trackingCode': 'f717dd2d06c26e4c7b06edae6bb5ad41', 'status': '10', 'description': 'Fiscalização aduaneira finalizada', 'trackerType': '27bb7dfdbe0de2d482d1c37c3fe5bfe3', 'from': '44d02c36e6691bb8faacd16784348114', 'to': '6adf97f83acf6453d4a6a4b1070f3754'}, {'createdAt': {'$date': 1689854731000}, 'trackingCode': 'f717dd2d06c26e4c7b06edae6bb5ad41', 'status': '16', 'description': 'Objeto recebido pelos Correios do Brasil', 'trackerType': '27bb7dfdbe0de2d482d1c37c3fe5bfe3', 'from': '44d02c36e6691bb8faacd16784348114', 'to': '6adf97f83acf6453d4a6a4b1070f3754'}, {'createdAt': {'$date': 1689396470000}, 'trackingCode': 'f717dd2d06c26e4c7b06edae6bb5ad41', 'status': '01', 'description': 'Objeto postado', 'trackerType': '27bb7dfdbe0de2d482d1c37c3fe5bfe3', 'from': 'f0aa1982f61314b9aab258c2f110ebab', 'to': '6adf97f83acf6453d4a6a4b1070f3754'}, {'createdAt': {'$date': 1690208369000}, 'trackingCode': 'f717dd2d06c26e4c7b06edae6bb5ad41', 'status': '01', 'description': 'Objeto em trânsito - por favor aguarde', 'trackerType': '27bb7dfdbe0de2d482d1c37c3fe5bfe3', 'from': '6519902e229b64ab338ca0d4b8b2d336', 'to': '31b5e65918e34f666261079a19e4aa19'}, {'createdAt': {'$date': 1690280676000}, 'trackingCode': 'f717dd2d06c26e4c7b06edae6bb5ad41', 'status': '01', 'description': 'Objeto saiu para entrega ao destinatário', 'trackerType': '27bb7dfdbe0de2d482d1c37c3fe5bfe3', 'from': '31b5e65918e34f666261079a19e4aa19', 'to': '6adf97f83acf6453d4a6a4b1070f3754'}, {'createdAt': {'$date': 1690293936000}, 'trackingCode': 'f717dd2d06c26e4c7b06edae6bb5ad41', 'status': '01', 'description': 'Objeto entregue ao destinatário', 'trackerType': '27bb7dfdbe0de2d482d1c37c3fe5bfe3', 'from': '31b5e65918e34f666261079a19e4aa19', 'to': '6adf97f83acf6453d4a6a4b1070f3754'}]"
U,c7fa404c3761137a860aaaaa5542f9c2,1690383721,1693824983,1693824983,"[{'createdAt': {'$date': 1690393645000}, 'trackingCode': '039b5e86ba9e77a2fe909f3592d26d94', 'status': '13', 'description': 'O pacote foi confirmado em uma base da Loggi e vai ser preparado para transferência.', 'trackerType': 'a302942c7f755f858bd9a6c0c6be98fb', 'from': 'a0a65c186d82bc2b220c899f91efd023', 'to': '6adf97f83acf6453d4a6a4b1070f3754'}, {'createdAt': {'$date': 1690212075000}, 'trackingCode': '039b5e86ba9e77a2fe909f3592d26d94', 'status': '1', 'description': 'A etiqueta de envio já foi criada e o pacote está pronto para a coleta.', 'trackerType': 'a302942c7f755f858bd9a6c0c6be98fb', 'from': 'a0a65c186d82bc2b220c899f91efd023', 'to': '6adf97f83acf6453d4a6a4b1070f3754'}, {'createdAt': {'$date': 1690453106000}, 'trackingCode': '039b5e86ba9e77a2fe909f3592d26d94', 'status': '16', 'description': 'O pacote está em transferência de uma base para outra.', 'trackerType': 'a302942c7f755f858bd9a6c0c6be98fb', 'from': '6adf97f83acf6453d4a6a4b1070f3754', 'to': '6adf97f83acf6453d4a6a4b1070f3754'}, {'createdAt': {'$date': 1690453000000}, 'trackingCode': '039b5e86ba9e77a2fe909f3592d26d94', 'status': '3', 'description': 'O pacote está em uma base e, em breve, vai estar em transferência.', 'trackerType': 'a302942c7f755f858bd9a6c0c6be98fb', 'from': '6adf97f83acf6453d4a6a4b1070f3754', 'to': '6adf97f83acf6453d4a6a4b1070f3754'}, {'createdAt': {'$date': 1690477075000}, 'trackingCode': '039b5e86ba9e77a2fe909f3592d26d94', 'status': '17', 'description': 'Tudo certo, o pacote está em uma base da Loggi.', 'trackerType': 'a302942c7f755f858bd9a6c0c6be98fb', 'from': '9a5f1b924065b578493527753059860d', 'to': '6adf97f83acf6453d4a6a4b1070f3754'}, {'createdAt': {'$date': 1690511029000}, 'trackingCode': '039b5e86ba9e77a2fe909f3592d26d94', 'status': '3', 'description': 'O pacote está em uma base e, em breve, vai estar em transferência.', 'trackerType': 'a302942c7f755f858bd9a6c0c6be98fb', 'from': '6adf97f83acf6453d4a6a4b1070f3754', 'to': '6adf97f83acf6453d4a6a4b1070f3754'}, {'createdAt': {'$date': 1690516326000}, 'trackingCode': '039b5e86ba9e77a2fe909f3592d26d94', 'status': '16', 'description': 'O pacote está em transferência de uma base para outra.', 'trackerType': 'a302942c7f755f858bd9a6c0c6be98fb', 'from': '6adf97f83acf6453d4a6a4b1070f3754', 'to': '6adf97f83acf6453d4a6a4b1070f3754'}, {'createdAt': {'$date': 1690511030000}, 'trackingCode': '039b5e86ba9e77a2fe909f3592d26d94', 'status': '3', 'description': 'O pacote está em uma base e, em breve, vai estar em transferência.', 'trackerType': 'a302942c7f755f858bd9a6c0c6be98fb', 'from': '6adf97f83acf6453d4a6a4b1070f3754', 'to': '6adf97f83acf6453d4a6a4b1070f3754'}, {'createdAt': {'$date': 1690597823000}, 'trackingCode': '039b5e86ba9e77a2fe909f3592d26d94', 'status': '15', 'description': 'O pacote já teve suas dimensões conferidas.', 'trackerType': 'a302942c7f755f858bd9a6c0c6be98fb', 'from': '78a32fcc48731cfdbb11966d312f5f4f', 'to': '6adf97f83acf6453d4a6a4b1070f3754'}, {'createdAt': {'$date': 1690610800000}, 'trackingCode': '039b5e86ba9e77a2fe909f3592d26d94', 'status': '3', 'description': 'O pacote está em uma base e, em breve, vai estar em transferência.', 'trackerType': 'a302942c7f755f858bd9a6c0c6be98fb', 'from': '6adf97f83acf6453d4a6a4b1070f3754', 'to': '6adf97f83acf6453d4a6a4b1070f3754'}, {'createdAt': {'$date': 1690615598000}, 'trackingCode': '039b5e86ba9e77a2fe909f3592d26d94', 'status': '16', 'description': 'O pacote está em transferência de uma base para outra.', 'trackerType': 'a302942c7f755f858bd9a6c0c6be98fb', 'from': '6adf97f83acf6453d4a6a4b1070f3754', 'to': '6adf97f83acf6453d4a6a4b1070f3754'}, {'createdAt': {'$date': 1690610801000}, 'trackingCode': '039b5e86ba9e77a2fe909f3592d26d94', 'status': '3', 'description': 'O pacote está em uma base e, em breve, vai estar em transferência.', 'trackerType': 'a302942c7f755f858bd9a6c0c6be98fb', 'from': '6adf97f83acf6453d4a6a4b1070f3754', 'to': '6adf97f83acf6453d4a6a4b1070f3754'}, {'createdAt': {'$date': 1690655764000}, 'trackingCode': '039b5e86ba9e77a2fe909f3592d26d94', 'status': '17', 'description': 'Tudo certo, o pacote está em uma base da Loggi.', 'trackerType': 'a302942c7f755f858bd9a6c0c6be98fb', 'from': '6adf97f83acf6453d4a6a4b1070f3754', 'to': '6adf97f83acf6453d4a6a4b1070f3754'}, {'createdAt': {'$date': 1690671102000}, 'trackingCode': '039b5e86ba9e77a2fe909f3592d26d94', 'status': '11', 'description': 'O pacote está a caminho.', 'trackerType': 'a302942c7f755f858bd9a6c0c6be98fb', 'from': '6adf97f83acf6453d4a6a4b1070f3754', 'to': '6adf97f83acf6453d4a6a4b1070f3754'}, {'createdAt': {'$date': 1690832696000}, 'trackingCode': '039b5e86ba9e77a2fe909f3592d26d94', 'status': '11', 'description': 'O pacote está a caminho.', 'trackerType': 'a302942c7f755f858bd9a6c0c6be98fb', 'from': '6adf97f83acf6453d4a6a4b1070f3754', 'to': '6adf97f83acf6453d4a6a4b1070f3754'}, {'createdAt': {'$date': 1690835246000}, 'trackingCode': '039b5e86ba9e77a2fe909f3592d26d94', 'status': '5', 'description': 'O pacote chegou ao destino final.', 'trackerType': 'a302942c7f755f858bd9a6c0c6be98fb', 'from': 'd5cd4bef71dbdfadfa4b6fe7e28d1d58', 'to': '6adf97f83acf6453d4a6a4b1070f3754'}, {'createdAt': {'$date': 1690832695000}, 'trackingCode': '039b5e86ba9e77a2fe909f3592d26d94', 'status': '11', 'description': 'O pacote está a caminho.', 'trackerType': 'a302942c7f755f858bd9a6c0c6be98fb', 'from': '6adf97f83acf6453d4a6a4b1070f3754', 'to': '6adf97f83acf6453d4a6a4b1070f3754'}]"
U,87666412bf7046b4e1126d1590b22451,1693499335,1693824983,1693824983,"[{'createdAt': {'$date': 1693508659000}, 'trackingCode': '6f8650f2cabbd3466454a1aa3c9c441f', 'status': '13', 'description': 'O pacote foi confirmado em uma base da Loggi e vai ser preparado para transferência.', 'trackerType': 'a302942c7f755f858bd9a6c0c6be98fb', 'from': '769bec8f32db78e3e5310a3c47193ce4', 'to': '6adf97f83acf6453d4a6a4b1070f3754'}, {'createdAt': {'$date': 1693490521000}, 'trackingCode': '6f8650f2cabbd3466454a1aa3c9c441f', 'status': '1', 'description': 'A etiqueta de envio já foi criada e o pacote está pronto para a coleta.', 'trackerType': 'a302942c7f755f858bd9a6c0c6be98fb', 'from': '769bec8f32db78e3e5310a3c47193ce4', 'to': '6adf97f83acf6453d4a6a4b1070f3754'}, {'createdAt': {'$date': 1693553844000}, 'trackingCode': '6f8650f2cabbd3466454a1aa3c9c441f', 'status': '16', 'description': 'O pacote está em transferência de uma base para outra.', 'trackerType': 'a302942c7f755f858bd9a6c0c6be98fb', 'from': '6adf97f83acf6453d4a6a4b1070f3754', 'to': '6adf97f83acf6453d4a6a4b1070f3754'}, {'createdAt': {'$date': 1693553841000}, 'trackingCode': '6f8650f2cabbd3466454a1aa3c9c441f', 'status': '3', 'description': 'O pacote está em uma base e, em breve, vai estar em transferência.', 'trackerType': 'a302942c7f755f858bd9a6c0c6be98fb', 'from': '6adf97f83acf6453d4a6a4b1070f3754', 'to': '6adf97f83acf6453d4a6a4b1070f3754'}, {'createdAt': {'$date': 1693591212000}, 'trackingCode': '6f8650f2cabbd3466454a1aa3c9c441f', 'status': '15', 'description': 'O pacote já teve suas dimensões conferidas.', 'trackerType': 'a302942c7f755f858bd9a6c0c6be98fb', 'from': '6adf97f83acf6453d4a6a4b1070f3754', 'to': '6adf97f83acf6453d4a6a4b1070f3754'}, {'createdAt': {'$date': 1693553840000}, 'trackingCode': '6f8650f2cabbd3466454a1aa3c9c441f', 'status': '3', 'description': 'O pacote está em uma base e, em breve, vai estar em transferência.', 'trackerType': 'a302942c7f755f858bd9a6c0c6be98fb', 'from': '4798ea2b0ab3b3c8e9edf3e4e2d9cc21', 'to': '6adf97f83acf6453d4a6a4b1070f3754'}, {'createdAt': {'$date': 1693681143000}, 'trackingCode': '6f8650f2cabbd3466454a1aa3c9c441f', 'status': '15', 'description': 'O pacote já teve suas dimensões conferidas.', 'trackerType': 'a302942c7f755f858bd9a6c0c6be98fb', 'from': '78a32fcc48731cfdbb11966d312f5f4f', 'to': '6adf97f83acf6453d4a6a4b1070f3754'}, {'createdAt': {'$date': 1693793074000}, 'trackingCode': '6f8650f2cabbd3466454a1aa3c9c441f', 'status': '3', 'description': 'O pacote está em uma base e, em breve, vai estar em transferência.', 'trackerType': 'a302942c7f755f858bd9a6c0c6be98fb', 'from': '6adf97f83acf6453d4a6a4b1070f3754', 'to': '6adf97f83acf6453d4a6a4b1070f3754'}, {'createdAt': {'$date': 1693807853000}, 'trackingCode': '6f8650f2cabbd3466454a1aa3c9c441f', 'status': '17', 'description': 'Tudo certo, o pacote está em uma base da Loggi.', 'trackerType': 'a302942c7f755f858bd9a6c0c6be98fb', 'from': 'b703f4f1794b1f5614a45ee51c74931e', 'to': '6adf97f83acf6453d4a6a4b1070f3754'}, {'createdAt': {'$date': 1693801302000}, 'trackingCode': '6f8650f2cabbd3466454a1aa3c9c441f', 'status': '16', 'description': 'O pacote está em transferência de uma base para outra.', 'trackerType': 'a302942c7f755f858bd9a6c0c6be98fb', 'from': 'b703f4f1794b1f5614a45ee51c74931e', 'to': '6adf97f83acf6453d4a6a4b1070f3754'}]"
U,1fc35d88c71a27dd60900a62360916e0,1691673058,1693824983,1693824983,"[{'createdAt': {'$date': 1691627658000}, 'trackingCode': '2550f36cbea3ca2746e4042e9fb8191c', 'status': '01', 'description': 'Objeto em trânsito - por favor aguarde', 'trackerType': '27bb7dfdbe0de2d482d1c37c3fe5bfe3', 'from': 'a9b3bd46be7390826100cfcfd8f271ec', 'to': 'e2146467c22a3a9bafd26374f7b28e85'}, {'createdAt': {'$date': 1691501354000}, 'trackingCode': '2550f36cbea3ca2746e4042e9fb8191c', 'status': '01', 'description': 'Objeto em trânsito - por favor aguarde', 'trackerType': '27bb7dfdbe0de2d482d1c37c3fe5bfe3', 'from': '66266e39728f3e0913be520c73819475', 'to': 'a9b3bd46be7390826100cfcfd8f271ec'}, {'createdAt': {'$date': 1691423522000}, 'trackingCode': '2550f36cbea3ca2746e4042e9fb8191c', 'status': '01', 'description': 'Objeto em trânsito - por favor aguarde', 'trackerType': '27bb7dfdbe0de2d482d1c37c3fe5bfe3', 'from': 'dd59d216065895b8390bffd6caa4e145', 'to': '66266e39728f3e0913be520c73819475'}, {'createdAt': {'$date': 1691411395000}, 'trackingCode': '2550f36cbea3ca2746e4042e9fb8191c', 'status': '01', 'description': 'Objeto postado', 'trackerType': '27bb7dfdbe0de2d482d1c37c3fe5bfe3', 'from': 'dd59d216065895b8390bffd6caa4e145', 'to': '6adf97f83acf6453d4a6a4b1070f3754'}, {'createdAt': {'$date': 1691758366000}, 'trackingCode': '2550f36cbea3ca2746e4042e9fb8191c', 'status': '01', 'description': 'Objeto saiu para entrega ao destinatário', 'trackerType': '27bb7dfdbe0de2d482d1c37c3fe5bfe3', 'from': 'e2146467c22a3a9bafd26374f7b28e85', 'to': '6adf97f83acf6453d4a6a4b1070f3754'}, {'createdAt': {'$date': 1691760787000}, 'trackingCode': '2550f36cbea3ca2746e4042e9fb8191c', 'status': '01', 'description': 'Objeto entregue ao destinatário', 'trackerType': '27bb7dfdbe0de2d482d1c37c3fe5bfe3', 'from': 'e2146467c22a3a9bafd26374f7b28e85', 'to': '6adf97f83acf6453d4a6a4b1070f3754'}]"
U,eb8ef6682193aa2b7cea70cac01462a7,1692706711,1693824983,1693824983,"[{'createdAt': {'$date': 1692694486000}, 'trackingCode': '4e88797a8bf96258db10a18b1df723b7', 'status': '01', 'description': 'Objeto em trânsito - por favor aguarde', 'trackerType': '27bb7dfdbe0de2d482d1c37c3fe5bfe3', 'from': '893890b136db5486f858f02685f8993d', 'to': '2f03431ee62c1882efb9edf0d8020626'}, {'createdAt': {'$date': 1692639478000}, 'trackingCode': '4e88797a8bf96258db10a18b1df723b7', 'status': '01', 'description': 'Objeto postado', 'trackerType': '27bb7dfdbe0de2d482d1c37c3fe5bfe3', 'from': '893890b136db5486f858f02685f8993d', 'to': '6adf97f83acf6453d4a6a4b1070f3754'}, {'createdAt': {'$date': 1692765159000}, 'trackingCode': '4e88797a8bf96258db10a18b1df723b7', 'status': '01', 'description': 'Objeto em trânsito - por favor aguarde', 'trackerType': '27bb7dfdbe0de2d482d1c37c3fe5bfe3', 'from': '2f03431ee62c1882efb9edf0d8020626', 'to': '49941bcadd05652e4c73a975a81540b6'}, {'createdAt': {'$date': 1693020104000}, 'trackingCode': '4e88797a8bf96258db10a18b1df723b7', 'status': '01', 'description': 'Objeto em trânsito - por favor aguarde', 'trackerType': '27bb7dfdbe0de2d482d1c37c3fe5bfe3', 'from': '49941bcadd05652e4c73a975a81540b6', 'to': '9b06c38f558f8fd926266cb218a4e91f'}, {'createdAt': {'$date': 1693303877000}, 'trackingCode': '4e88797a8bf96258db10a18b1df723b7', 'status': '01', 'description': 'Objeto em trânsito - por favor aguarde', 'trackerType': '27bb7dfdbe0de2d482d1c37c3fe5bfe3', 'from': '9b06c38f558f8fd926266cb218a4e91f', 'to': 'a5a596d979c84b83907758be19ed85a5'}, {'createdAt': {'$date': 1693307778000}, 'trackingCode': '4e88797a8bf96258db10a18b1df723b7', 'status': '03', 'description': 'Objeto aguardando retirada no endereço indicado', 'trackerType': '27bb7dfdbe0de2d482d1c37c3fe5bfe3', 'from': 'a5a596d979c84b83907758be19ed85a5', 'to': '6adf97f83acf6453d4a6a4b1070f3754'}, {'createdAt': {'$date': 1693489461000}, 'trackingCode': '4e88797a8bf96258db10a18b1df723b7', 'status': '01', 'description': 'Objeto entregue ao destinatário', 'trackerType': '27bb7dfdbe0de2d482d1c37c3fe5bfe3', 'from': 'a5a596d979c84b83907758be19ed85a5', 'to': '6adf97f83acf6453d4a6a4b1070f3754'}]"
U,4a213e3db835e800de664ec1e9108cb0,1693344882,1693824983,1693824983,"[{'createdAt': {'$date': 1693351659000}, 'trackingCode': '301dad30338a302464ccf44a0828fb8f', 'status': '14', 'description': 'A coleta do pacote foi feita e o processo de envio vai ser iniciado.', 'trackerType': 'a302942c7f755f858bd9a6c0c6be98fb', 'from': '3d176e3700b055e947033711908044fb', 'to': '6adf97f83acf6453d4a6a4b1070f3754'}, {'createdAt': {'$date': 1693319320000}, 'trackingCode': '301dad30338a302464ccf44a0828fb8f', 'status': '1', 'description': 'A etiqueta de envio já foi criada e o pacote está pronto para a coleta.', 'trackerType': 'a302942c7f755f858bd9a6c0c6be98fb', 'from': '3d176e3700b055e947033711908044fb', 'to': '6adf97f83acf6453d4a6a4b1070f3754'}, {'createdAt': {'$date': 1693380076000}, 'trackingCode': '301dad30338a302464ccf44a0828fb8f', 'status': '13', 'description': 'O pacote foi confirmado em uma base da Loggi e vai ser preparado para transferência.', 'trackerType': 'a302942c7f755f858bd9a6c0c6be98fb', 'from': '78a32fcc48731cfdbb11966d312f5f4f', 'to': '6adf97f83acf6453d4a6a4b1070f3754'}, {'createdAt': {'$date': 1693380076000}, 'trackingCode': '301dad30338a302464ccf44a0828fb8f', 'status': '15', 'description': 'O pacote já teve suas dimensões conferidas.', 'trackerType': 'a302942c7f755f858bd9a6c0c6be98fb', 'from': '6adf97f83acf6453d4a6a4b1070f3754', 'to': '6adf97f83acf6453d4a6a4b1070f3754'}, {'createdAt': {'$date': 1693390873000}, 'trackingCode': '301dad30338a302464ccf44a0828fb8f', 'status': '16', 'description': 'O pacote está em transferência de uma base para outra.', 'trackerType': 'a302942c7f755f858bd9a6c0c6be98fb', 'from': '6adf97f83acf6453d4a6a4b1070f3754', 'to': '6adf97f83acf6453d4a6a4b1070f3754'}, {'createdAt': {'$date': 1693385560000}, 'trackingCode': '301dad30338a302464ccf44a0828fb8f', 'status': '3', 'description': 'O pacote está em uma base e, em breve, vai estar em transferência.', 'trackerType': 'a302942c7f755f858bd9a6c0c6be98fb', 'from': '6adf97f83acf6453d4a6a4b1070f3754', 'to': '6adf97f83acf6453d4a6a4b1070f3754'}, {'createdAt': {'$date': 1693433355000}, 'trackingCode': '301dad30338a302464ccf44a0828fb8f', 'status': '17', 'description': 'Tudo certo, o pacote está em uma base da Loggi.', 'trackerType': 'a302942c7f755f858bd9a6c0c6be98fb', 'from': 'b2547cf7e1474b3fe29de0eea12da3b4', 'to': '6adf97f83acf6453d4a6a4b1070f3754'}, {'createdAt': {'$date': 1693456953000}, 'trackingCode': '301dad30338a302464ccf44a0828fb8f', 'status': '16', 'description': 'O pacote está em transferência de uma base para outra.', 'trackerType': 'a302942c7f755f858bd9a6c0c6be98fb', 'from': '6adf97f83acf6453d4a6a4b1070f3754', 'to': '6adf97f83acf6453d4a6a4b1070f3754'}, {'createdAt': {'$date': 1693456019000}, 'trackingCode': '301dad30338a302464ccf44a0828fb8f', 'status': '3', 'description': 'O pacote está em uma base e, em breve, vai estar em transferência.', 'trackerType': 'a302942c7f755f858bd9a6c0c6be98fb', 'from': '6adf97f83acf6453d4a6a4b1070f3754', 'to': '6adf97f83acf6453d4a6a4b1070f3754'}, {'createdAt': {'$date': 1693501486000}, 'trackingCode': '301dad30338a302464ccf44a0828fb8f', 'status': '11', 'description': 'O pacote está a caminho.', 'trackerType': 'a302942c7f755f858bd9a6c0c6be98fb', 'from': '6adf97f83acf6453d4a6a4b1070f3754', 'to': '6adf97f83acf6453d4a6a4b1070f3754'}, {'createdAt': {'$date': 1693492108000}, 'trackingCode': '301dad30338a302464ccf44a0828fb8f', 'status': '17', 'description': 'Tudo certo, o pacote está em uma base da Loggi.', 'trackerType': 'a302942c7f755f858bd9a6c0c6be98fb', 'from': '6adf97f83acf6453d4a6a4b1070f3754', 'to': '6adf97f83acf6453d4a6a4b1070f3754'}, {'createdAt': {'$date': 1693589693000}, 'trackingCode': '301dad30338a302464ccf44a0828fb8f', 'status': '5', 'description': 'O pacote chegou ao destino final.', 'trackerType': 'a302942c7f755f858bd9a6c0c6be98fb', 'from': '111aa61386538a2ba9f1c7ff5e1e2316', 'to': '6adf97f83acf6453d4a6a4b1070f3754'}]"
U,24efa06347162da38cb49564f357cd85,1689966136,1693824983,1693824983,"[{'createdAt': {'$date': 1689946715000}, 'trackingCode': 'a25a478fea699ee712282093aa7f2e3e', 'status': None, 'description': 'EMISSAO', 'trackerType': '202591c2658eb8db7d1c57e1273cd270', 'from': '1cf243b4bf1972714790af5e9b2d29a7', 'to': '6adf97f83acf6453d4a6a4b1070f3754'}, {'createdAt': {'$date': 1689964087000}, 'trackingCode': 'a25a478fea699ee712282093aa7f2e3e', 'status': None, 'description': 'TRANSFERENCIA', 'trackerType': '202591c2658eb8db7d1c57e1273cd270', 'from': '1cf243b4bf1972714790af5e9b2d29a7', 'to': '6adf97f83acf6453d4a6a4b1070f3754'}, {'createdAt': {'$date': 1689977012000}, 'trackingCode': 'a25a478fea699ee712282093aa7f2e3e', 'status': None, 'description': 'ENTRADA', 'trackerType': '202591c2658eb8db7d1c57e1273cd270', 'from': '678eb27519e5bec839ae31ec9455ea1b', 'to': '6adf97f83acf6453d4a6a4b1070f3754'}, {'createdAt': {'$date': 1689979748000}, 'trackingCode': 'a25a478fea699ee712282093aa7f2e3e', 'status': None, 'description': 'TRANSFERENCIA', 'trackerType': '202591c2658eb8db7d1c57e1273cd270', 'from': '678eb27519e5bec839ae31ec9455ea1b', 'to': '6adf97f83acf6453d4a6a4b1070f3754'}, {'createdAt': {'$date': 1689979973000}, 'trackingCode': 'a25a478fea699ee712282093aa7f2e3e', 'status': None, 'description': 'TRANSFERENCIA', 'trackerType': '202591c2658eb8db7d1c57e1273cd270', 'from': '678eb27519e5bec839ae31ec9455ea1b', 'to': '6adf97f83acf6453d4a6a4b1070f3754'}, {'createdAt': {'$date': 1690031701000}, 'trackingCode': 'a25a478fea699ee712282093aa7f2e3e', 'status': None, 'description': 'TRANSFERIDO PARA UNIDADE', 'trackerType': '202591c2658eb8db7d1c57e1273cd270', 'from': '678eb27519e5bec839ae31ec9455ea1b', 'to': '6adf97f83acf6453d4a6a4b1070f3754'}, {'createdAt': {'$date': 1690080767000}, 'trackingCode': 'a25a478fea699ee712282093aa7f2e3e', 'status': None, 'description': 'TRANSFERENCIA', 'trackerType': '202591c2658eb8db7d1c57e1273cd270', 'from': 'fac929278c0e5ba967802153ba729336', 'to': '6adf97f83acf6453d4a6a4b1070f3754'}, {'createdAt': {'$date': 1690139763000}, 'trackingCode': 'a25a478fea699ee712282093aa7f2e3e', 'status': None, 'description': 'TRANSFERENCIA', 'trackerType': '202591c2658eb8db7d1c57e1273cd270', 'from': 'fac929278c0e5ba967802153ba729336', 'to': '6adf97f83acf6453d4a6a4b1070f3754'}, {'createdAt': {'$date': 1690184570000}, 'trackingCode': 'a25a478fea699ee712282093aa7f2e3e', 'status': None, 'description': 'TRANSFERIDO PARA UNIDADE', 'trackerType': '202591c2658eb8db7d1c57e1273cd270', 'from': 'bb06c77b0bda796758fb2d30ec897c06', 'to': '6adf97f83acf6453d4a6a4b1070f3754'}, {'createdAt': {'$date': 1690190310000}, 'trackingCode': 'a25a478fea699ee712282093aa7f2e3e', 'status': None, 'description': 'ENTRADA', 'trackerType': '202591c2658eb8db7d1c57e1273cd270', 'from': 'cea42657b7208972625c9fa072925406', 'to': '6adf97f83acf6453d4a6a4b1070f3754'}, {'createdAt': {'$date': 1690192027000}, 'trackingCode': 'a25a478fea699ee712282093aa7f2e3e', 'status': None, 'description': 'EM ROTA', 'trackerType': '202591c2658eb8db7d1c57e1273cd270', 'from': 'cea42657b7208972625c9fa072925406', 'to': '6adf97f83acf6453d4a6a4b1070f3754'}, {'createdAt': {'$date': 1690197769000}, 'trackingCode': 'a25a478fea699ee712282093aa7f2e3e', 'status': None, 'description': 'ENTREGUE', 'trackerType': '202591c2658eb8db7d1c57e1273cd270', 'from': 'cea42657b7208972625c9fa072925406', 'to': '6adf97f83acf6453d4a6a4b1070f3754'}]"
U,8b52f1ffb184d7b8cc027047f621bf7d,1692350611,1693824983,1693824983,"[{'createdAt': {'$date': 1692266595000}, 'trackingCode': 'ad5134d0b76443f37cbea48625fe1c87', 'status': '01', 'description': 'Objeto em trânsito - por favor aguarde', 'trackerType': '27bb7dfdbe0de2d482d1c37c3fe5bfe3', 'from': 'c314ee3147641ec113b38ba34f4cb7a3', 'to': '2c273a4e9480b77f6b57d19f3c0d98a4'}, {'createdAt': {'$date': 1691611440000}, 'trackingCode': 'ad5134d0b76443f37cbea48625fe1c87', 'status': '01', 'description': 'Objeto em trânsito - por favor aguarde', 'trackerType': '27bb7dfdbe0de2d482d1c37c3fe5bfe3', 'from': 'a9b3bd46be7390826100cfcfd8f271ec', 'to': 'c314ee3147641ec113b38ba34f4cb7a3'}, {'createdAt': {'$date': 1691572995000}, 'trackingCode': 'ad5134d0b76443f37cbea48625fe1c87', 'status': '01', 'description': 'Objeto em trânsito - por favor aguarde', 'trackerType': '27bb7dfdbe0de2d482d1c37c3fe5bfe3', 'from': 'ccbb525ecc093e5896e367da08c76a65', 'to': 'a9b3bd46be7390826100cfcfd8f271ec'}, {'createdAt': {'$date': 1691530788000}, 'trackingCode': 'ad5134d0b76443f37cbea48625fe1c87', 'status': '09', 'description': 'Objeto postado após o horário limite da unidade', 'trackerType': '27bb7dfdbe0de2d482d1c37c3fe5bfe3', 'from': 'ccbb525ecc093e5896e367da08c76a65', 'to': '6adf97f83acf6453d4a6a4b1070f3754'}, {'createdAt': {'$date': 1692872507000}, 'trackingCode': 'ad5134d0b76443f37cbea48625fe1c87', 'status': '20', 'description': 'Objeto não entregue - carteiro não atendido', 'trackerType': '27bb7dfdbe0de2d482d1c37c3fe5bfe3', 'from': '2c273a4e9480b77f6b57d19f3c0d98a4', 'to': '6adf97f83acf6453d4a6a4b1070f3754'}, {'createdAt': {'$date': 1692865387000}, 'trackingCode': 'ad5134d0b76443f37cbea48625fe1c87', 'status': '01', 'description': 'Objeto saiu para entrega ao destinatário', 'trackerType': '27bb7dfdbe0de2d482d1c37c3fe5bfe3', 'from': '2c273a4e9480b77f6b57d19f3c0d98a4', 'to': '6adf97f83acf6453d4a6a4b1070f3754'}, {'createdAt': {'$date': 1692951460000}, 'trackingCode': 'ad5134d0b76443f37cbea48625fe1c87', 'status': '01', 'description': 'Objeto saiu para entrega ao destinatário', 'trackerType': '27bb7dfdbe0de2d482d1c37c3fe5bfe3', 'from': '2c273a4e9480b77f6b57d19f3c0d98a4', 'to': '6adf97f83acf6453d4a6a4b1070f3754'}, {'createdAt': {'$date': 1692959358000}, 'trackingCode': 'ad5134d0b76443f37cbea48625fe1c87', 'status': '02', 'description': 'Objeto não entregue - carteiro não atendido', 'trackerType': '27bb7dfdbe0de2d482d1c37c3fe5bfe3', 'from': '2c273a4e9480b77f6b57d19f3c0d98a4', 'to': '6adf97f83acf6453d4a6a4b1070f3754'}, {'createdAt': {'$date': 1693219160000}, 'trackingCode': 'ad5134d0b76443f37cbea48625fe1c87', 'status': '01', 'description': 'Objeto em trânsito - por favor aguarde', 'trackerType': '27bb7dfdbe0de2d482d1c37c3fe5bfe3', 'from': '2c273a4e9480b77f6b57d19f3c0d98a4', 'to': '91de6c11b328f6135270a28ec6fca055'}, {'createdAt': {'$date': 1693242605000}, 'trackingCode': 'ad5134d0b76443f37cbea48625fe1c87', 'status': '01', 'description': 'Objeto aguardando retirada no endereço indicado', 'trackerType': '27bb7dfdbe0de2d482d1c37c3fe5bfe3', 'from': '91de6c11b328f6135270a28ec6fca055', 'to': '6adf97f83acf6453d4a6a4b1070f3754'}, {'createdAt': {'$date': 1693479145000}, 'trackingCode': 'ad5134d0b76443f37cbea48625fe1c87', 'status': '01', 'description': 'Objeto entregue ao destinatário', 'trackerType': '27bb7dfdbe0de2d482d1c37c3fe5bfe3', 'from': '91de6c11b328f6135270a28ec6fca055', 'to': '6adf97f83acf6453d4a6a4b1070f3754'}]"
U,a6432383df41bf2a1bbe41050e4acc5c,1692050087,1693824983,1693824983,"[{'createdAt': {'$date': 1692044151000}, 'trackingCode': 'd0ca4fed6aaae98b73384725c5ae71ed', 'status': '15', 'description': 'Transferido', 'trackerType': '560eb3b8655c97fabfc9af244772eeed', 'from': '23f9a10d30b3af5a77131dcdc4f38c7d', 'to': '6adf97f83acf6453d4a6a4b1070f3754'}, {'createdAt': {'$date': 1692034736000}, 'trackingCode': 'd0ca4fed6aaae98b73384725c5ae71ed', 'status': '14', 'description': 'Em Transferência', 'trackerType': '560eb3b8655c97fabfc9af244772eeed', 'from': 'f4f15c626b348b91b099544a0f9a48ff', 'to': '6adf97f83acf6453d4a6a4b1070f3754'}, {'createdAt': {'$date': 1692032066000}, 'trackingCode': 'd0ca4fed6aaae98b73384725c5ae71ed', 'status': '34', 'description': 'CT-e autorizado', 'trackerType': '560eb3b8655c97fabfc9af244772eeed', 'from': 'f4f15c626b348b91b099544a0f9a48ff', 'to': '6adf97f83acf6453d4a6a4b1070f3754'}, {'createdAt': {'$date': 1692031761000}, 'trackingCode': 'd0ca4fed6aaae98b73384725c5ae71ed', 'status': '2', 'description': 'Recebido pela transportadora', 'trackerType': '560eb3b8655c97fabfc9af244772eeed', 'from': 'f4f15c626b348b91b099544a0f9a48ff', 'to': '6adf97f83acf6453d4a6a4b1070f3754'}, {'createdAt': {'$date': 1692013583000}, 'trackingCode': 'd0ca4fed6aaae98b73384725c5ae71ed', 'status': '1', 'description': 'Arquivo Recebido', 'trackerType': '560eb3b8655c97fabfc9af244772eeed', 'from': '23f9a10d30b3af5a77131dcdc4f38c7d', 'to': '6adf97f83acf6453d4a6a4b1070f3754'}, {'createdAt': {'$date': 1692095847000}, 'trackingCode': 'd0ca4fed6aaae98b73384725c5ae71ed', 'status': '3', 'description': 'Geração de lista', 'trackerType': '560eb3b8655c97fabfc9af244772eeed', 'from': '23f9a10d30b3af5a77131dcdc4f38c7d', 'to': '6adf97f83acf6453d4a6a4b1070f3754'}, {'createdAt': {'$date': 1692121008000}, 'trackingCode': 'd0ca4fed6aaae98b73384725c5ae71ed', 'status': '6', 'description': 'Entregue', 'trackerType': '560eb3b8655c97fabfc9af244772eeed', 'from': '23f9a10d30b3af5a77131dcdc4f38c7d', 'to': '6adf97f83acf6453d4a6a4b1070f3754'}, {'createdAt': {'$date': 1692120908000}, 'trackingCode': 'd0ca4fed6aaae98b73384725c5ae71ed', 'status': '5', 'description': 'A caminho do destinatário', 'trackerType': '560eb3b8655c97fabfc9af244772eeed', 'from': '23f9a10d30b3af5a77131dcdc4f38c7d', 'to': '6adf97f83acf6453d4a6a4b1070f3754'}, {'createdAt': {'$date': 1692115723000}, 'trackingCode': 'd0ca4fed6aaae98b73384725c5ae71ed', 'status': '4', 'description': 'Em Rota', 'trackerType': '560eb3b8655c97fabfc9af244772eeed', 'from': '23f9a10d30b3af5a77131dcdc4f38c7d', 'to': '6adf97f83acf6453d4a6a4b1070f3754'}]"
U,3f8ef31ef15cd57939e56bfca0b6ea46,1690225405,1693824983,1693824983,"[{'createdAt': {'$date': 1690222611000}, 'trackingCode': 'fcb41b1ee655d0e237ca16b9d22de6f6', 'status': '102', 'description': 'Informação do Envio enviado à Azul Cargo Express (CT-e emitido)\t', 'trackerType': '3b24fa7e14555a1912e5bc2198f8e075', 'from': '0d706e453668f4d9a0c57ae81f923e51', 'to': '6adf97f83acf6453d4a6a4b1070f3754'}, {'createdAt': {'$date': 1690228657000}, 'trackingCode': 'fcb41b1ee655d0e237ca16b9d22de6f6', 'status': '142', 'description': 'Embarque no veículo para transferência ou em rota para entrega', 'trackerType': '3b24fa7e14555a1912e5bc2198f8e075', 'from': '0d706e453668f4d9a0c57ae81f923e51', 'to': '6adf97f83acf6453d4a6a4b1070f3754'}, {'createdAt': {'$date': 1690228657000}, 'trackingCode': 'fcb41b1ee655d0e237ca16b9d22de6f6', 'status': '133', 'description': 'Saida Do Veiculo', 'trackerType': '3b24fa7e14555a1912e5bc2198f8e075', 'from': '0d706e453668f4d9a0c57ae81f923e51', 'to': '6adf97f83acf6453d4a6a4b1070f3754'}, {'createdAt': {'$date': 1690236000000}, 'trackingCode': 'fcb41b1ee655d0e237ca16b9d22de6f6', 'status': '136', 'description': 'Chegou na Unidade Azul Cargo Express\t', 'trackerType': '3b24fa7e14555a1912e5bc2198f8e075', 'from': '3d546c03f720c3a373b7193c931ff429', 'to': '6adf97f83acf6453d4a6a4b1070f3754'}, {'createdAt': {'$date': 1690265951000}, 'trackingCode': 'fcb41b1ee655d0e237ca16b9d22de6f6', 'status': '104', 'description': 'Deixou a unidade Azul Cargo Express\t', 'trackerType': '3b24fa7e14555a1912e5bc2198f8e075', 'from': '3d546c03f720c3a373b7193c931ff429', 'to': '6adf97f83acf6453d4a6a4b1070f3754'}, {'createdAt': {'$date': 1690265963000}, 'trackingCode': 'fcb41b1ee655d0e237ca16b9d22de6f6', 'status': '134', 'description': 'Saída do voo\t', 'trackerType': '3b24fa7e14555a1912e5bc2198f8e075', 'from': '3d546c03f720c3a373b7193c931ff429', 'to': '6adf97f83acf6453d4a6a4b1070f3754'}, {'createdAt': {'$date': 1690280820000}, 'trackingCode': 'fcb41b1ee655d0e237ca16b9d22de6f6', 'status': '137', 'description': 'Chegada do voo\t', 'trackerType': '3b24fa7e14555a1912e5bc2198f8e075', 'from': '1eaad630b48b36d5fc32e235aead1633', 'to': '6adf97f83acf6453d4a6a4b1070f3754'}, {'createdAt': {'$date': 1690384929000}, 'trackingCode': 'fcb41b1ee655d0e237ca16b9d22de6f6', 'status': '104', 'description': 'Deixou a unidade Azul Cargo Express\t', 'trackerType': '3b24fa7e14555a1912e5bc2198f8e075', 'from': '1eaad630b48b36d5fc32e235aead1633', 'to': '6adf97f83acf6453d4a6a4b1070f3754'}, {'createdAt': {'$date': 1690384932000}, 'trackingCode': 'fcb41b1ee655d0e237ca16b9d22de6f6', 'status': '134', 'description': 'Saída do voo\t', 'trackerType': '3b24fa7e14555a1912e5bc2198f8e075', 'from': '1eaad630b48b36d5fc32e235aead1633', 'to': '6adf97f83acf6453d4a6a4b1070f3754'}, {'createdAt': {'$date': 1690387380000}, 'trackingCode': 'fcb41b1ee655d0e237ca16b9d22de6f6', 'status': '137', 'description': 'Chegada do voo\t', 'trackerType': '3b24fa7e14555a1912e5bc2198f8e075', 'from': 'ace919f1f6613534e275ac69189551dd', 'to': '6adf97f83acf6453d4a6a4b1070f3754'}, {'createdAt': {'$date': 1690673389000}, 'trackingCode': 'fcb41b1ee655d0e237ca16b9d22de6f6', 'status': '104', 'description': 'Deixou a unidade Azul Cargo Express\t', 'trackerType': '3b24fa7e14555a1912e5bc2198f8e075', 'from': 'ace919f1f6613534e275ac69189551dd', 'to': '6adf97f83acf6453d4a6a4b1070f3754'}, {'createdAt': {'$date': 1690811447000}, 'trackingCode': 'fcb41b1ee655d0e237ca16b9d22de6f6', 'status': '133', 'description': 'Saida Do Veiculo', 'trackerType': '3b24fa7e14555a1912e5bc2198f8e075', 'from': 'ace919f1f6613534e275ac69189551dd', 'to': '6adf97f83acf6453d4a6a4b1070f3754'}, {'createdAt': {'$date': 1690926597000}, 'trackingCode': 'fcb41b1ee655d0e237ca16b9d22de6f6', 'status': '104', 'description': 'Deixou a unidade Azul Cargo Express\t', 'trackerType': '3b24fa7e14555a1912e5bc2198f8e075', 'from': 'ace919f1f6613534e275ac69189551dd', 'to': '6adf97f83acf6453d4a6a4b1070f3754'}, {'createdAt': {'$date': 1690926842000}, 'trackingCode': 'fcb41b1ee655d0e237ca16b9d22de6f6', 'status': '133', 'description': 'Saida Do Veiculo', 'trackerType': '3b24fa7e14555a1912e5bc2198f8e075', 'from': 'ace919f1f6613534e275ac69189551dd', 'to': '6adf97f83acf6453d4a6a4b1070f3754'}, {'createdAt': {'$date': 1690931651000}, 'trackingCode': 'fcb41b1ee655d0e237ca16b9d22de6f6', 'status': '104', 'description': 'Deixou a unidade Azul Cargo Express\t', 'trackerType': '3b24fa7e14555a1912e5bc2198f8e075', 'from': 'ace919f1f6613534e275ac69189551dd', 'to': '6adf97f83acf6453d4a6a4b1070f3754'}, {'createdAt': {'$date': 1690932065000}, 'trackingCode': 'fcb41b1ee655d0e237ca16b9d22de6f6', 'status': '133', 'description': 'Saida Do Veiculo', 'trackerType': '3b24fa7e14555a1912e5bc2198f8e075', 'from': 'ace919f1f6613534e275ac69189551dd', 'to': '6adf97f83acf6453d4a6a4b1070f3754'}, {'createdAt': {'$date': 1691001527000}, 'trackingCode': 'fcb41b1ee655d0e237ca16b9d22de6f6', 'status': '01', 'description': 'Remessa entregue', 'trackerType': '3b24fa7e14555a1912e5bc2198f8e075', 'from': '6adf97f83acf6453d4a6a4b1070f3754', 'to': '6adf97f83acf6453d4a6a4b1070f3754'}]"
U,0dd0ff85eceba0e94b74c7b6da47f6ce,1693419650,1693824983,1693824983,"[{'createdAt': {'$date': 1693401288000}, 'trackingCode': '022cb7b4686fb7384908c547b3631808', 'status': '01', 'description': 'Objeto postado', 'trackerType': '27bb7dfdbe0de2d482d1c37c3fe5bfe3', 'from': 'f0aa1982f61314b9aab258c2f110ebab', 'to': '6adf97f83acf6453d4a6a4b1070f3754'}, {'createdAt': {'$date': 1693638731000}, 'trackingCode': '022cb7b4686fb7384908c547b3631808', 'status': '16', 'description': 'Objeto recebido pelos Correios do Brasil', 'trackerType': '27bb7dfdbe0de2d482d1c37c3fe5bfe3', 'from': '44d02c36e6691bb8faacd16784348114', 'to': '6adf97f83acf6453d4a6a4b1070f3754'}]"
U,f3d17d2783dcae37588cce1a3c3a3faa,1688589908,1693824983,1693824983,"[{'createdAt': {'$date': 1688206504000}, 'trackingCode': '8fc67ffbac5e27e601ad62b51165fa12', 'status': '01', 'description': 'Objeto em trânsito - por favor aguarde', 'trackerType': '27bb7dfdbe0de2d482d1c37c3fe5bfe3', 'from': '44d02c36e6691bb8faacd16784348114', 'to': 'c2fab76fc69da04c9a5ba68ce7969b21'}, {'createdAt': {'$date': 1688206503000}, 'trackingCode': '8fc67ffbac5e27e601ad62b51165fa12', 'status': '10', 'description': 'Fiscalização aduaneira finalizada', 'trackerType': '27bb7dfdbe0de2d482d1c37c3fe5bfe3', 'from': '44d02c36e6691bb8faacd16784348114', 'to': '6adf97f83acf6453d4a6a4b1070f3754'}, {'createdAt': {'$date': 1687781002000}, 'trackingCode': '8fc67ffbac5e27e601ad62b51165fa12', 'status': '16', 'description': 'Objeto recebido pelos Correios do Brasil', 'trackerType': '27bb7dfdbe0de2d482d1c37c3fe5bfe3', 'from': '44d02c36e6691bb8faacd16784348114', 'to': '6adf97f83acf6453d4a6a4b1070f3754'}, {'createdAt': {'$date': 1687504969000}, 'trackingCode': '8fc67ffbac5e27e601ad62b51165fa12', 'status': '01', 'description': 'Objeto postado', 'trackerType': '27bb7dfdbe0de2d482d1c37c3fe5bfe3', 'from': 'f0aa1982f61314b9aab258c2f110ebab', 'to': '6adf97f83acf6453d4a6a4b1070f3754'}, {'createdAt': {'$date': 1688674643000}, 'trackingCode': '8fc67ffbac5e27e601ad62b51165fa12', 'status': '01', 'description': 'Objeto em trânsito - por favor aguarde', 'trackerType': '27bb7dfdbe0de2d482d1c37c3fe5bfe3', 'from': 'c2fab76fc69da04c9a5ba68ce7969b21', 'to': '047b0ef689d625ea1d1ca306bd088807'}, {'createdAt': {'$date': 1689953280000}, 'trackingCode': '8fc67ffbac5e27e601ad62b51165fa12', 'status': '39', 'description': 'A entrega não pode ser efetuada', 'trackerType': '27bb7dfdbe0de2d482d1c37c3fe5bfe3', 'from': '047b0ef689d625ea1d1ca306bd088807', 'to': '6adf97f83acf6453d4a6a4b1070f3754'}, {'createdAt': {'$date': 1689867222000}, 'trackingCode': '8fc67ffbac5e27e601ad62b51165fa12', 'status': '05', 'description': 'Favor desconsiderar a informação anterior', 'trackerType': '27bb7dfdbe0de2d482d1c37c3fe5bfe3', 'from': '047b0ef689d625ea1d1ca306bd088807', 'to': '6adf97f83acf6453d4a6a4b1070f3754'}, {'createdAt': {'$date': 1690014521000}, 'trackingCode': '8fc67ffbac5e27e601ad62b51165fa12', 'status': '01', 'description': 'Objeto saiu para entrega ao destinatário', 'trackerType': '27bb7dfdbe0de2d482d1c37c3fe5bfe3', 'from': '047b0ef689d625ea1d1ca306bd088807', 'to': '6adf97f83acf6453d4a6a4b1070f3754'}, {'createdAt': {'$date': 1690017649000}, 'trackingCode': '8fc67ffbac5e27e601ad62b51165fa12', 'status': '01', 'description': 'Objeto entregue ao destinatário', 'trackerType': '27bb7dfdbe0de2d482d1c37c3fe5bfe3', 'from': '047b0ef689d625ea1d1ca306bd088807', 'to': '6adf97f83acf6453d4a6a4b1070f3754'}]"
U,eb03f63f44c409cd8cf190fab0cdb3d6,1693510377,1693824983,1693794344,"[{'createdAt': {'$date': 1693501636000}, 'trackingCode': '4b2d7e38d5217b53b0f8657988e4eaac', 'status': None, 'description': 'EMISSAO', 'trackerType': '202591c2658eb8db7d1c57e1273cd270', 'from': 'c72c5f2c82c906d94cff53879ed7da03', 'to': '6adf97f83acf6453d4a6a4b1070f3754'}, {'createdAt': {'$date': 1693591505000}, 'trackingCode': '4b2d7e38d5217b53b0f8657988e4eaac', 'status': None, 'description': 'ENTRADA', 'trackerType': '202591c2658eb8db7d1c57e1273cd270', 'from': 'c72c5f2c82c906d94cff53879ed7da03', 'to': '6adf97f83acf6453d4a6a4b1070f3754'}, {'createdAt': {'$date': 1693591858000}, 'trackingCode': '4b2d7e38d5217b53b0f8657988e4eaac', 'status': None, 'description': 'TRANSFERENCIA', 'trackerType': '202591c2658eb8db7d1c57e1273cd270', 'from': 'c72c5f2c82c906d94cff53879ed7da03', 'to': '6adf97f83acf6453d4a6a4b1070f3754'}, {'createdAt': {'$date': 1693591874000}, 'trackingCode': '4b2d7e38d5217b53b0f8657988e4eaac', 'status': None, 'description': 'TRANSFERENCIA', 'trackerType': '202591c2658eb8db7d1c57e1273cd270', 'from': 'c72c5f2c82c906d94cff53879ed7da03', 'to': '6adf97f83acf6453d4a6a4b1070f3754'}, {'createdAt': {'$date': 1693645500000}, 'trackingCode': '4b2d7e38d5217b53b0f8657988e4eaac', 'status': None, 'description': 'ENTRADA', 'trackerType': '202591c2658eb8db7d1c57e1273cd270', 'from': 'fac929278c0e5ba967802153ba729336', 'to': '6adf97f83acf6453d4a6a4b1070f3754'}, {'createdAt': {'$date': 1693670469000}, 'trackingCode': '4b2d7e38d5217b53b0f8657988e4eaac', 'status': None, 'description': 'TRANSFERENCIA', 'trackerType': '202591c2658eb8db7d1c57e1273cd270', 'from': 'e81f9b321e898f638477f1f13bf81c38', 'to': '6adf97f83acf6453d4a6a4b1070f3754'}, {'createdAt': {'$date': 1693800528000}, 'trackingCode': '4b2d7e38d5217b53b0f8657988e4eaac', 'status': None, 'description': 'TRANSFERENCIA', 'trackerType': '202591c2658eb8db7d1c57e1273cd270', 'from': 'fac929278c0e5ba967802153ba729336', 'to': '6adf97f83acf6453d4a6a4b1070f3754'}, {'createdAt': {'$date': 1693810885000}, 'trackingCode': '4b2d7e38d5217b53b0f8657988e4eaac', 'status': None, 'description': 'TRANSFERIDO PARA UNIDADE', 'trackerType': '202591c2658eb8db7d1c57e1273cd270', 'from': 'bb06c77b0bda796758fb2d30ec897c06', 'to': '6adf97f83acf6453d4a6a4b1070f3754'}, {'createdAt': {'$date': 1693814323000}, 'trackingCode': '4b2d7e38d5217b53b0f8657988e4eaac', 'status': None, 'description': 'ENTRADA', 'trackerType': '202591c2658eb8db7d1c57e1273cd270', 'from': '4a412d75ecd6acca7c5cf60c102921e1', 'to': '6adf97f83acf6453d4a6a4b1070f3754'}, {'createdAt': {'$date': 1693814624000}, 'trackingCode': '4b2d7e38d5217b53b0f8657988e4eaac', 'status': None, 'description': 'TRANSFERENCIA', 'trackerType': '202591c2658eb8db7d1c57e1273cd270', 'from': '4a412d75ecd6acca7c5cf60c102921e1', 'to': '6adf97f83acf6453d4a6a4b1070f3754'}, {'createdAt': {'$date': 1693814639000}, 'trackingCode': '4b2d7e38d5217b53b0f8657988e4eaac', 'status': None, 'description': 'ENTRADA', 'trackerType': '202591c2658eb8db7d1c57e1273cd270', 'from': '169b66a010f4fab01bdea42568947f34', 'to': '6adf97f83acf6453d4a6a4b1070f3754'}, {'createdAt': {'$date': 1693819545000}, 'trackingCode': '4b2d7e38d5217b53b0f8657988e4eaac', 'status': None, 'description': 'EM ROTA', 'trackerType': '202591c2658eb8db7d1c57e1273cd270', 'from': '169b66a010f4fab01bdea42568947f34', 'to': '6adf97f83acf6453d4a6a4b1070f3754'}]"
U,49d486ecacef39fc419c03a7d7f164ec,1690978936,1693824983,1693824983,"[{'createdAt': {'$date': 1690883892000}, 'trackingCode': '5ea9ea65b8ccad4de54c9fdd67255037', 'status': '01', 'description': 'Objeto em trânsito - por favor aguarde', 'trackerType': '27bb7dfdbe0de2d482d1c37c3fe5bfe3', 'from': 'd29b01170389a24f6563d4157d8a11ba', 'to': '6d2f7fb8720d08768c04c28050b9809b'}, {'createdAt': {'$date': 1690598702000}, 'trackingCode': '5ea9ea65b8ccad4de54c9fdd67255037', 'status': '01', 'description': 'Objeto em trânsito - por favor aguarde', 'trackerType': '27bb7dfdbe0de2d482d1c37c3fe5bfe3', 'from': 'a9b3bd46be7390826100cfcfd8f271ec', 'to': 'd29b01170389a24f6563d4157d8a11ba'}, {'createdAt': {'$date': 1690447478000}, 'trackingCode': '5ea9ea65b8ccad4de54c9fdd67255037', 'status': '01', 'description': 'Objeto em trânsito - por favor aguarde', 'trackerType': '27bb7dfdbe0de2d482d1c37c3fe5bfe3', 'from': '624792153d13e60ac4d1315aecfc7092', 'to': 'a9b3bd46be7390826100cfcfd8f271ec'}, {'createdAt': {'$date': 1690386551000}, 'trackingCode': '5ea9ea65b8ccad4de54c9fdd67255037', 'status': '09', 'description': 'Objeto postado após o horário limite da unidade', 'trackerType': '27bb7dfdbe0de2d482d1c37c3fe5bfe3', 'from': '624792153d13e60ac4d1315aecfc7092', 'to': '6adf97f83acf6453d4a6a4b1070f3754'}, {'createdAt': {'$date': 1691061307000}, 'trackingCode': '5ea9ea65b8ccad4de54c9fdd67255037', 'status': '14', 'description': 'Objeto encaminhado para retirada no endereço indicado', 'trackerType': '27bb7dfdbe0de2d482d1c37c3fe5bfe3', 'from': 'e01376afff91cc94d4247a502d3bf8cd', 'to': '6adf97f83acf6453d4a6a4b1070f3754'}, {'createdAt': {'$date': 1691660886000}, 'trackingCode': '5ea9ea65b8ccad4de54c9fdd67255037', 'status': '01', 'description': 'Objeto entregue ao destinatário', 'trackerType': '27bb7dfdbe0de2d482d1c37c3fe5bfe3', 'from': 'e01376afff91cc94d4247a502d3bf8cd', 'to': '6adf97f83acf6453d4a6a4b1070f3754'}]"
U,f3ce99121697a8c169fc07846e1c8c93,1693347845,1693824983,1693824983,"[{'createdAt': {'$date': 1693243783000}, 'trackingCode': '5de0a0ee692be72ee5e30bbfecf85059', 'status': '01', 'description': 'Objeto em trânsito - por favor aguarde', 'trackerType': '27bb7dfdbe0de2d482d1c37c3fe5bfe3', 'from': '9c503ecc4f113471367063483aca15c7', 'to': 'ed6c6d49b5320355ab8090305185458f'}, {'createdAt': {'$date': 1692973199000}, 'trackingCode': '5de0a0ee692be72ee5e30bbfecf85059', 'status': '01', 'description': 'Objeto em trânsito - por favor aguarde', 'trackerType': '27bb7dfdbe0de2d482d1c37c3fe5bfe3', 'from': '49941bcadd05652e4c73a975a81540b6', 'to': 'ed6c6d49b5320355ab8090305185458f'}, {'createdAt': {'$date': 1692955584000}, 'trackingCode': '5de0a0ee692be72ee5e30bbfecf85059', 'status': '01', 'description': 'Objeto em trânsito - por favor aguarde', 'trackerType': '27bb7dfdbe0de2d482d1c37c3fe5bfe3', 'from': 'e710b83ee05f19202c30fbacaa5802c4', 'to': '49941bcadd05652e4c73a975a81540b6'}, {'createdAt': {'$date': 1692900082000}, 'trackingCode': '5de0a0ee692be72ee5e30bbfecf85059', 'status': '01', 'description': 'Objeto postado', 'trackerType': '27bb7dfdbe0de2d482d1c37c3fe5bfe3', 'from': 'e710b83ee05f19202c30fbacaa5802c4', 'to': '6adf97f83acf6453d4a6a4b1070f3754'}, {'createdAt': {'$date': 1693589907000}, 'trackingCode': '5de0a0ee692be72ee5e30bbfecf85059', 'status': '01', 'description': 'Objeto em trânsito - por favor aguarde', 'trackerType': '27bb7dfdbe0de2d482d1c37c3fe5bfe3', 'from': 'ed6c6d49b5320355ab8090305185458f', 'to': '42595f76219498e5b2fae411685a2eb2'}]"
U,303ce7bb1f1dd7f8e4eb02f36722c81d,1692833630,1693824983,1693824983,"[{'createdAt': {'$date': 1692348810000}, 'trackingCode': 'c4c948b88f3ce6ce0334d2653f986671', 'status': '01', 'description': 'Objeto entregue ao destinatário', 'trackerType': '27bb7dfdbe0de2d482d1c37c3fe5bfe3', 'from': '0f293a952ac9ca7c68bc34259ede7764', 'to': '6adf97f83acf6453d4a6a4b1070f3754'}, {'createdAt': {'$date': 1692346862000}, 'trackingCode': 'c4c948b88f3ce6ce0334d2653f986671', 'status': '01', 'description': 'Objeto saiu para entrega ao destinatário', 'trackerType': '27bb7dfdbe0de2d482d1c37c3fe5bfe3', 'from': '0f293a952ac9ca7c68bc34259ede7764', 'to': '6adf97f83acf6453d4a6a4b1070f3754'}, {'createdAt': {'$date': 1692290812000}, 'trackingCode': 'c4c948b88f3ce6ce0334d2653f986671', 'status': '01', 'description': 'Objeto em trânsito - por favor aguarde', 'trackerType': '27bb7dfdbe0de2d482d1c37c3fe5bfe3', 'from': 'a757092f093878f4aac4abe0c0c4746e', 'to': '0f293a952ac9ca7c68bc34259ede7764'}, {'createdAt': {'$date': 1692189743000}, 'trackingCode': 'c4c948b88f3ce6ce0334d2653f986671', 'status': '01', 'description': 'Objeto em trânsito - por favor aguarde', 'trackerType': '27bb7dfdbe0de2d482d1c37c3fe5bfe3', 'from': '19f61c9bfe1f048ab353e403dfde3103', 'to': 'a757092f093878f4aac4abe0c0c4746e'}, {'createdAt': {'$date': 1692113706000}, 'trackingCode': 'c4c948b88f3ce6ce0334d2653f986671', 'status': '01', 'description': 'Objeto em trânsito - por favor aguarde', 'trackerType': '27bb7dfdbe0de2d482d1c37c3fe5bfe3', 'from': '9cba45450e209bd926196e2d646dd84b', 'to': '19f61c9bfe1f048ab353e403dfde3103'}, {'createdAt': {'$date': 1692027099000}, 'trackingCode': 'c4c948b88f3ce6ce0334d2653f986671', 'status': '09', 'description': 'Objeto postado após o horário limite da unidade', 'trackerType': '27bb7dfdbe0de2d482d1c37c3fe5bfe3', 'from': '9cba45450e209bd926196e2d646dd84b', 'to': '6adf97f83acf6453d4a6a4b1070f3754'}]"
U,eb03f63f44c409cd8cf190fab0cdb3d6,1693510377,1693824983,1693824983,"[{'createdAt': {'$date': 1693501636000}, 'trackingCode': '4b2d7e38d5217b53b0f8657988e4eaac', 'status': None, 'description': 'EMISSAO', 'trackerType': '202591c2658eb8db7d1c57e1273cd270', 'from': 'c72c5f2c82c906d94cff53879ed7da03', 'to': '6adf97f83acf6453d4a6a4b1070f3754'}, {'createdAt': {'$date': 1693591505000}, 'trackingCode': '4b2d7e38d5217b53b0f8657988e4eaac', 'status': None, 'description': 'ENTRADA', 'trackerType': '202591c2658eb8db7d1c57e1273cd270', 'from': 'c72c5f2c82c906d94cff53879ed7da03', 'to': '6adf97f83acf6453d4a6a4b1070f3754'}, {'createdAt': {'$date': 1693591858000}, 'trackingCode': '4b2d7e38d5217b53b0f8657988e4eaac', 'status': None, 'description': 'TRANSFERENCIA', 'trackerType': '202591c2658eb8db7d1c57e1273cd270', 'from': 'c72c5f2c82c906d94cff53879ed7da03', 'to': '6adf97f83acf6453d4a6a4b1070f3754'}, {'createdAt': {'$date': 1693591874000}, 'trackingCode': '4b2d7e38d5217b53b0f8657988e4eaac', 'status': None, 'description': 'TRANSFERENCIA', 'trackerType': '202591c2658eb8db7d1c57e1273cd270', 'from': 'c72c5f2c82c906d94cff53879ed7da03', 'to': '6adf97f83acf6453d4a6a4b1070f3754'}, {'createdAt': {'$date': 1693645500000}, 'trackingCode': '4b2d7e38d5217b53b0f8657988e4eaac', 'status': None, 'description': 'ENTRADA', 'trackerType': '202591c2658eb8db7d1c57e1273cd270', 'from': 'fac929278c0e5ba967802153ba729336', 'to': '6adf97f83acf6453d4a6a4b1070f3754'}, {'createdAt': {'$date': 1693670469000}, 'trackingCode': '4b2d7e38d5217b53b0f8657988e4eaac', 'status': None, 'description': 'TRANSFERENCIA', 'trackerType': '202591c2658eb8db7d1c57e1273cd270', 'from': 'e81f9b321e898f638477f1f13bf81c38', 'to': '6adf97f83acf6453d4a6a4b1070f3754'}, {'createdAt': {'$date': 1693800528000}, 'trackingCode': '4b2d7e38d5217b53b0f8657988e4eaac', 'status': None, 'description': 'TRANSFERENCIA', 'trackerType': '202591c2658eb8db7d1c57e1273cd270', 'from': 'fac929278c0e5ba967802153ba729336', 'to': '6adf97f83acf6453d4a6a4b1070f3754'}, {'createdAt': {'$date': 1693810885000}, 'trackingCode': '4b2d7e38d5217b53b0f8657988e4eaac', 'status': None, 'description': 'TRANSFERIDO PARA UNIDADE', 'trackerType': '202591c2658eb8db7d1c57e1273cd270', 'from': 'bb06c77b0bda796758fb2d30ec897c06', 'to': '6adf97f83acf6453d4a6a4b1070f3754'}, {'createdAt': {'$date': 1693814323000}, 'trackingCode': '4b2d7e38d5217b53b0f8657988e4eaac', 'status': None, 'description': 'ENTRADA', 'trackerType': '202591c2658eb8db7d1c57e1273cd270', 'from': '4a412d75ecd6acca7c5cf60c102921e1', 'to': '6adf97f83acf6453d4a6a4b1070f3754'}, {'createdAt': {'$date': 1693814624000}, 'trackingCode': '4b2d7e38d5217b53b0f8657988e4eaac', 'status': None, 'description': 'TRANSFERENCIA', 'trackerType': '202591c2658eb8db7d1c57e1273cd270', 'from': '4a412d75ecd6acca7c5cf60c102921e1', 'to': '6adf97f83acf6453d4a6a4b1070f3754'}, {'createdAt': {'$date': 1693814639000}, 'trackingCode': '4b2d7e38d5217b53b0f8657988e4eaac', 'status': None, 'description': 'ENTRADA', 'trackerType': '202591c2658eb8db7d1c57e1273cd270', 'from': '169b66a010f4fab01bdea42568947f34', 'to': '6adf97f83acf6453d4a6a4b1070f3754'}, {'createdAt': {'$date': 1693819545000}, 'trackingCode': '4b2d7e38d5217b53b0f8657988e4eaac', 'status': None, 'description': 'EM ROTA', 'trackerType': '202591c2658eb8db7d1c57e1273cd270', 'from': '169b66a010f4fab01bdea42568947f34', 'to': '6adf97f83acf6453d4a6a4b1070f3754'}]"
U,d9521de9ae84f7d4c84407cc557bf1f9,1693215737,1693824983,1693824983,"[{'createdAt': {'$date': 1693050171000}, 'trackingCode': '4f527f792cdfa3daffd7280dd524d549', 'status': '01', 'description': 'Objeto postado', 'trackerType': '27bb7dfdbe0de2d482d1c37c3fe5bfe3', 'from': 'f0aa1982f61314b9aab258c2f110ebab', 'to': '6adf97f83acf6453d4a6a4b1070f3754'}, {'createdAt': {'$date': 1693308594000}, 'trackingCode': '4f527f792cdfa3daffd7280dd524d549', 'status': '16', 'description': 'Objeto recebido pelos Correios do Brasil', 'trackerType': '27bb7dfdbe0de2d482d1c37c3fe5bfe3', 'from': '44d02c36e6691bb8faacd16784348114', 'to': '6adf97f83acf6453d4a6a4b1070f3754'}, {'createdAt': {'$date': 1693383770000}, 'trackingCode': '4f527f792cdfa3daffd7280dd524d549', 'status': '01', 'description': 'Objeto em trânsito - por favor aguarde', 'trackerType': '27bb7dfdbe0de2d482d1c37c3fe5bfe3', 'from': '44d02c36e6691bb8faacd16784348114', 'to': '09d12b538e03f42368a7efa877aafd12'}, {'createdAt': {'$date': 1693383769000}, 'trackingCode': '4f527f792cdfa3daffd7280dd524d549', 'status': '10', 'description': 'Fiscalização aduaneira finalizada', 'trackerType': '27bb7dfdbe0de2d482d1c37c3fe5bfe3', 'from': '44d02c36e6691bb8faacd16784348114', 'to': '6adf97f83acf6453d4a6a4b1070f3754'}]"
U,80d95e1215449149cc5bc0f2068133af,1689879759,1693824983,1693824983,"[{'createdAt': {'$date': 1689876666000}, 'trackingCode': '520f32b025ae10dbe44949b78b1ef955', 'status': '102', 'description': 'Informação do Envio enviado à Azul Cargo Express (CT-e emitido)\t', 'trackerType': '3b24fa7e14555a1912e5bc2198f8e075', 'from': '50f436072ccb6dc26431a632341ac736', 'to': '6adf97f83acf6453d4a6a4b1070f3754'}, {'createdAt': {'$date': 1689876885000}, 'trackingCode': '520f32b025ae10dbe44949b78b1ef955', 'status': '142', 'description': 'Embarque no veículo para transferência ou em rota para entrega', 'trackerType': '3b24fa7e14555a1912e5bc2198f8e075', 'from': '50f436072ccb6dc26431a632341ac736', 'to': '6adf97f83acf6453d4a6a4b1070f3754'}, {'createdAt': {'$date': 1689876885000}, 'trackingCode': '520f32b025ae10dbe44949b78b1ef955', 'status': '133', 'description': 'Saida Do Veiculo', 'trackerType': '3b24fa7e14555a1912e5bc2198f8e075', 'from': '50f436072ccb6dc26431a632341ac736', 'to': '6adf97f83acf6453d4a6a4b1070f3754'}, {'createdAt': {'$date': 1689885300000}, 'trackingCode': '520f32b025ae10dbe44949b78b1ef955', 'status': '136', 'description': 'Chegou na Unidade Azul Cargo Express\t', 'trackerType': '3b24fa7e14555a1912e5bc2198f8e075', 'from': '06e06a17681fe072e310794a31a4259f', 'to': '6adf97f83acf6453d4a6a4b1070f3754'}, {'createdAt': {'$date': 1689885300000}, 'trackingCode': '520f32b025ae10dbe44949b78b1ef955', 'status': '136', 'description': 'Chegou na Unidade Azul Cargo Express\t', 'trackerType': '3b24fa7e14555a1912e5bc2198f8e075', 'from': '06e06a17681fe072e310794a31a4259f', 'to': '6adf97f83acf6453d4a6a4b1070f3754'}, {'createdAt': {'$date': 1689925416000}, 'trackingCode': '520f32b025ae10dbe44949b78b1ef955', 'status': '104', 'description': 'Deixou a unidade Azul Cargo Express\t', 'trackerType': '3b24fa7e14555a1912e5bc2198f8e075', 'from': '06e06a17681fe072e310794a31a4259f', 'to': '6adf97f83acf6453d4a6a4b1070f3754'}, {'createdAt': {'$date': 1689925424000}, 'trackingCode': '520f32b025ae10dbe44949b78b1ef955', 'status': '104', 'description': 'Deixou a unidade Azul Cargo Express\t', 'trackerType': '3b24fa7e14555a1912e5bc2198f8e075', 'from': '06e06a17681fe072e310794a31a4259f', 'to': '6adf97f83acf6453d4a6a4b1070f3754'}, {'createdAt': {'$date': 1689925578000}, 'trackingCode': '520f32b025ae10dbe44949b78b1ef955', 'status': '134', 'description': 'Saída do voo\t', 'trackerType': '3b24fa7e14555a1912e5bc2198f8e075', 'from': '06e06a17681fe072e310794a31a4259f', 'to': '6adf97f83acf6453d4a6a4b1070f3754'}, {'createdAt': {'$date': 1689941580000}, 'trackingCode': '520f32b025ae10dbe44949b78b1ef955', 'status': '137', 'description': 'Chegada do voo\t', 'trackerType': '3b24fa7e14555a1912e5bc2198f8e075', 'from': 'ed76a10a3cebcbb50cb43e29677dcd26', 'to': '6adf97f83acf6453d4a6a4b1070f3754'}, {'createdAt': {'$date': 1689941580000}, 'trackingCode': '520f32b025ae10dbe44949b78b1ef955', 'status': '137', 'description': 'Chegada do voo\t', 'trackerType': '3b24fa7e14555a1912e5bc2198f8e075', 'from': 'ed76a10a3cebcbb50cb43e29677dcd26', 'to': '6adf97f83acf6453d4a6a4b1070f3754'}, {'createdAt': {'$date': 1689941580000}, 'trackingCode': '520f32b025ae10dbe44949b78b1ef955', 'status': '137', 'description': 'Chegada do voo\t', 'trackerType': '3b24fa7e14555a1912e5bc2198f8e075', 'from': 'ed76a10a3cebcbb50cb43e29677dcd26', 'to': '6adf97f83acf6453d4a6a4b1070f3754'}, {'createdAt': {'$date': 1689941580000}, 'trackingCode': '520f32b025ae10dbe44949b78b1ef955', 'status': '137', 'description': 'Chegada do voo\t', 'trackerType': '3b24fa7e14555a1912e5bc2198f8e075', 'from': 'ed76a10a3cebcbb50cb43e29677dcd26', 'to': '6adf97f83acf6453d4a6a4b1070f3754'}, {'createdAt': {'$date': 1689974772000}, 'trackingCode': '520f32b025ae10dbe44949b78b1ef955', 'status': '142', 'description': 'Embarque no veículo para transferência ou em rota para entrega', 'trackerType': '3b24fa7e14555a1912e5bc2198f8e075', 'from': 'ed76a10a3cebcbb50cb43e29677dcd26', 'to': '6adf97f83acf6453d4a6a4b1070f3754'}, {'createdAt': {'$date': 1689974772000}, 'trackingCode': '520f32b025ae10dbe44949b78b1ef955', 'status': '133', 'description': 'Saida Do Veiculo', 'trackerType': '3b24fa7e14555a1912e5bc2198f8e075', 'from': 'ed76a10a3cebcbb50cb43e29677dcd26', 'to': '6adf97f83acf6453d4a6a4b1070f3754'}, {'createdAt': {'$date': 1689986520000}, 'trackingCode': '520f32b025ae10dbe44949b78b1ef955', 'status': '136', 'description': 'Chegou na Unidade Azul Cargo Express\t', 'trackerType': '3b24fa7e14555a1912e5bc2198f8e075', 'from': 'b73528dbbacc37f0a08ef3eac43029bc', 'to': '6adf97f83acf6453d4a6a4b1070f3754'}, {'createdAt': {'$date': 1689986520000}, 'trackingCode': '520f32b025ae10dbe44949b78b1ef955', 'status': '136', 'description': 'Chegou na Unidade Azul Cargo Express\t', 'trackerType': '3b24fa7e14555a1912e5bc2198f8e075', 'from': 'b73528dbbacc37f0a08ef3eac43029bc', 'to': '6adf97f83acf6453d4a6a4b1070f3754'}, {'createdAt': {'$date': 1689986520000}, 'trackingCode': '520f32b025ae10dbe44949b78b1ef955', 'status': '136', 'description': 'Chegou na Unidade Azul Cargo Express\t', 'trackerType': '3b24fa7e14555a1912e5bc2198f8e075', 'from': 'b73528dbbacc37f0a08ef3eac43029bc', 'to': '6adf97f83acf6453d4a6a4b1070f3754'}, {'createdAt': {'$date': 1689986520000}, 'trackingCode': '520f32b025ae10dbe44949b78b1ef955', 'status': '136', 'description': 'Chegou na Unidade Azul Cargo Express\t', 'trackerType': '3b24fa7e14555a1912e5bc2198f8e075', 'from': 'b73528dbbacc37f0a08ef3eac43029bc', 'to': '6adf97f83acf6453d4a6a4b1070f3754'}, {'createdAt': {'$date': 1690270051000}, 'trackingCode': '520f32b025ae10dbe44949b78b1ef955', 'status': '104', 'description': 'Deixou a unidade Azul Cargo Express\t', 'trackerType': '3b24fa7e14555a1912e5bc2198f8e075', 'from': 'b73528dbbacc37f0a08ef3eac43029bc', 'to': '6adf97f83acf6453d4a6a4b1070f3754'}, {'createdAt': {'$date': 1690270277000}, 'trackingCode': '520f32b025ae10dbe44949b78b1ef955', 'status': '133', 'description': 'Saida Do Veiculo', 'trackerType': '3b24fa7e14555a1912e5bc2198f8e075', 'from': 'b73528dbbacc37f0a08ef3eac43029bc', 'to': '6adf97f83acf6453d4a6a4b1070f3754'}, {'createdAt': {'$date': 1690286168000}, 'trackingCode': '520f32b025ae10dbe44949b78b1ef955', 'status': '01', 'description': 'Remessa entregue', 'trackerType': '3b24fa7e14555a1912e5bc2198f8e075', 'from': '6adf97f83acf6453d4a6a4b1070f3754', 'to': '6adf97f83acf6453d4a6a4b1070f3754'}]"
U,6e853feb9197e750fe592a027a5051a4,1690405971,1693824983,1693824983,"[{'createdAt': {'$date': 1690395926000}, 'trackingCode': '2ed7cc2b45928864ab2b744cf7aa2296', 'status': None, 'description': 'EMISSAO', 'trackerType': '202591c2658eb8db7d1c57e1273cd270', 'from': '96423ec7b05bbe49e98a04cb5a6118ea', 'to': '6adf97f83acf6453d4a6a4b1070f3754'}, {'createdAt': {'$date': 1690397460000}, 'trackingCode': '2ed7cc2b45928864ab2b744cf7aa2296', 'status': None, 'description': 'TRANSFERENCIA', 'trackerType': '202591c2658eb8db7d1c57e1273cd270', 'from': '96423ec7b05bbe49e98a04cb5a6118ea', 'to': '6adf97f83acf6453d4a6a4b1070f3754'}, {'createdAt': {'$date': 1690449478000}, 'trackingCode': '2ed7cc2b45928864ab2b744cf7aa2296', 'status': None, 'description': 'ENTRADA', 'trackerType': '202591c2658eb8db7d1c57e1273cd270', 'from': 'fac929278c0e5ba967802153ba729336', 'to': '6adf97f83acf6453d4a6a4b1070f3754'}, {'createdAt': {'$date': 1690451521000}, 'trackingCode': '2ed7cc2b45928864ab2b744cf7aa2296', 'status': None, 'description': 'TRANSFERENCIA', 'trackerType': '202591c2658eb8db7d1c57e1273cd270', 'from': 'fac929278c0e5ba967802153ba729336', 'to': '6adf97f83acf6453d4a6a4b1070f3754'}, {'createdAt': {'$date': 1690494635000}, 'trackingCode': '2ed7cc2b45928864ab2b744cf7aa2296', 'status': None, 'description': 'TRANSFERENCIA', 'trackerType': '202591c2658eb8db7d1c57e1273cd270', 'from': 'bb06c77b0bda796758fb2d30ec897c06', 'to': '6adf97f83acf6453d4a6a4b1070f3754'}, {'createdAt': {'$date': 1690690127000}, 'trackingCode': '2ed7cc2b45928864ab2b744cf7aa2296', 'status': None, 'description': 'TRANSFERIDO PARA UNIDADE', 'trackerType': '202591c2658eb8db7d1c57e1273cd270', 'from': 'bb06c77b0bda796758fb2d30ec897c06', 'to': '6adf97f83acf6453d4a6a4b1070f3754'}, {'createdAt': {'$date': 1690769873000}, 'trackingCode': '2ed7cc2b45928864ab2b744cf7aa2296', 'status': None, 'description': 'ENTRADA', 'trackerType': '202591c2658eb8db7d1c57e1273cd270', 'from': '45003339ffac286264b30fce83abb5ad', 'to': '6adf97f83acf6453d4a6a4b1070f3754'}, {'createdAt': {'$date': 1690781219000}, 'trackingCode': '2ed7cc2b45928864ab2b744cf7aa2296', 'status': None, 'description': 'TRANSFERENCIA', 'trackerType': '202591c2658eb8db7d1c57e1273cd270', 'from': '45003339ffac286264b30fce83abb5ad', 'to': '6adf97f83acf6453d4a6a4b1070f3754'}, {'createdAt': {'$date': 1690784114000}, 'trackingCode': '2ed7cc2b45928864ab2b744cf7aa2296', 'status': None, 'description': 'TRANSFERENCIA', 'trackerType': '202591c2658eb8db7d1c57e1273cd270', 'from': '45003339ffac286264b30fce83abb5ad', 'to': '6adf97f83acf6453d4a6a4b1070f3754'}, {'createdAt': {'$date': 1690784131000}, 'trackingCode': '2ed7cc2b45928864ab2b744cf7aa2296', 'status': None, 'description': 'TRANSFERIDO PARA UNIDADE', 'trackerType': '202591c2658eb8db7d1c57e1273cd270', 'from': '45003339ffac286264b30fce83abb5ad', 'to': '6adf97f83acf6453d4a6a4b1070f3754'}, {'createdAt': {'$date': 1690794244000}, 'trackingCode': '2ed7cc2b45928864ab2b744cf7aa2296', 'status': None, 'description': 'ENTRADA', 'trackerType': '202591c2658eb8db7d1c57e1273cd270', 'from': '8da31cc371200f996bb7e8bcdadf3ba8', 'to': '6adf97f83acf6453d4a6a4b1070f3754'}, {'createdAt': {'$date': 1690800186000}, 'trackingCode': '2ed7cc2b45928864ab2b744cf7aa2296', 'status': None, 'description': 'EM ROTA', 'trackerType': '202591c2658eb8db7d1c57e1273cd270', 'from': '8da31cc371200f996bb7e8bcdadf3ba8', 'to': '6adf97f83acf6453d4a6a4b1070f3754'}, {'createdAt': {'$date': 1690845647000}, 'trackingCode': '2ed7cc2b45928864ab2b744cf7aa2296', 'status': None, 'description': 'ENTREGUE', 'trackerType': '202591c2658eb8db7d1c57e1273cd270', 'from': '8da31cc371200f996bb7e8bcdadf3ba8', 'to': '6adf97f83acf6453d4a6a4b1070f3754'}]"
U,6c42b3dee1027492f805c13fa683d1c0,1692341551,1693824983,1693824983,"[{'createdAt': {'$date': 1692343584000}, 'trackingCode': '28b63ee947288bfff3157d7634234244', 'status': '15', 'description': 'O pacote já teve suas dimensões conferidas.', 'trackerType': 'a302942c7f755f858bd9a6c0c6be98fb', 'from': '78a32fcc48731cfdbb11966d312f5f4f', 'to': '6adf97f83acf6453d4a6a4b1070f3754'}, {'createdAt': {'$date': 1692343584000}, 'trackingCode': '28b63ee947288bfff3157d7634234244', 'status': '13', 'description': 'O pacote foi confirmado em uma base da Loggi e vai ser preparado para transferência.', 'trackerType': 'a302942c7f755f858bd9a6c0c6be98fb', 'from': '6adf97f83acf6453d4a6a4b1070f3754', 'to': '6adf97f83acf6453d4a6a4b1070f3754'}, {'createdAt': {'$date': 1692180507000}, 'trackingCode': '28b63ee947288bfff3157d7634234244', 'status': '1', 'description': 'A etiqueta de envio já foi criada e o pacote está pronto para a coleta.', 'trackerType': 'a302942c7f755f858bd9a6c0c6be98fb', 'from': '78a32fcc48731cfdbb11966d312f5f4f', 'to': '6adf97f83acf6453d4a6a4b1070f3754'}, {'createdAt': {'$date': 1692418664000}, 'trackingCode': '28b63ee947288bfff3157d7634234244', 'status': '16', 'description': 'O pacote está em transferência de uma base para outra.', 'trackerType': 'a302942c7f755f858bd9a6c0c6be98fb', 'from': '6adf97f83acf6453d4a6a4b1070f3754', 'to': '6adf97f83acf6453d4a6a4b1070f3754'}, {'createdAt': {'$date': 1692414064000}, 'trackingCode': '28b63ee947288bfff3157d7634234244', 'status': '3', 'description': 'O pacote está em uma base e, em breve, vai estar em transferência.', 'trackerType': 'a302942c7f755f858bd9a6c0c6be98fb', 'from': '6adf97f83acf6453d4a6a4b1070f3754', 'to': '6adf97f83acf6453d4a6a4b1070f3754'}, {'createdAt': {'$date': 1692428896000}, 'trackingCode': '28b63ee947288bfff3157d7634234244', 'status': '17', 'description': 'Tudo certo, o pacote está em uma base da Loggi.', 'trackerType': 'a302942c7f755f858bd9a6c0c6be98fb', 'from': '2cfc0b0f40cd0375f02675abe2f93700', 'to': '6adf97f83acf6453d4a6a4b1070f3754'}, {'createdAt': {'$date': 1692450367000}, 'trackingCode': '28b63ee947288bfff3157d7634234244', 'status': '5', 'description': 'O pacote chegou ao destino final.', 'trackerType': 'a302942c7f755f858bd9a6c0c6be98fb', 'from': '6adf97f83acf6453d4a6a4b1070f3754', 'to': '6adf97f83acf6453d4a6a4b1070f3754'}, {'createdAt': {'$date': 1692448147000}, 'trackingCode': '28b63ee947288bfff3157d7634234244', 'status': '11', 'description': 'O pacote está a caminho.', 'trackerType': 'a302942c7f755f858bd9a6c0c6be98fb', 'from': '6adf97f83acf6453d4a6a4b1070f3754', 'to': '6adf97f83acf6453d4a6a4b1070f3754'}]"
U,e038ecfe09871614c8c37fc7a5cef648,1689210935,1693824983,1693824983,"[{'createdAt': {'$date': 1689150841000}, 'trackingCode': '6474d54b3b9cdde5f83ef782f9dbb5fa', 'status': '16', 'description': 'Objeto recebido pelos Correios do Brasil', 'trackerType': '27bb7dfdbe0de2d482d1c37c3fe5bfe3', 'from': '8f858ee1067df0a89292373651e6c73e', 'to': '6adf97f83acf6453d4a6a4b1070f3754'}, {'createdAt': {'$date': 1688748240000}, 'trackingCode': '6474d54b3b9cdde5f83ef782f9dbb5fa', 'status': '18', 'description': 'Objeto recebido na unidade de exportação no país de origem', 'trackerType': '27bb7dfdbe0de2d482d1c37c3fe5bfe3', 'from': 'f0aa1982f61314b9aab258c2f110ebab', 'to': '6adf97f83acf6453d4a6a4b1070f3754'}, {'createdAt': {'$date': 1688748240000}, 'trackingCode': '6474d54b3b9cdde5f83ef782f9dbb5fa', 'status': '01', 'description': 'Objeto em trânsito - por favor aguarde', 'trackerType': '27bb7dfdbe0de2d482d1c37c3fe5bfe3', 'from': 'f0aa1982f61314b9aab258c2f110ebab', 'to': 'fab9ec2163f1d49c0421e3d6bb8e760b'}, {'createdAt': {'$date': 1688748060000}, 'trackingCode': '6474d54b3b9cdde5f83ef782f9dbb5fa', 'status': '01', 'description': 'Objeto postado', 'trackerType': '27bb7dfdbe0de2d482d1c37c3fe5bfe3', 'from': 'f0aa1982f61314b9aab258c2f110ebab', 'to': '6adf97f83acf6453d4a6a4b1070f3754'}, {'createdAt': {'$date': 1689740765000}, 'trackingCode': '6474d54b3b9cdde5f83ef782f9dbb5fa', 'status': '01', 'description': 'Objeto em trânsito - por favor aguarde', 'trackerType': '27bb7dfdbe0de2d482d1c37c3fe5bfe3', 'from': '19f61c9bfe1f048ab353e403dfde3103', 'to': '19f61c9bfe1f048ab353e403dfde3103'}, {'createdAt': {'$date': 1689739574000}, 'trackingCode': '6474d54b3b9cdde5f83ef782f9dbb5fa', 'status': '10', 'description': 'Fiscalização aduaneira finalizada', 'trackerType': '27bb7dfdbe0de2d482d1c37c3fe5bfe3', 'from': '8f858ee1067df0a89292373651e6c73e', 'to': '6adf97f83acf6453d4a6a4b1070f3754'}, {'createdAt': {'$date': 1689764749000}, 'trackingCode': '6474d54b3b9cdde5f83ef782f9dbb5fa', 'status': '01', 'description': 'Objeto em trânsito - por favor aguarde', 'trackerType': '27bb7dfdbe0de2d482d1c37c3fe5bfe3', 'from': '19f61c9bfe1f048ab353e403dfde3103', 'to': '0708b281165f887db764712b209e782e'}, {'createdAt': {'$date': 1690275525000}, 'trackingCode': '6474d54b3b9cdde5f83ef782f9dbb5fa', 'status': '01', 'description': 'Objeto em trânsito - por favor aguarde', 'trackerType': '27bb7dfdbe0de2d482d1c37c3fe5bfe3', 'from': '0708b281165f887db764712b209e782e', 'to': '0708b281165f887db764712b209e782e'}, {'createdAt': {'$date': 1690288867000}, 'trackingCode': '6474d54b3b9cdde5f83ef782f9dbb5fa', 'status': '01', 'description': 'Objeto saiu para entrega ao destinatário', 'trackerType': '27bb7dfdbe0de2d482d1c37c3fe5bfe3', 'from': '0708b281165f887db764712b209e782e', 'to': '6adf97f83acf6453d4a6a4b1070f3754'}, {'createdAt': {'$date': 1690290679000}, 'trackingCode': '6474d54b3b9cdde5f83ef782f9dbb5fa', 'status': '01', 'description': 'Objeto entregue ao destinatário', 'trackerType': '27bb7dfdbe0de2d482d1c37c3fe5bfe3', 'from': '0708b281165f887db764712b209e782e', 'to': '6adf97f83acf6453d4a6a4b1070f3754'}]"
U,a965695d8c5d375a628386b227590ad6,1690250117,1693824983,1693824983,"[{'createdAt': {'$date': 1690256370000}, 'trackingCode': 'ae349c848275bf68923c2f295b9c5f68', 'status': '14', 'description': 'A coleta do pacote foi feita e o processo de envio vai ser iniciado.', 'trackerType': 'a302942c7f755f858bd9a6c0c6be98fb', 'from': '3d176e3700b055e947033711908044fb', 'to': '6adf97f83acf6453d4a6a4b1070f3754'}, {'createdAt': {'$date': 1689905452000}, 'trackingCode': 'ae349c848275bf68923c2f295b9c5f68', 'status': '1', 'description': 'A etiqueta de envio já foi criada e o pacote está pronto para a coleta.', 'trackerType': 'a302942c7f755f858bd9a6c0c6be98fb', 'from': '3d176e3700b055e947033711908044fb', 'to': '6adf97f83acf6453d4a6a4b1070f3754'}, {'createdAt': {'$date': 1690289021000}, 'trackingCode': 'ae349c848275bf68923c2f295b9c5f68', 'status': '15', 'description': 'O pacote já teve suas dimensões conferidas.', 'trackerType': 'a302942c7f755f858bd9a6c0c6be98fb', 'from': '6adf97f83acf6453d4a6a4b1070f3754', 'to': '6adf97f83acf6453d4a6a4b1070f3754'}, {'createdAt': {'$date': 1690288903000}, 'trackingCode': 'ae349c848275bf68923c2f295b9c5f68', 'status': '13', 'description': 'O pacote foi confirmado em uma base da Loggi e vai ser preparado para transferência.', 'trackerType': 'a302942c7f755f858bd9a6c0c6be98fb', 'from': '6adf97f83acf6453d4a6a4b1070f3754', 'to': '6adf97f83acf6453d4a6a4b1070f3754'}, {'createdAt': {'$date': 1690308712000}, 'trackingCode': 'ae349c848275bf68923c2f295b9c5f68', 'status': '16', 'description': 'O pacote está em transferência de uma base para outra.', 'trackerType': 'a302942c7f755f858bd9a6c0c6be98fb', 'from': '6adf97f83acf6453d4a6a4b1070f3754', 'to': '6adf97f83acf6453d4a6a4b1070f3754'}, {'createdAt': {'$date': 1690308530000}, 'trackingCode': 'ae349c848275bf68923c2f295b9c5f68', 'status': '3', 'description': 'O pacote está em uma base e, em breve, vai estar em transferência.', 'trackerType': 'a302942c7f755f858bd9a6c0c6be98fb', 'from': '6adf97f83acf6453d4a6a4b1070f3754', 'to': '6adf97f83acf6453d4a6a4b1070f3754'}, {'createdAt': {'$date': 1690352038000}, 'trackingCode': 'ae349c848275bf68923c2f295b9c5f68', 'status': '17', 'description': 'Tudo certo, o pacote está em uma base da Loggi.', 'trackerType': 'a302942c7f755f858bd9a6c0c6be98fb', 'from': '6adf97f83acf6453d4a6a4b1070f3754', 'to': '6adf97f83acf6453d4a6a4b1070f3754'}, {'createdAt': {'$date': 1690308529000}, 'trackingCode': 'ae349c848275bf68923c2f295b9c5f68', 'status': '3', 'description': 'O pacote está em uma base e, em breve, vai estar em transferência.', 'trackerType': 'a302942c7f755f858bd9a6c0c6be98fb', 'from': '154c1710608f597e79d659a5b65a12bc', 'to': '6adf97f83acf6453d4a6a4b1070f3754'}, {'createdAt': {'$date': 1690365150000}, 'trackingCode': 'ae349c848275bf68923c2f295b9c5f68', 'status': '11', 'description': 'O pacote está a caminho.', 'trackerType': 'a302942c7f755f858bd9a6c0c6be98fb', 'from': '6adf97f83acf6453d4a6a4b1070f3754', 'to': '6adf97f83acf6453d4a6a4b1070f3754'}, {'createdAt': {'$date': 1690385850000}, 'trackingCode': 'ae349c848275bf68923c2f295b9c5f68', 'status': '5', 'description': 'O pacote chegou ao destino final.', 'trackerType': 'a302942c7f755f858bd9a6c0c6be98fb', 'from': '154c1710608f597e79d659a5b65a12bc', 'to': '6adf97f83acf6453d4a6a4b1070f3754'}]"
U,24e64513356ed2e5811d9f94d0ba4c8e,1691603481,1693824983,1693824983,"[{'createdAt': {'$date': 1691593200000}, 'trackingCode': 'c893c98ef38e372f51ead24bbec0f0e2', 'status': '11', 'description': None, 'trackerType': '2e7165ceb19f183e695ce49285a4c228', 'from': 'e681ccb67f5683ce6f48a6712156463f', 'to': 'f48674ada942f6f2964cf618c7bab2e4'}, {'createdAt': {'$date': 1691593260000}, 'trackingCode': 'c893c98ef38e372f51ead24bbec0f0e2', 'status': '1', 'description': None, 'trackerType': '2e7165ceb19f183e695ce49285a4c228', 'from': 'e681ccb67f5683ce6f48a6712156463f', 'to': 'd4498e452a9ae23e25cbf77bbf826be2'}, {'createdAt': {'$date': 1691593260000}, 'trackingCode': 'c893c98ef38e372f51ead24bbec0f0e2', 'status': '2', 'description': None, 'trackerType': '2e7165ceb19f183e695ce49285a4c228', 'from': 'e681ccb67f5683ce6f48a6712156463f', 'to': '6adf97f83acf6453d4a6a4b1070f3754'}, {'createdAt': {'$date': 1691596800000}, 'trackingCode': 'c893c98ef38e372f51ead24bbec0f0e2', 'status': '1', 'description': None, 'trackerType': '2e7165ceb19f183e695ce49285a4c228', 'from': 'd4498e452a9ae23e25cbf77bbf826be2', 'to': 'f48674ada942f6f2964cf618c7bab2e4'}, {'createdAt': {'$date': 1691604480000}, 'trackingCode': 'c893c98ef38e372f51ead24bbec0f0e2', 'status': '3', 'description': None, 'trackerType': '2e7165ceb19f183e695ce49285a4c228', 'from': 'e681ccb67f5683ce6f48a6712156463f', 'to': 'd4498e452a9ae23e25cbf77bbf826be2'}, {'createdAt': {'$date': 1691606760000}, 'trackingCode': 'c893c98ef38e372f51ead24bbec0f0e2', 'status': '3', 'description': None, 'trackerType': '2e7165ceb19f183e695ce49285a4c228', 'from': 'e681ccb67f5683ce6f48a6712156463f', 'to': 'd4498e452a9ae23e25cbf77bbf826be2'}, {'createdAt': {'$date': 1691615340000}, 'trackingCode': 'c893c98ef38e372f51ead24bbec0f0e2', 'status': '7', 'description': None, 'trackerType': '2e7165ceb19f183e695ce49285a4c228', 'from': '40a8712b29ac76182ed0c4f632b7d543', 'to': 'd4498e452a9ae23e25cbf77bbf826be2'}, {'createdAt': {'$date': 1691625300000}, 'trackingCode': 'c893c98ef38e372f51ead24bbec0f0e2', 'status': '6', 'description': None, 'trackerType': '2e7165ceb19f183e695ce49285a4c228', 'from': '40a8712b29ac76182ed0c4f632b7d543', 'to': 'd4498e452a9ae23e25cbf77bbf826be2'}, {'createdAt': {'$date': 1691685540000}, 'trackingCode': 'c893c98ef38e372f51ead24bbec0f0e2', 'status': '1', 'description': None, 'trackerType': '2e7165ceb19f183e695ce49285a4c228', 'from': 'd4498e452a9ae23e25cbf77bbf826be2', 'to': 'f48674ada942f6f2964cf618c7bab2e4'}, {'createdAt': {'$date': 1691692020000}, 'trackingCode': 'c893c98ef38e372f51ead24bbec0f0e2', 'status': '3', 'description': None, 'trackerType': '2e7165ceb19f183e695ce49285a4c228', 'from': 'd4498e452a9ae23e25cbf77bbf826be2', 'to': 'f48674ada942f6f2964cf618c7bab2e4'}, {'createdAt': {'$date': 1691693640000}, 'trackingCode': 'c893c98ef38e372f51ead24bbec0f0e2', 'status': '3', 'description': None, 'trackerType': '2e7165ceb19f183e695ce49285a4c228', 'from': 'd4498e452a9ae23e25cbf77bbf826be2', 'to': 'f48674ada942f6f2964cf618c7bab2e4'}, {'createdAt': {'$date': 1691695080000}, 'trackingCode': 'c893c98ef38e372f51ead24bbec0f0e2', 'status': '7', 'description': None, 'trackerType': '2e7165ceb19f183e695ce49285a4c228', 'from': '40a8712b29ac76182ed0c4f632b7d543', 'to': 'f48674ada942f6f2964cf618c7bab2e4'}, {'createdAt': {'$date': 1691699520000}, 'trackingCode': 'c893c98ef38e372f51ead24bbec0f0e2', 'status': '6', 'description': None, 'trackerType': '2e7165ceb19f183e695ce49285a4c228', 'from': '40a8712b29ac76182ed0c4f632b7d543', 'to': 'f48674ada942f6f2964cf618c7bab2e4'}, {'createdAt': {'$date': 1691755020000}, 'trackingCode': 'c893c98ef38e372f51ead24bbec0f0e2', 'status': '9', 'description': None, 'trackerType': '2e7165ceb19f183e695ce49285a4c228', 'from': 'f48674ada942f6f2964cf618c7bab2e4', 'to': '6adf97f83acf6453d4a6a4b1070f3754'}, {'createdAt': {'$date': 1691755020000}, 'trackingCode': 'c893c98ef38e372f51ead24bbec0f0e2', 'status': '9', 'description': None, 'trackerType': '2e7165ceb19f183e695ce49285a4c228', 'from': 'f48674ada942f6f2964cf618c7bab2e4', 'to': '6adf97f83acf6453d4a6a4b1070f3754'}]"
U,88023dc0e2f8114c4f6c0bb090a9edfc,1692023599,1693824983,1693824983,"[{'createdAt': {'$date': 1691593858000}, 'trackingCode': 'cc75d378b9507662f05e1e9eafc4afb2', 'status': '01', 'description': 'Objeto entregue ao destinatário', 'trackerType': '27bb7dfdbe0de2d482d1c37c3fe5bfe3', 'from': '5fa6b9aeb7612c7a4ae18976be343d5b', 'to': '6adf97f83acf6453d4a6a4b1070f3754'}, {'createdAt': {'$date': 1691578155000}, 'trackingCode': 'cc75d378b9507662f05e1e9eafc4afb2', 'status': '01', 'description': 'Objeto saiu para entrega ao destinatário', 'trackerType': '27bb7dfdbe0de2d482d1c37c3fe5bfe3', 'from': '5fa6b9aeb7612c7a4ae18976be343d5b', 'to': '6adf97f83acf6453d4a6a4b1070f3754'}, {'createdAt': {'$date': 1691562203000}, 'trackingCode': 'cc75d378b9507662f05e1e9eafc4afb2', 'status': '01', 'description': 'Objeto em trânsito - por favor aguarde', 'trackerType': '27bb7dfdbe0de2d482d1c37c3fe5bfe3', 'from': '49941bcadd05652e4c73a975a81540b6', 'to': '5fa6b9aeb7612c7a4ae18976be343d5b'}, {'createdAt': {'$date': 1691408763000}, 'trackingCode': 'cc75d378b9507662f05e1e9eafc4afb2', 'status': '01', 'description': 'Objeto em trânsito - por favor aguarde', 'trackerType': '27bb7dfdbe0de2d482d1c37c3fe5bfe3', 'from': '44d02c36e6691bb8faacd16784348114', 'to': '49941bcadd05652e4c73a975a81540b6'}, {'createdAt': {'$date': 1691408762000}, 'trackingCode': 'cc75d378b9507662f05e1e9eafc4afb2', 'status': '10', 'description': 'Fiscalização aduaneira finalizada', 'trackerType': '27bb7dfdbe0de2d482d1c37c3fe5bfe3', 'from': '44d02c36e6691bb8faacd16784348114', 'to': '6adf97f83acf6453d4a6a4b1070f3754'}, {'createdAt': {'$date': 1691187007000}, 'trackingCode': 'cc75d378b9507662f05e1e9eafc4afb2', 'status': '16', 'description': 'Objeto recebido pelos Correios do Brasil', 'trackerType': '27bb7dfdbe0de2d482d1c37c3fe5bfe3', 'from': '44d02c36e6691bb8faacd16784348114', 'to': '6adf97f83acf6453d4a6a4b1070f3754'}, {'createdAt': {'$date': 1690938158000}, 'trackingCode': 'cc75d378b9507662f05e1e9eafc4afb2', 'status': '01', 'description': 'Objeto postado', 'trackerType': '27bb7dfdbe0de2d482d1c37c3fe5bfe3', 'from': 'f0aa1982f61314b9aab258c2f110ebab', 'to': '6adf97f83acf6453d4a6a4b1070f3754'}]"
U,110d4548c20c93075b2c15b04505405b,1690832655,1693824983,1693824983,"[{'createdAt': {'$date': 1690820371000}, 'trackingCode': 'aac572a84768a00cc49cfab908ba609a', 'status': '102', 'description': 'Informação do Envio enviado à Azul Cargo Express (CT-e emitido)\t', 'trackerType': '3b24fa7e14555a1912e5bc2198f8e075', 'from': 'd1b9206e3f91e5d6ccbb27d38319f19a', 'to': '6adf97f83acf6453d4a6a4b1070f3754'}, {'createdAt': {'$date': 1690828572000}, 'trackingCode': 'aac572a84768a00cc49cfab908ba609a', 'status': '104', 'description': 'Deixou a unidade Azul Cargo Express\t', 'trackerType': '3b24fa7e14555a1912e5bc2198f8e075', 'from': 'd1b9206e3f91e5d6ccbb27d38319f19a', 'to': '6adf97f83acf6453d4a6a4b1070f3754'}, {'createdAt': {'$date': 1690828576000}, 'trackingCode': 'aac572a84768a00cc49cfab908ba609a', 'status': '134', 'description': 'Saída do voo\t', 'trackerType': '3b24fa7e14555a1912e5bc2198f8e075', 'from': 'd1b9206e3f91e5d6ccbb27d38319f19a', 'to': '6adf97f83acf6453d4a6a4b1070f3754'}, {'createdAt': {'$date': 1690925794000}, 'trackingCode': 'aac572a84768a00cc49cfab908ba609a', 'status': '104', 'description': 'Deixou a unidade Azul Cargo Express\t', 'trackerType': '3b24fa7e14555a1912e5bc2198f8e075', 'from': 'd1b9206e3f91e5d6ccbb27d38319f19a', 'to': '6adf97f83acf6453d4a6a4b1070f3754'}, {'createdAt': {'$date': 1690925795000}, 'trackingCode': 'aac572a84768a00cc49cfab908ba609a', 'status': '134', 'description': 'Saída do voo\t', 'trackerType': '3b24fa7e14555a1912e5bc2198f8e075', 'from': 'd1b9206e3f91e5d6ccbb27d38319f19a', 'to': '6adf97f83acf6453d4a6a4b1070f3754'}, {'createdAt': {'$date': 1690929240000}, 'trackingCode': 'aac572a84768a00cc49cfab908ba609a', 'status': '137', 'description': 'Chegada do voo\t', 'trackerType': '3b24fa7e14555a1912e5bc2198f8e075', 'from': 'dd5ab68e8a28e8286653b47eb785b5bb', 'to': '6adf97f83acf6453d4a6a4b1070f3754'}, {'createdAt': {'$date': 1690976743000}, 'trackingCode': 'aac572a84768a00cc49cfab908ba609a', 'status': '104', 'description': 'Deixou a unidade Azul Cargo Express\t', 'trackerType': '3b24fa7e14555a1912e5bc2198f8e075', 'from': 'dd5ab68e8a28e8286653b47eb785b5bb', 'to': '6adf97f83acf6453d4a6a4b1070f3754'}, {'createdAt': {'$date': 1690976746000}, 'trackingCode': 'aac572a84768a00cc49cfab908ba609a', 'status': '134', 'description': 'Saída do voo\t', 'trackerType': '3b24fa7e14555a1912e5bc2198f8e075', 'from': 'dd5ab68e8a28e8286653b47eb785b5bb', 'to': '6adf97f83acf6453d4a6a4b1070f3754'}, {'createdAt': {'$date': 1690987620000}, 'trackingCode': 'aac572a84768a00cc49cfab908ba609a', 'status': '137', 'description': 'Chegada do voo\t', 'trackerType': '3b24fa7e14555a1912e5bc2198f8e075', 'from': '93bc1098c87240bab2a5e8aaae3290d0', 'to': '6adf97f83acf6453d4a6a4b1070f3754'}, {'createdAt': {'$date': 1690990766000}, 'trackingCode': 'aac572a84768a00cc49cfab908ba609a', 'status': '142', 'description': 'Embarque no veículo para transferência ou em rota para entrega', 'trackerType': '3b24fa7e14555a1912e5bc2198f8e075', 'from': '93bc1098c87240bab2a5e8aaae3290d0', 'to': '6adf97f83acf6453d4a6a4b1070f3754'}, {'createdAt': {'$date': 1690990766000}, 'trackingCode': 'aac572a84768a00cc49cfab908ba609a', 'status': '133', 'description': 'Saida Do Veiculo', 'trackerType': '3b24fa7e14555a1912e5bc2198f8e075', 'from': '93bc1098c87240bab2a5e8aaae3290d0', 'to': '6adf97f83acf6453d4a6a4b1070f3754'}, {'createdAt': {'$date': 1690990807000}, 'trackingCode': 'aac572a84768a00cc49cfab908ba609a', 'status': '136', 'description': 'Chegou na Unidade Azul Cargo Express\t', 'trackerType': '3b24fa7e14555a1912e5bc2198f8e075', 'from': 'bafca16153870a3a49a30725301b8f85', 'to': '6adf97f83acf6453d4a6a4b1070f3754'}, {'createdAt': {'$date': 1690991147000}, 'trackingCode': 'aac572a84768a00cc49cfab908ba609a', 'status': '104', 'description': 'Deixou a unidade Azul Cargo Express\t', 'trackerType': '3b24fa7e14555a1912e5bc2198f8e075', 'from': 'bafca16153870a3a49a30725301b8f85', 'to': '6adf97f83acf6453d4a6a4b1070f3754'}, {'createdAt': {'$date': 1690991578000}, 'trackingCode': 'aac572a84768a00cc49cfab908ba609a', 'status': '133', 'description': 'Saida Do Veiculo', 'trackerType': '3b24fa7e14555a1912e5bc2198f8e075', 'from': 'bafca16153870a3a49a30725301b8f85', 'to': '6adf97f83acf6453d4a6a4b1070f3754'}, {'createdAt': {'$date': 1691064828000}, 'trackingCode': 'aac572a84768a00cc49cfab908ba609a', 'status': '01', 'description': 'Remessa entregue', 'trackerType': '3b24fa7e14555a1912e5bc2198f8e075', 'from': '6adf97f83acf6453d4a6a4b1070f3754', 'to': '6adf97f83acf6453d4a6a4b1070f3754'}]"
U,376142425508679b9675145ff4d51dae,1689964129,1693824983,1693824983,"[{'createdAt': {'$date': 1689961161000}, 'trackingCode': '90d1ba0b1b365f523ee4f355ce58b793', 'status': '01', 'description': 'Objeto postado', 'trackerType': '27bb7dfdbe0de2d482d1c37c3fe5bfe3', 'from': '5d8915ab496e649bdc11bc26a115ff10', 'to': '6adf97f83acf6453d4a6a4b1070f3754'}, {'createdAt': {'$date': 1690540156000}, 'trackingCode': '90d1ba0b1b365f523ee4f355ce58b793', 'status': '01', 'description': 'Objeto saiu para entrega ao destinatário', 'trackerType': '27bb7dfdbe0de2d482d1c37c3fe5bfe3', 'from': 'b3a76b1ad6c2ed55a3108d9f6b92a046', 'to': '6adf97f83acf6453d4a6a4b1070f3754'}, {'createdAt': {'$date': 1690550195000}, 'trackingCode': '90d1ba0b1b365f523ee4f355ce58b793', 'status': '01', 'description': 'Objeto entregue ao destinatário', 'trackerType': '27bb7dfdbe0de2d482d1c37c3fe5bfe3', 'from': 'b3a76b1ad6c2ed55a3108d9f6b92a046', 'to': '6adf97f83acf6453d4a6a4b1070f3754'}]"
U,ac28ce9e251875df9412eff67068846a,1689994368,1693824983,1693824983,"[{'createdAt': {'$date': 1689973380000}, 'trackingCode': '3dce3958e933ccc37ada1fae89578864', 'status': '2', 'description': None, 'trackerType': '2e7165ceb19f183e695ce49285a4c228', 'from': 'b4afa098aa7aaa9a65037cab5ef1f1e9', 'to': '6adf97f83acf6453d4a6a4b1070f3754'}, {'createdAt': {'$date': 1689973380000}, 'trackingCode': '3dce3958e933ccc37ada1fae89578864', 'status': '11', 'description': None, 'trackerType': '2e7165ceb19f183e695ce49285a4c228', 'from': 'b4afa098aa7aaa9a65037cab5ef1f1e9', 'to': '6b3c549d3d068b03da16a480f8818703'}, {'createdAt': {'$date': 1689984840000}, 'trackingCode': '3dce3958e933ccc37ada1fae89578864', 'status': '3', 'description': None, 'trackerType': '2e7165ceb19f183e695ce49285a4c228', 'from': 'b4afa098aa7aaa9a65037cab5ef1f1e9', 'to': 'd4498e452a9ae23e25cbf77bbf826be2'}, {'createdAt': {'$date': 1690002300000}, 'trackingCode': '3dce3958e933ccc37ada1fae89578864', 'status': '3', 'description': None, 'trackerType': '2e7165ceb19f183e695ce49285a4c228', 'from': 'b4afa098aa7aaa9a65037cab5ef1f1e9', 'to': 'd4498e452a9ae23e25cbf77bbf826be2'}, {'createdAt': {'$date': 1690059780000}, 'trackingCode': '3dce3958e933ccc37ada1fae89578864', 'status': '1', 'description': None, 'trackerType': '2e7165ceb19f183e695ce49285a4c228', 'from': 'd4498e452a9ae23e25cbf77bbf826be2', 'to': '6b3c549d3d068b03da16a480f8818703'}, {'createdAt': {'$date': 1690059780000}, 'trackingCode': '3dce3958e933ccc37ada1fae89578864', 'status': '1', 'description': None, 'trackerType': '2e7165ceb19f183e695ce49285a4c228', 'from': 'b4afa098aa7aaa9a65037cab5ef1f1e9', 'to': 'd4498e452a9ae23e25cbf77bbf826be2'}, {'createdAt': {'$date': 1690002120000}, 'trackingCode': '3dce3958e933ccc37ada1fae89578864', 'status': '3', 'description': None, 'trackerType': '2e7165ceb19f183e695ce49285a4c228', 'from': 'b4afa098aa7aaa9a65037cab5ef1f1e9', 'to': 'd4498e452a9ae23e25cbf77bbf826be2'}, {'createdAt': {'$date': 1690005900000}, 'trackingCode': '3dce3958e933ccc37ada1fae89578864', 'status': '7', 'description': None, 'trackerType': '2e7165ceb19f183e695ce49285a4c228', 'from': '40a8712b29ac76182ed0c4f632b7d543', 'to': 'd4498e452a9ae23e25cbf77bbf826be2'}, {'createdAt': {'$date': 1690017060000}, 'trackingCode': '3dce3958e933ccc37ada1fae89578864', 'status': '6', 'description': None, 'trackerType': '2e7165ceb19f183e695ce49285a4c228', 'from': '40a8712b29ac76182ed0c4f632b7d543', 'to': 'd4498e452a9ae23e25cbf77bbf826be2'}, {'createdAt': {'$date': 1690035900000}, 'trackingCode': '3dce3958e933ccc37ada1fae89578864', 'status': '1', 'description': None, 'trackerType': '2e7165ceb19f183e695ce49285a4c228', 'from': 'd4498e452a9ae23e25cbf77bbf826be2', 'to': '6b3c549d3d068b03da16a480f8818703'}, {'createdAt': {'$date': 1690035900000}, 'trackingCode': '3dce3958e933ccc37ada1fae89578864', 'status': '1', 'description': None, 'trackerType': '2e7165ceb19f183e695ce49285a4c228', 'from': 'd4498e452a9ae23e25cbf77bbf826be2', 'to': '6b3c549d3d068b03da16a480f8818703'}, {'createdAt': {'$date': 1690055760000}, 'trackingCode': '3dce3958e933ccc37ada1fae89578864', 'status': '3', 'description': None, 'trackerType': '2e7165ceb19f183e695ce49285a4c228', 'from': 'd4498e452a9ae23e25cbf77bbf826be2', 'to': '6b3c549d3d068b03da16a480f8818703'}, {'createdAt': {'$date': 1690062900000}, 'trackingCode': '3dce3958e933ccc37ada1fae89578864', 'status': '3', 'description': None, 'trackerType': '2e7165ceb19f183e695ce49285a4c228', 'from': 'd4498e452a9ae23e25cbf77bbf826be2', 'to': '6b3c549d3d068b03da16a480f8818703'}, {'createdAt': {'$date': 1690063800000}, 'trackingCode': '3dce3958e933ccc37ada1fae89578864', 'status': '3', 'description': None, 'trackerType': '2e7165ceb19f183e695ce49285a4c228', 'from': 'd4498e452a9ae23e25cbf77bbf826be2', 'to': '6b3c549d3d068b03da16a480f8818703'}, {'createdAt': {'$date': 1690075800000}, 'trackingCode': '3dce3958e933ccc37ada1fae89578864', 'status': '7', 'description': None, 'trackerType': '2e7165ceb19f183e695ce49285a4c228', 'from': '40a8712b29ac76182ed0c4f632b7d543', 'to': '6b3c549d3d068b03da16a480f8818703'}, {'createdAt': {'$date': 1690084680000}, 'trackingCode': '3dce3958e933ccc37ada1fae89578864', 'status': '6', 'description': None, 'trackerType': '2e7165ceb19f183e695ce49285a4c228', 'from': '40a8712b29ac76182ed0c4f632b7d543', 'to': '6b3c549d3d068b03da16a480f8818703'}, {'createdAt': {'$date': 1690224960000}, 'trackingCode': '3dce3958e933ccc37ada1fae89578864', 'status': '9', 'description': None, 'trackerType': '2e7165ceb19f183e695ce49285a4c228', 'from': '6b3c549d3d068b03da16a480f8818703', 'to': '6adf97f83acf6453d4a6a4b1070f3754'}]"
U,831ca9db1c93c4ea272ba381b553d896,1690336181,1693824983,1693824983,"[{'createdAt': {'$date': 1690294072000}, 'trackingCode': '1651ec8a4f8550cf7b20148b275bed3b', 'status': '01', 'description': 'Objeto em trânsito - por favor aguarde', 'trackerType': '27bb7dfdbe0de2d482d1c37c3fe5bfe3', 'from': '49941bcadd05652e4c73a975a81540b6', 'to': '1ddb857a8e6a69a03b36820473e1718e'}, {'createdAt': {'$date': 1690215831000}, 'trackingCode': '1651ec8a4f8550cf7b20148b275bed3b', 'status': '01', 'description': 'Objeto em trânsito - por favor aguarde', 'trackerType': '27bb7dfdbe0de2d482d1c37c3fe5bfe3', 'from': 'de165c96f46f1c06fe256353dfb18d81', 'to': '49941bcadd05652e4c73a975a81540b6'}, {'createdAt': {'$date': 1690210874000}, 'trackingCode': '1651ec8a4f8550cf7b20148b275bed3b', 'status': '01', 'description': 'Objeto postado', 'trackerType': '27bb7dfdbe0de2d482d1c37c3fe5bfe3', 'from': 'de165c96f46f1c06fe256353dfb18d81', 'to': '6adf97f83acf6453d4a6a4b1070f3754'}, {'createdAt': {'$date': 1690806351000}, 'trackingCode': '1651ec8a4f8550cf7b20148b275bed3b', 'status': '01', 'description': 'Objeto em trânsito - por favor aguarde', 'trackerType': '27bb7dfdbe0de2d482d1c37c3fe5bfe3', 'from': '1ddb857a8e6a69a03b36820473e1718e', 'to': 'fdba3e8aacce3282f1598b7e5b68ad80'}, {'createdAt': {'$date': 1690906491000}, 'trackingCode': '1651ec8a4f8550cf7b20148b275bed3b', 'status': '01', 'description': 'Objeto entregue ao destinatário', 'trackerType': '27bb7dfdbe0de2d482d1c37c3fe5bfe3', 'from': 'fdba3e8aacce3282f1598b7e5b68ad80', 'to': '6adf97f83acf6453d4a6a4b1070f3754'}, {'createdAt': {'$date': 1690898280000}, 'trackingCode': '1651ec8a4f8550cf7b20148b275bed3b', 'status': '01', 'description': 'Objeto saiu para entrega ao destinatário', 'trackerType': '27bb7dfdbe0de2d482d1c37c3fe5bfe3', 'from': 'fdba3e8aacce3282f1598b7e5b68ad80', 'to': '6adf97f83acf6453d4a6a4b1070f3754'}]"
U,716cde14c4462d54bcbda97851ac047b,1690460335,1693824983,1693824983,"[{'createdAt': {'$date': 1690448455000}, 'trackingCode': 'd640c2219a0ce8ec157d069d30480242', 'status': None, 'description': 'EMISSAO', 'trackerType': '202591c2658eb8db7d1c57e1273cd270', 'from': '82db4b23e3e6f091cc755a314fb0b0dd', 'to': '6adf97f83acf6453d4a6a4b1070f3754'}, {'createdAt': {'$date': 1690458716000}, 'trackingCode': 'd640c2219a0ce8ec157d069d30480242', 'status': None, 'description': 'TRANSFERENCIA', 'trackerType': '202591c2658eb8db7d1c57e1273cd270', 'from': '82db4b23e3e6f091cc755a314fb0b0dd', 'to': '6adf97f83acf6453d4a6a4b1070f3754'}, {'createdAt': {'$date': 1690495989000}, 'trackingCode': 'd640c2219a0ce8ec157d069d30480242', 'status': None, 'description': 'ENTRADA', 'trackerType': '202591c2658eb8db7d1c57e1273cd270', 'from': '971e249ca4af90aa0b044735d8fdd59e', 'to': '6adf97f83acf6453d4a6a4b1070f3754'}, {'createdAt': {'$date': 1690501584000}, 'trackingCode': 'd640c2219a0ce8ec157d069d30480242', 'status': None, 'description': 'TRANSFERENCIA', 'trackerType': '202591c2658eb8db7d1c57e1273cd270', 'from': '971e249ca4af90aa0b044735d8fdd59e', 'to': '6adf97f83acf6453d4a6a4b1070f3754'}, {'createdAt': {'$date': 1690502634000}, 'trackingCode': 'd640c2219a0ce8ec157d069d30480242', 'status': None, 'description': 'TRANSFERENCIA', 'trackerType': '202591c2658eb8db7d1c57e1273cd270', 'from': '971e249ca4af90aa0b044735d8fdd59e', 'to': '6adf97f83acf6453d4a6a4b1070f3754'}, {'createdAt': {'$date': 1690504581000}, 'trackingCode': 'd640c2219a0ce8ec157d069d30480242', 'status': None, 'description': 'TRANSFERENCIA', 'trackerType': '202591c2658eb8db7d1c57e1273cd270', 'from': '971e249ca4af90aa0b044735d8fdd59e', 'to': '6adf97f83acf6453d4a6a4b1070f3754'}, {'createdAt': {'$date': 1690582200000}, 'trackingCode': 'd640c2219a0ce8ec157d069d30480242', 'status': None, 'description': 'TRANSFERIDO PARA UNIDADE', 'trackerType': '202591c2658eb8db7d1c57e1273cd270', 'from': '971e249ca4af90aa0b044735d8fdd59e', 'to': '6adf97f83acf6453d4a6a4b1070f3754'}, {'createdAt': {'$date': 1690609942000}, 'trackingCode': 'd640c2219a0ce8ec157d069d30480242', 'status': None, 'description': 'ENTRADA', 'trackerType': '202591c2658eb8db7d1c57e1273cd270', 'from': 'fac929278c0e5ba967802153ba729336', 'to': '6adf97f83acf6453d4a6a4b1070f3754'}, {'createdAt': {'$date': 1690624135000}, 'trackingCode': 'd640c2219a0ce8ec157d069d30480242', 'status': None, 'description': 'TRANSFERENCIA', 'trackerType': '202591c2658eb8db7d1c57e1273cd270', 'from': 'e81f9b321e898f638477f1f13bf81c38', 'to': '6adf97f83acf6453d4a6a4b1070f3754'}, {'createdAt': {'$date': 1690779534000}, 'trackingCode': 'd640c2219a0ce8ec157d069d30480242', 'status': None, 'description': 'TRANSFERENCIA', 'trackerType': '202591c2658eb8db7d1c57e1273cd270', 'from': 'fac929278c0e5ba967802153ba729336', 'to': '6adf97f83acf6453d4a6a4b1070f3754'}, {'createdAt': {'$date': 1690788147000}, 'trackingCode': 'd640c2219a0ce8ec157d069d30480242', 'status': None, 'description': 'TRANSFERIDO PARA UNIDADE', 'trackerType': '202591c2658eb8db7d1c57e1273cd270', 'from': 'bb06c77b0bda796758fb2d30ec897c06', 'to': '6adf97f83acf6453d4a6a4b1070f3754'}, {'createdAt': {'$date': 1690794517000}, 'trackingCode': 'd640c2219a0ce8ec157d069d30480242', 'status': None, 'description': 'ENTRADA', 'trackerType': '202591c2658eb8db7d1c57e1273cd270', 'from': '76517b54eb771a18edf72ccceb2c04cd', 'to': '6adf97f83acf6453d4a6a4b1070f3754'}, {'createdAt': {'$date': 1690795235000}, 'trackingCode': 'd640c2219a0ce8ec157d069d30480242', 'status': None, 'description': 'EM ROTA', 'trackerType': '202591c2658eb8db7d1c57e1273cd270', 'from': '76517b54eb771a18edf72ccceb2c04cd', 'to': '6adf97f83acf6453d4a6a4b1070f3754'}, {'createdAt': {'$date': 1690801377000}, 'trackingCode': 'd640c2219a0ce8ec157d069d30480242', 'status': None, 'description': 'ENTREGUE', 'trackerType': '202591c2658eb8db7d1c57e1273cd270', 'from': '76517b54eb771a18edf72ccceb2c04cd', 'to': '6adf97f83acf6453d4a6a4b1070f3754'}]"
U,7c5490eaefad5ce12f5a20a177b3e257,1693510377,1693824983,1693824983,"[{'createdAt': {'$date': 1693504596000}, 'trackingCode': '96234735e22c3c0de792fee011ac3eca', 'status': None, 'description': 'EMISSAO', 'trackerType': '202591c2658eb8db7d1c57e1273cd270', 'from': 'dfce9169ad63a12531f2617370e1622c', 'to': '6adf97f83acf6453d4a6a4b1070f3754'}, {'createdAt': {'$date': 1693504602000}, 'trackingCode': '96234735e22c3c0de792fee011ac3eca', 'status': None, 'description': 'TRANSFERENCIA', 'trackerType': '202591c2658eb8db7d1c57e1273cd270', 'from': 'dfce9169ad63a12531f2617370e1622c', 'to': '6adf97f83acf6453d4a6a4b1070f3754'}, {'createdAt': {'$date': 1693504771000}, 'trackingCode': '96234735e22c3c0de792fee011ac3eca', 'status': None, 'description': 'TRANSFERENCIA', 'trackerType': '202591c2658eb8db7d1c57e1273cd270', 'from': 'dfce9169ad63a12531f2617370e1622c', 'to': '6adf97f83acf6453d4a6a4b1070f3754'}, {'createdAt': {'$date': 1693510949000}, 'trackingCode': '96234735e22c3c0de792fee011ac3eca', 'status': None, 'description': 'ENTRADA', 'trackerType': '202591c2658eb8db7d1c57e1273cd270', 'from': '089607e1466a53ee58164c9974d00976', 'to': '6adf97f83acf6453d4a6a4b1070f3754'}, {'createdAt': {'$date': 1693519547000}, 'trackingCode': '96234735e22c3c0de792fee011ac3eca', 'status': None, 'description': 'TRANSFERENCIA', 'trackerType': '202591c2658eb8db7d1c57e1273cd270', 'from': '089607e1466a53ee58164c9974d00976', 'to': '6adf97f83acf6453d4a6a4b1070f3754'}, {'createdAt': {'$date': 1693519548000}, 'trackingCode': '96234735e22c3c0de792fee011ac3eca', 'status': None, 'description': 'TRANSFERENCIA', 'trackerType': '202591c2658eb8db7d1c57e1273cd270', 'from': '089607e1466a53ee58164c9974d00976', 'to': '6adf97f83acf6453d4a6a4b1070f3754'}, {'createdAt': {'$date': 1693532103000}, 'trackingCode': '96234735e22c3c0de792fee011ac3eca', 'status': None, 'description': 'TRANSFERENCIA', 'trackerType': '202591c2658eb8db7d1c57e1273cd270', 'from': 'e81f9b321e898f638477f1f13bf81c38', 'to': '6adf97f83acf6453d4a6a4b1070f3754'}, {'createdAt': {'$date': 1693534194000}, 'trackingCode': '96234735e22c3c0de792fee011ac3eca', 'status': None, 'description': 'TRANSFERENCIA', 'trackerType': '202591c2658eb8db7d1c57e1273cd270', 'from': 'fac929278c0e5ba967802153ba729336', 'to': '6adf97f83acf6453d4a6a4b1070f3754'}, {'createdAt': {'$date': 1693552656000}, 'trackingCode': '96234735e22c3c0de792fee011ac3eca', 'status': None, 'description': 'ENTRADA', 'trackerType': '202591c2658eb8db7d1c57e1273cd270', 'from': 'a42778b64345ca42fd5dc6f50f47ebf8', 'to': '6adf97f83acf6453d4a6a4b1070f3754'}, {'createdAt': {'$date': 1693553083000}, 'trackingCode': '96234735e22c3c0de792fee011ac3eca', 'status': None, 'description': 'EM ROTA', 'trackerType': '202591c2658eb8db7d1c57e1273cd270', 'from': 'a42778b64345ca42fd5dc6f50f47ebf8', 'to': '6adf97f83acf6453d4a6a4b1070f3754'}, {'createdAt': {'$date': 1693570011000}, 'trackingCode': '96234735e22c3c0de792fee011ac3eca', 'status': None, 'description': 'ENTREGUE', 'trackerType': '202591c2658eb8db7d1c57e1273cd270', 'from': 'a42778b64345ca42fd5dc6f50f47ebf8', 'to': '6adf97f83acf6453d4a6a4b1070f3754'}]"
U,b704159bd4c1b3d3de55dd556c6ba557,1689963356,1693824983,1693824983,"[{'createdAt': {'$date': 1689951571000}, 'trackingCode': '881a8d19ca345c558adb0c37a26b98b7', 'status': None, 'description': 'EMISSAO', 'trackerType': '202591c2658eb8db7d1c57e1273cd270', 'from': '60ec5bbdc1b316203f603ccb9215e429', 'to': '6adf97f83acf6453d4a6a4b1070f3754'}, {'createdAt': {'$date': 1689961874000}, 'trackingCode': '881a8d19ca345c558adb0c37a26b98b7', 'status': None, 'description': 'TRANSFERENCIA', 'trackerType': '202591c2658eb8db7d1c57e1273cd270', 'from': '60ec5bbdc1b316203f603ccb9215e429', 'to': '6adf97f83acf6453d4a6a4b1070f3754'}, {'createdAt': {'$date': 1690269465000}, 'trackingCode': '881a8d19ca345c558adb0c37a26b98b7', 'status': None, 'description': 'ENTRADA', 'trackerType': '202591c2658eb8db7d1c57e1273cd270', 'from': 'fac929278c0e5ba967802153ba729336', 'to': '6adf97f83acf6453d4a6a4b1070f3754'}, {'createdAt': {'$date': 1690314020000}, 'trackingCode': '881a8d19ca345c558adb0c37a26b98b7', 'status': None, 'description': 'TRANSFERENCIA', 'trackerType': '202591c2658eb8db7d1c57e1273cd270', 'from': 'fac929278c0e5ba967802153ba729336', 'to': '6adf97f83acf6453d4a6a4b1070f3754'}, {'createdAt': {'$date': 1690335075000}, 'trackingCode': '881a8d19ca345c558adb0c37a26b98b7', 'status': None, 'description': 'TRANSFERENCIA', 'trackerType': '202591c2658eb8db7d1c57e1273cd270', 'from': 'fac929278c0e5ba967802153ba729336', 'to': '6adf97f83acf6453d4a6a4b1070f3754'}, {'createdAt': {'$date': 1690424838000}, 'trackingCode': '881a8d19ca345c558adb0c37a26b98b7', 'status': None, 'description': 'ENTRADA', 'trackerType': '202591c2658eb8db7d1c57e1273cd270', 'from': '971e249ca4af90aa0b044735d8fdd59e', 'to': '6adf97f83acf6453d4a6a4b1070f3754'}, {'createdAt': {'$date': 1690427641000}, 'trackingCode': '881a8d19ca345c558adb0c37a26b98b7', 'status': None, 'description': 'TRANSFERENCIA', 'trackerType': '202591c2658eb8db7d1c57e1273cd270', 'from': '971e249ca4af90aa0b044735d8fdd59e', 'to': '6adf97f83acf6453d4a6a4b1070f3754'}, {'createdAt': {'$date': 1690439840000}, 'trackingCode': '881a8d19ca345c558adb0c37a26b98b7', 'status': None, 'description': 'TRANSFERIDO PARA UNIDADE', 'trackerType': '202591c2658eb8db7d1c57e1273cd270', 'from': '971e249ca4af90aa0b044735d8fdd59e', 'to': '6adf97f83acf6453d4a6a4b1070f3754'}, {'createdAt': {'$date': 1690446093000}, 'trackingCode': '881a8d19ca345c558adb0c37a26b98b7', 'status': None, 'description': 'ENTRADA', 'trackerType': '202591c2658eb8db7d1c57e1273cd270', 'from': '3d689842770ab6d422126c3f0dac13dd', 'to': '6adf97f83acf6453d4a6a4b1070f3754'}, {'createdAt': {'$date': 1690448271000}, 'trackingCode': '881a8d19ca345c558adb0c37a26b98b7', 'status': None, 'description': 'EM ROTA', 'trackerType': '202591c2658eb8db7d1c57e1273cd270', 'from': '3d689842770ab6d422126c3f0dac13dd', 'to': '6adf97f83acf6453d4a6a4b1070f3754'}, {'createdAt': {'$date': 1690463104000}, 'trackingCode': '881a8d19ca345c558adb0c37a26b98b7', 'status': None, 'description': 'ENTREGUE', 'trackerType': '202591c2658eb8db7d1c57e1273cd270', 'from': '3d689842770ab6d422126c3f0dac13dd', 'to': '6adf97f83acf6453d4a6a4b1070f3754'}]"
U,37d2821fbc32ece1e9fc0c329dff3993,1692112029,1693824983,1693824983,"[{'createdAt': {'$date': 1692098928000}, 'trackingCode': '3f1423966bf15ae8da78c0d0ff332b8f', 'status': '102', 'description': 'Informação do Envio enviado à Azul Cargo Express (CT-e emitido)\t', 'trackerType': '3b24fa7e14555a1912e5bc2198f8e075', 'from': '87e8a69d36e1ab950df371107c9b868c', 'to': '6adf97f83acf6453d4a6a4b1070f3754'}, {'createdAt': {'$date': 1692115911000}, 'trackingCode': '3f1423966bf15ae8da78c0d0ff332b8f', 'status': '104', 'description': 'Deixou a unidade Azul Cargo Express\t', 'trackerType': '3b24fa7e14555a1912e5bc2198f8e075', 'from': '87e8a69d36e1ab950df371107c9b868c', 'to': '6adf97f83acf6453d4a6a4b1070f3754'}, {'createdAt': {'$date': 1692120778000}, 'trackingCode': '3f1423966bf15ae8da78c0d0ff332b8f', 'status': '104', 'description': 'Deixou a unidade Azul Cargo Express\t', 'trackerType': '3b24fa7e14555a1912e5bc2198f8e075', 'from': '87e8a69d36e1ab950df371107c9b868c', 'to': '6adf97f83acf6453d4a6a4b1070f3754'}, {'createdAt': {'$date': 1692123063000}, 'trackingCode': '3f1423966bf15ae8da78c0d0ff332b8f', 'status': '134', 'description': 'Saída do voo\t', 'trackerType': '3b24fa7e14555a1912e5bc2198f8e075', 'from': '87e8a69d36e1ab950df371107c9b868c', 'to': '6adf97f83acf6453d4a6a4b1070f3754'}, {'createdAt': {'$date': 1692146100000}, 'trackingCode': '3f1423966bf15ae8da78c0d0ff332b8f', 'status': '137', 'description': 'Chegada do voo\t', 'trackerType': '3b24fa7e14555a1912e5bc2198f8e075', 'from': '89cb1e2fcbb5b49ca53cf4157f671587', 'to': '6adf97f83acf6453d4a6a4b1070f3754'}, {'createdAt': {'$date': 1692197894000}, 'trackingCode': '3f1423966bf15ae8da78c0d0ff332b8f', 'status': '104', 'description': 'Deixou a unidade Azul Cargo Express\t', 'trackerType': '3b24fa7e14555a1912e5bc2198f8e075', 'from': '89cb1e2fcbb5b49ca53cf4157f671587', 'to': '6adf97f83acf6453d4a6a4b1070f3754'}, {'createdAt': {'$date': 1692197908000}, 'trackingCode': '3f1423966bf15ae8da78c0d0ff332b8f', 'status': '134', 'description': 'Saída do voo\t', 'trackerType': '3b24fa7e14555a1912e5bc2198f8e075', 'from': '89cb1e2fcbb5b49ca53cf4157f671587', 'to': '6adf97f83acf6453d4a6a4b1070f3754'}, {'createdAt': {'$date': 1692206160000}, 'trackingCode': '3f1423966bf15ae8da78c0d0ff332b8f', 'status': '137', 'description': 'Chegada do voo\t', 'trackerType': '3b24fa7e14555a1912e5bc2198f8e075', 'from': 'cc9ef11fff29237638913fbde8ac6a5d', 'to': '6adf97f83acf6453d4a6a4b1070f3754'}, {'createdAt': {'$date': 1692286633000}, 'trackingCode': '3f1423966bf15ae8da78c0d0ff332b8f', 'status': '142', 'description': 'Embarque no veículo para transferência ou em rota para entrega', 'trackerType': '3b24fa7e14555a1912e5bc2198f8e075', 'from': 'cc9ef11fff29237638913fbde8ac6a5d', 'to': '6adf97f83acf6453d4a6a4b1070f3754'}, {'createdAt': {'$date': 1692286633000}, 'trackingCode': '3f1423966bf15ae8da78c0d0ff332b8f', 'status': '133', 'description': 'Saida Do Veiculo', 'trackerType': '3b24fa7e14555a1912e5bc2198f8e075', 'from': 'cc9ef11fff29237638913fbde8ac6a5d', 'to': '6adf97f83acf6453d4a6a4b1070f3754'}, {'createdAt': {'$date': 1692287238000}, 'trackingCode': '3f1423966bf15ae8da78c0d0ff332b8f', 'status': '136', 'description': 'Chegou na Unidade Azul Cargo Express\t', 'trackerType': '3b24fa7e14555a1912e5bc2198f8e075', 'from': 'ef369e9b4385e7449eba5a1a1b0b0ba0', 'to': '6adf97f83acf6453d4a6a4b1070f3754'}, {'createdAt': {'$date': 1692360444000}, 'trackingCode': '3f1423966bf15ae8da78c0d0ff332b8f', 'status': '104', 'description': 'Deixou a unidade Azul Cargo Express\t', 'trackerType': '3b24fa7e14555a1912e5bc2198f8e075', 'from': 'ef369e9b4385e7449eba5a1a1b0b0ba0', 'to': '6adf97f83acf6453d4a6a4b1070f3754'}, {'createdAt': {'$date': 1692360446000}, 'trackingCode': '3f1423966bf15ae8da78c0d0ff332b8f', 'status': '133', 'description': 'Saida Do Veiculo', 'trackerType': '3b24fa7e14555a1912e5bc2198f8e075', 'from': 'ef369e9b4385e7449eba5a1a1b0b0ba0', 'to': '6adf97f83acf6453d4a6a4b1070f3754'}, {'createdAt': {'$date': 1692361305000}, 'trackingCode': '3f1423966bf15ae8da78c0d0ff332b8f', 'status': '01', 'description': 'Remessa entregue', 'trackerType': '3b24fa7e14555a1912e5bc2198f8e075', 'from': '6adf97f83acf6453d4a6a4b1070f3754', 'to': '6adf97f83acf6453d4a6a4b1070f3754'}]"
U,1086892513df657c417d301fc3a026d4,1691597316,1693824983,1693824983,"[{'createdAt': {'$date': 1691583628000}, 'trackingCode': 'a5f5e0636a36899db3ec314dfb5cceec', 'status': None, 'description': 'EMISSAO', 'trackerType': '202591c2658eb8db7d1c57e1273cd270', 'from': '5fba7611f06004eb5cf9c14794bdfda8', 'to': '6adf97f83acf6453d4a6a4b1070f3754'}, {'createdAt': {'$date': 1691594911000}, 'trackingCode': 'a5f5e0636a36899db3ec314dfb5cceec', 'status': None, 'description': 'TRANSFERENCIA', 'trackerType': '202591c2658eb8db7d1c57e1273cd270', 'from': '5fba7611f06004eb5cf9c14794bdfda8', 'to': '6adf97f83acf6453d4a6a4b1070f3754'}, {'createdAt': {'$date': 1691623307000}, 'trackingCode': 'a5f5e0636a36899db3ec314dfb5cceec', 'status': None, 'description': 'ENTRADA', 'trackerType': '202591c2658eb8db7d1c57e1273cd270', 'from': 'fac929278c0e5ba967802153ba729336', 'to': '6adf97f83acf6453d4a6a4b1070f3754'}, {'createdAt': {'$date': 1691627850000}, 'trackingCode': 'a5f5e0636a36899db3ec314dfb5cceec', 'status': None, 'description': 'TRANSFERENCIA', 'trackerType': '202591c2658eb8db7d1c57e1273cd270', 'from': 'fac929278c0e5ba967802153ba729336', 'to': '6adf97f83acf6453d4a6a4b1070f3754'}, {'createdAt': {'$date': 1691701740000}, 'trackingCode': 'a5f5e0636a36899db3ec314dfb5cceec', 'status': None, 'description': 'TRANSFERENCIA', 'trackerType': '202591c2658eb8db7d1c57e1273cd270', 'from': 'fac929278c0e5ba967802153ba729336', 'to': '6adf97f83acf6453d4a6a4b1070f3754'}, {'createdAt': {'$date': 1691741065000}, 'trackingCode': 'a5f5e0636a36899db3ec314dfb5cceec', 'status': None, 'description': 'TRANSFERIDO PARA UNIDADE', 'trackerType': '202591c2658eb8db7d1c57e1273cd270', 'from': 'bb06c77b0bda796758fb2d30ec897c06', 'to': '6adf97f83acf6453d4a6a4b1070f3754'}, {'createdAt': {'$date': 1691743153000}, 'trackingCode': 'a5f5e0636a36899db3ec314dfb5cceec', 'status': None, 'description': 'ENTRADA', 'trackerType': '202591c2658eb8db7d1c57e1273cd270', 'from': '96423ec7b05bbe49e98a04cb5a6118ea', 'to': '6adf97f83acf6453d4a6a4b1070f3754'}, {'createdAt': {'$date': 1691747465000}, 'trackingCode': 'a5f5e0636a36899db3ec314dfb5cceec', 'status': None, 'description': 'EM ROTA', 'trackerType': '202591c2658eb8db7d1c57e1273cd270', 'from': '96423ec7b05bbe49e98a04cb5a6118ea', 'to': '6adf97f83acf6453d4a6a4b1070f3754'}, {'createdAt': {'$date': 1691775257000}, 'trackingCode': 'a5f5e0636a36899db3ec314dfb5cceec', 'status': None, 'description': 'ENTREGUE', 'trackerType': '202591c2658eb8db7d1c57e1273cd270', 'from': '96423ec7b05bbe49e98a04cb5a6118ea', 'to': '6adf97f83acf6453d4a6a4b1070f3754'}]"
U,81b8951963b84f50136782b24de5dc97,1690599726,1693824983,1693824983,"[{'createdAt': {'$date': 1690562743000}, 'trackingCode': 'bba2b7d7678e069da5af6e5f97fd5e9b', 'status': None, 'description': 'EMISSAO', 'trackerType': '202591c2658eb8db7d1c57e1273cd270', 'from': '1286050603b4e2bf5e8d78be3144f84e', 'to': '6adf97f83acf6453d4a6a4b1070f3754'}, {'createdAt': {'$date': 1690563699000}, 'trackingCode': 'bba2b7d7678e069da5af6e5f97fd5e9b', 'status': None, 'description': 'TRANSFERENCIA', 'trackerType': '202591c2658eb8db7d1c57e1273cd270', 'from': '1286050603b4e2bf5e8d78be3144f84e', 'to': '6adf97f83acf6453d4a6a4b1070f3754'}, {'createdAt': {'$date': 1690577316000}, 'trackingCode': 'bba2b7d7678e069da5af6e5f97fd5e9b', 'status': None, 'description': 'ENTRADA', 'trackerType': '202591c2658eb8db7d1c57e1273cd270', 'from': 'fac929278c0e5ba967802153ba729336', 'to': '6adf97f83acf6453d4a6a4b1070f3754'}, {'createdAt': {'$date': 1690580794000}, 'trackingCode': 'bba2b7d7678e069da5af6e5f97fd5e9b', 'status': None, 'description': 'TRANSFERENCIA', 'trackerType': '202591c2658eb8db7d1c57e1273cd270', 'from': '866813c9a5f756fd2d824c2b492e80c6', 'to': '6adf97f83acf6453d4a6a4b1070f3754'}, {'createdAt': {'$date': 1690581889000}, 'trackingCode': 'bba2b7d7678e069da5af6e5f97fd5e9b', 'status': None, 'description': 'TRANSFERENCIA', 'trackerType': '202591c2658eb8db7d1c57e1273cd270', 'from': 'fac929278c0e5ba967802153ba729336', 'to': '6adf97f83acf6453d4a6a4b1070f3754'}, {'createdAt': {'$date': 1690629967000}, 'trackingCode': 'bba2b7d7678e069da5af6e5f97fd5e9b', 'status': None, 'description': 'ENTRADA', 'trackerType': '202591c2658eb8db7d1c57e1273cd270', 'from': 'd87c16b2947b00d201791720e7a2435a', 'to': '6adf97f83acf6453d4a6a4b1070f3754'}, {'createdAt': {'$date': 1690804324000}, 'trackingCode': 'bba2b7d7678e069da5af6e5f97fd5e9b', 'status': None, 'description': 'EM ROTA', 'trackerType': '202591c2658eb8db7d1c57e1273cd270', 'from': 'd87c16b2947b00d201791720e7a2435a', 'to': '6adf97f83acf6453d4a6a4b1070f3754'}, {'createdAt': {'$date': 1690905866000}, 'trackingCode': 'bba2b7d7678e069da5af6e5f97fd5e9b', 'status': None, 'description': 'ENTREGUE', 'trackerType': '202591c2658eb8db7d1c57e1273cd270', 'from': 'd87c16b2947b00d201791720e7a2435a', 'to': '6adf97f83acf6453d4a6a4b1070f3754'}]"
U,ee35efca41d263e13d4790a06005c8c9,1693510377,1693824983,1693824983,"[{'createdAt': {'$date': 1693501092000}, 'trackingCode': '09e462b282e114ff85e650af649bf343', 'status': None, 'description': 'EMISSAO', 'trackerType': '202591c2658eb8db7d1c57e1273cd270', 'from': '63c3f67dd0a0513f28dd3837940b64e9', 'to': '6adf97f83acf6453d4a6a4b1070f3754'}, {'createdAt': {'$date': 1693505805000}, 'trackingCode': '09e462b282e114ff85e650af649bf343', 'status': None, 'description': 'TRANSFERENCIA', 'trackerType': '202591c2658eb8db7d1c57e1273cd270', 'from': '63c3f67dd0a0513f28dd3837940b64e9', 'to': '6adf97f83acf6453d4a6a4b1070f3754'}, {'createdAt': {'$date': 1693533625000}, 'trackingCode': '09e462b282e114ff85e650af649bf343', 'status': None, 'description': 'ENTRADA', 'trackerType': '202591c2658eb8db7d1c57e1273cd270', 'from': 'fac929278c0e5ba967802153ba729336', 'to': '6adf97f83acf6453d4a6a4b1070f3754'}, {'createdAt': {'$date': 1693538106000}, 'trackingCode': '09e462b282e114ff85e650af649bf343', 'status': None, 'description': 'TRANSFERENCIA', 'trackerType': '202591c2658eb8db7d1c57e1273cd270', 'from': 'e81f9b321e898f638477f1f13bf81c38', 'to': '6adf97f83acf6453d4a6a4b1070f3754'}, {'createdAt': {'$date': 1693542509000}, 'trackingCode': '09e462b282e114ff85e650af649bf343', 'status': None, 'description': 'TRANSFERENCIA', 'trackerType': '202591c2658eb8db7d1c57e1273cd270', 'from': 'fac929278c0e5ba967802153ba729336', 'to': '6adf97f83acf6453d4a6a4b1070f3754'}, {'createdAt': {'$date': 1693560304000}, 'trackingCode': '09e462b282e114ff85e650af649bf343', 'status': None, 'description': 'ENTRADA', 'trackerType': '202591c2658eb8db7d1c57e1273cd270', 'from': '54d2c5e1aeae6e6f4a293b7026a6841b', 'to': '6adf97f83acf6453d4a6a4b1070f3754'}, {'createdAt': {'$date': 1693561176000}, 'trackingCode': '09e462b282e114ff85e650af649bf343', 'status': None, 'description': 'EM ROTA', 'trackerType': '202591c2658eb8db7d1c57e1273cd270', 'from': '99086256e857fa0e87e68d4af7e361d0', 'to': '6adf97f83acf6453d4a6a4b1070f3754'}, {'createdAt': {'$date': 1693565154000}, 'trackingCode': '09e462b282e114ff85e650af649bf343', 'status': None, 'description': 'ENTREGUE', 'trackerType': '202591c2658eb8db7d1c57e1273cd270', 'from': '99086256e857fa0e87e68d4af7e361d0', 'to': '6adf97f83acf6453d4a6a4b1070f3754'}]"
U,58f2a88f2f4ed9a123167d1f56bcd23a,1693510377,1693824983,1693794345,"[{'createdAt': {'$date': 1693503032000}, 'trackingCode': 'b38dae5862eb6511d673951114e49862', 'status': None, 'description': 'EMISSAO', 'trackerType': '202591c2658eb8db7d1c57e1273cd270', 'from': '21bab8647be1f4919c829b935aac6120', 'to': '6adf97f83acf6453d4a6a4b1070f3754'}, {'createdAt': {'$date': 1693585911000}, 'trackingCode': 'b38dae5862eb6511d673951114e49862', 'status': None, 'description': 'TRANSFERENCIA', 'trackerType': '202591c2658eb8db7d1c57e1273cd270', 'from': '21bab8647be1f4919c829b935aac6120', 'to': '6adf97f83acf6453d4a6a4b1070f3754'}, {'createdAt': {'$date': 1693586003000}, 'trackingCode': 'b38dae5862eb6511d673951114e49862', 'status': None, 'description': 'TRANSFERENCIA', 'trackerType': '202591c2658eb8db7d1c57e1273cd270', 'from': '21bab8647be1f4919c829b935aac6120', 'to': '6adf97f83acf6453d4a6a4b1070f3754'}, {'createdAt': {'$date': 1693607616000}, 'trackingCode': 'b38dae5862eb6511d673951114e49862', 'status': None, 'description': 'ENTRADA', 'trackerType': '202591c2658eb8db7d1c57e1273cd270', 'from': 'd638da252e853581ee95ba532603c3cf', 'to': '6adf97f83acf6453d4a6a4b1070f3754'}, {'createdAt': {'$date': 1693621918000}, 'trackingCode': 'b38dae5862eb6511d673951114e49862', 'status': None, 'description': 'TRANSFERENCIA', 'trackerType': '202591c2658eb8db7d1c57e1273cd270', 'from': 'd638da252e853581ee95ba532603c3cf', 'to': '6adf97f83acf6453d4a6a4b1070f3754'}, {'createdAt': {'$date': 1693629310000}, 'trackingCode': 'b38dae5862eb6511d673951114e49862', 'status': None, 'description': 'TRANSFERENCIA', 'trackerType': '202591c2658eb8db7d1c57e1273cd270', 'from': 'd638da252e853581ee95ba532603c3cf', 'to': '6adf97f83acf6453d4a6a4b1070f3754'}, {'createdAt': {'$date': 1693685776000}, 'trackingCode': 'b38dae5862eb6511d673951114e49862', 'status': None, 'description': 'ENTRADA', 'trackerType': '202591c2658eb8db7d1c57e1273cd270', 'from': '089607e1466a53ee58164c9974d00976', 'to': '6adf97f83acf6453d4a6a4b1070f3754'}, {'createdAt': {'$date': 1693689430000}, 'trackingCode': 'b38dae5862eb6511d673951114e49862', 'status': None, 'description': 'TRANSFERENCIA', 'trackerType': '202591c2658eb8db7d1c57e1273cd270', 'from': '089607e1466a53ee58164c9974d00976', 'to': '6adf97f83acf6453d4a6a4b1070f3754'}, {'createdAt': {'$date': 1693709254000}, 'trackingCode': 'b38dae5862eb6511d673951114e49862', 'status': None, 'description': 'TRANSFERENCIA', 'trackerType': '202591c2658eb8db7d1c57e1273cd270', 'from': 'fac929278c0e5ba967802153ba729336', 'to': '6adf97f83acf6453d4a6a4b1070f3754'}, {'createdAt': {'$date': 1693803498000}, 'trackingCode': 'b38dae5862eb6511d673951114e49862', 'status': None, 'description': 'TRANSFERENCIA', 'trackerType': '202591c2658eb8db7d1c57e1273cd270', 'from': 'fac929278c0e5ba967802153ba729336', 'to': '6adf97f83acf6453d4a6a4b1070f3754'}, {'createdAt': {'$date': 1693803996000}, 'trackingCode': 'b38dae5862eb6511d673951114e49862', 'status': None, 'description': 'TRANSFERIDO PARA UNIDADE', 'trackerType': '202591c2658eb8db7d1c57e1273cd270', 'from': 'fac929278c0e5ba967802153ba729336', 'to': '6adf97f83acf6453d4a6a4b1070f3754'}, {'createdAt': {'$date': 1693811210000}, 'trackingCode': 'b38dae5862eb6511d673951114e49862', 'status': None, 'description': 'ENTRADA', 'trackerType': '202591c2658eb8db7d1c57e1273cd270', 'from': '46b648ddf44e76d1fc26dd3620c784ad', 'to': '6adf97f83acf6453d4a6a4b1070f3754'}, {'createdAt': {'$date': 1693818761000}, 'trackingCode': 'b38dae5862eb6511d673951114e49862', 'status': None, 'description': 'EM ROTA', 'trackerType': '202591c2658eb8db7d1c57e1273cd270', 'from': '46b648ddf44e76d1fc26dd3620c784ad', 'to': '6adf97f83acf6453d4a6a4b1070f3754'}]"
U,5ada4aaa64e12932cfcad3e2d61f9b7c,1692205750,1693824983,1693824983,"[{'createdAt': {'$date': 1692203668000}, 'trackingCode': '3b043630320b265a014058c630985f2f', 'status': None, 'description': 'EMISSAO', 'trackerType': '202591c2658eb8db7d1c57e1273cd270', 'from': 'd422e3c38728e6eaba2e1b4b42a12432', 'to': '6adf97f83acf6453d4a6a4b1070f3754'}, {'createdAt': {'$date': 1692213151000}, 'trackingCode': '3b043630320b265a014058c630985f2f', 'status': None, 'description': 'TRANSFERENCIA', 'trackerType': '202591c2658eb8db7d1c57e1273cd270', 'from': 'd422e3c38728e6eaba2e1b4b42a12432', 'to': '6adf97f83acf6453d4a6a4b1070f3754'}, {'createdAt': {'$date': 1692233624000}, 'trackingCode': '3b043630320b265a014058c630985f2f', 'status': None, 'description': 'ENTRADA', 'trackerType': '202591c2658eb8db7d1c57e1273cd270', 'from': '484ba77375b97d1b928c2d4c5685c48b', 'to': '6adf97f83acf6453d4a6a4b1070f3754'}, {'createdAt': {'$date': 1692253212000}, 'trackingCode': '3b043630320b265a014058c630985f2f', 'status': None, 'description': 'TRANSFERENCIA', 'trackerType': '202591c2658eb8db7d1c57e1273cd270', 'from': '484ba77375b97d1b928c2d4c5685c48b', 'to': '6adf97f83acf6453d4a6a4b1070f3754'}, {'createdAt': {'$date': 1692254095000}, 'trackingCode': '3b043630320b265a014058c630985f2f', 'status': None, 'description': 'TRANSFERENCIA', 'trackerType': '202591c2658eb8db7d1c57e1273cd270', 'from': '484ba77375b97d1b928c2d4c5685c48b', 'to': '6adf97f83acf6453d4a6a4b1070f3754'}, {'createdAt': {'$date': 1692305334000}, 'trackingCode': '3b043630320b265a014058c630985f2f', 'status': None, 'description': 'TRANSFERENCIA', 'trackerType': '202591c2658eb8db7d1c57e1273cd270', 'from': 'fac929278c0e5ba967802153ba729336', 'to': '6adf97f83acf6453d4a6a4b1070f3754'}, {'createdAt': {'$date': 1692336919000}, 'trackingCode': '3b043630320b265a014058c630985f2f', 'status': None, 'description': 'TRANSFERIDO PARA UNIDADE', 'trackerType': '202591c2658eb8db7d1c57e1273cd270', 'from': 'bb06c77b0bda796758fb2d30ec897c06', 'to': '6adf97f83acf6453d4a6a4b1070f3754'}, {'createdAt': {'$date': 1692346803000}, 'trackingCode': '3b043630320b265a014058c630985f2f', 'status': None, 'description': 'ENTRADA', 'trackerType': '202591c2658eb8db7d1c57e1273cd270', 'from': '7b7bb4825d46e74dc53208b972130586', 'to': '6adf97f83acf6453d4a6a4b1070f3754'}, {'createdAt': {'$date': 1692347283000}, 'trackingCode': '3b043630320b265a014058c630985f2f', 'status': None, 'description': 'EM ROTA', 'trackerType': '202591c2658eb8db7d1c57e1273cd270', 'from': '7b7bb4825d46e74dc53208b972130586', 'to': '6adf97f83acf6453d4a6a4b1070f3754'}, {'createdAt': {'$date': 1692350158000}, 'trackingCode': '3b043630320b265a014058c630985f2f', 'status': None, 'description': 'ENTREGUE', 'trackerType': '202591c2658eb8db7d1c57e1273cd270', 'from': '7b7bb4825d46e74dc53208b972130586', 'to': '6adf97f83acf6453d4a6a4b1070f3754'}]"
U,58f2a88f2f4ed9a123167d1f56bcd23a,1693510377,1693824983,1693824983,"[{'createdAt': {'$date': 1693503032000}, 'trackingCode': 'b38dae5862eb6511d673951114e49862', 'status': None, 'description': 'EMISSAO', 'trackerType': '202591c2658eb8db7d1c57e1273cd270', 'from': '21bab8647be1f4919c829b935aac6120', 'to': '6adf97f83acf6453d4a6a4b1070f3754'}, {'createdAt': {'$date': 1693585911000}, 'trackingCode': 'b38dae5862eb6511d673951114e49862', 'status': None, 'description': 'TRANSFERENCIA', 'trackerType': '202591c2658eb8db7d1c57e1273cd270', 'from': '21bab8647be1f4919c829b935aac6120', 'to': '6adf97f83acf6453d4a6a4b1070f3754'}, {'createdAt': {'$date': 1693586003000}, 'trackingCode': 'b38dae5862eb6511d673951114e49862', 'status': None, 'description': 'TRANSFERENCIA', 'trackerType': '202591c2658eb8db7d1c57e1273cd270', 'from': '21bab8647be1f4919c829b935aac6120', 'to': '6adf97f83acf6453d4a6a4b1070f3754'}, {'createdAt': {'$date': 1693607616000}, 'trackingCode': 'b38dae5862eb6511d673951114e49862', 'status': None, 'description': 'ENTRADA', 'trackerType': '202591c2658eb8db7d1c57e1273cd270', 'from': 'd638da252e853581ee95ba532603c3cf', 'to': '6adf97f83acf6453d4a6a4b1070f3754'}, {'createdAt': {'$date': 1693621918000}, 'trackingCode': 'b38dae5862eb6511d673951114e49862', 'status': None, 'description': 'TRANSFERENCIA', 'trackerType': '202591c2658eb8db7d1c57e1273cd270', 'from': 'd638da252e853581ee95ba532603c3cf', 'to': '6adf97f83acf6453d4a6a4b1070f3754'}, {'createdAt': {'$date': 1693629310000}, 'trackingCode': 'b38dae5862eb6511d673951114e49862', 'status': None, 'description': 'TRANSFERENCIA', 'trackerType': '202591c2658eb8db7d1c57e1273cd270', 'from': 'd638da252e853581ee95ba532603c3cf', 'to': '6adf97f83acf6453d4a6a4b1070f3754'}, {'createdAt': {'$date': 1693685776000}, 'trackingCode': 'b38dae5862eb6511d673951114e49862', 'status': None, 'description': 'ENTRADA', 'trackerType': '202591c2658eb8db7d1c57e1273cd270', 'from': '089607e1466a53ee58164c9974d00976', 'to': '6adf97f83acf6453d4a6a4b1070f3754'}, {'createdAt': {'$date': 1693689430000}, 'trackingCode': 'b38dae5862eb6511d673951114e49862', 'status': None, 'description': 'TRANSFERENCIA', 'trackerType': '202591c2658eb8db7d1c57e1273cd270', 'from': '089607e1466a53ee58164c9974d00976', 'to': '6adf97f83acf6453d4a6a4b1070f3754'}, {'createdAt': {'$date': 1693709254000}, 'trackingCode': 'b38dae5862eb6511d673951114e49862', 'status': None, 'description': 'TRANSFERENCIA', 'trackerType': '202591c2658eb8db7d1c57e1273cd270', 'from': 'fac929278c0e5ba967802153ba729336', 'to': '6adf97f83acf6453d4a6a4b1070f3754'}, {'createdAt': {'$date': 1693803498000}, 'trackingCode': 'b38dae5862eb6511d673951114e49862', 'status': None, 'description': 'TRANSFERENCIA', 'trackerType': '202591c2658eb8db7d1c57e1273cd270', 'from': 'fac929278c0e5ba967802153ba729336', 'to': '6adf97f83acf6453d4a6a4b1070f3754'}, {'createdAt': {'$date': 1693803996000}, 'trackingCode': 'b38dae5862eb6511d673951114e49862', 'status': None, 'description': 'TRANSFERIDO PARA UNIDADE', 'trackerType': '202591c2658eb8db7d1c57e1273cd270', 'from': 'fac929278c0e5ba967802153ba729336', 'to': '6adf97f83acf6453d4a6a4b1070f3754'}, {'createdAt': {'$date': 1693811210000}, 'trackingCode': 'b38dae5862eb6511d673951114e49862', 'status': None, 'description': 'ENTRADA', 'trackerType': '202591c2658eb8db7d1c57e1273cd270', 'from': '46b648ddf44e76d1fc26dd3620c784ad', 'to': '6adf97f83acf6453d4a6a4b1070f3754'}, {'createdAt': {'$date': 1693818761000}, 'trackingCode': 'b38dae5862eb6511d673951114e49862', 'status': None, 'description': 'EM ROTA', 'trackerType': '202591c2658eb8db7d1c57e1273cd270', 'from': '46b648ddf44e76d1fc26dd3620c784ad', 'to': '6adf97f83acf6453d4a6a4b1070f3754'}]"
U,e98deccf47fb7b5ce59bf5642ed9f732,1691510640,1693824983,1693824983,"[{'createdAt': {'$date': 1691509738000}, 'trackingCode': '585589f9c2d69cfdd0accbf320020586', 'status': '102', 'description': 'Informação do Envio enviado à Azul Cargo Express (CT-e emitido)\t', 'trackerType': '3b24fa7e14555a1912e5bc2198f8e075', 'from': '6a95df87de3f6bd631e27879c6b74175', 'to': '6adf97f83acf6453d4a6a4b1070f3754'}, {'createdAt': {'$date': 1691523440000}, 'trackingCode': '585589f9c2d69cfdd0accbf320020586', 'status': '104', 'description': 'Deixou a unidade Azul Cargo Express\t', 'trackerType': '3b24fa7e14555a1912e5bc2198f8e075', 'from': '6a95df87de3f6bd631e27879c6b74175', 'to': '6adf97f83acf6453d4a6a4b1070f3754'}, {'createdAt': {'$date': 1691523444000}, 'trackingCode': '585589f9c2d69cfdd0accbf320020586', 'status': '134', 'description': 'Saída do voo\t', 'trackerType': '3b24fa7e14555a1912e5bc2198f8e075', 'from': '6a95df87de3f6bd631e27879c6b74175', 'to': '6adf97f83acf6453d4a6a4b1070f3754'}, {'createdAt': {'$date': 1691585520000}, 'trackingCode': '585589f9c2d69cfdd0accbf320020586', 'status': '137', 'description': 'Chegada do voo\t', 'trackerType': '3b24fa7e14555a1912e5bc2198f8e075', 'from': '89cb1e2fcbb5b49ca53cf4157f671587', 'to': '6adf97f83acf6453d4a6a4b1070f3754'}, {'createdAt': {'$date': 1691698602000}, 'trackingCode': '585589f9c2d69cfdd0accbf320020586', 'status': '142', 'description': 'Embarque no veículo para transferência ou em rota para entrega', 'trackerType': '3b24fa7e14555a1912e5bc2198f8e075', 'from': '89cb1e2fcbb5b49ca53cf4157f671587', 'to': '6adf97f83acf6453d4a6a4b1070f3754'}, {'createdAt': {'$date': 1691698602000}, 'trackingCode': '585589f9c2d69cfdd0accbf320020586', 'status': '133', 'description': 'Saida Do Veiculo', 'trackerType': '3b24fa7e14555a1912e5bc2198f8e075', 'from': '89cb1e2fcbb5b49ca53cf4157f671587', 'to': '6adf97f83acf6453d4a6a4b1070f3754'}, {'createdAt': {'$date': 1691739840000}, 'trackingCode': '585589f9c2d69cfdd0accbf320020586', 'status': '137', 'description': 'Chegada do voo\t', 'trackerType': '3b24fa7e14555a1912e5bc2198f8e075', 'from': 'c71add1ad35c33a892127dc310a07354', 'to': '6adf97f83acf6453d4a6a4b1070f3754'}, {'createdAt': {'$date': 1691745916000}, 'trackingCode': '585589f9c2d69cfdd0accbf320020586', 'status': '104', 'description': 'Deixou a unidade Azul Cargo Express\t', 'trackerType': '3b24fa7e14555a1912e5bc2198f8e075', 'from': 'c71add1ad35c33a892127dc310a07354', 'to': '6adf97f83acf6453d4a6a4b1070f3754'}, {'createdAt': {'$date': 1691745918000}, 'trackingCode': '585589f9c2d69cfdd0accbf320020586', 'status': '133', 'description': 'Saida Do Veiculo', 'trackerType': '3b24fa7e14555a1912e5bc2198f8e075', 'from': 'c71add1ad35c33a892127dc310a07354', 'to': '6adf97f83acf6453d4a6a4b1070f3754'}, {'createdAt': {'$date': 1691748780000}, 'trackingCode': '585589f9c2d69cfdd0accbf320020586', 'status': '01', 'description': 'Remessa entregue', 'trackerType': '3b24fa7e14555a1912e5bc2198f8e075', 'from': '6adf97f83acf6453d4a6a4b1070f3754', 'to': '6adf97f83acf6453d4a6a4b1070f3754'}]"
U,caa7ffa456e94c9610dfdd24e7180b3c,1690363486,1693824983,1693824983,"[{'createdAt': {'$date': 1690294897000}, 'trackingCode': 'dc56acf4990f492a9a3eaf39b0017fbb', 'status': None, 'description': 'EMISSAO', 'trackerType': '202591c2658eb8db7d1c57e1273cd270', 'from': 'd78998be749740de8f9f94e00a811a58', 'to': '6adf97f83acf6453d4a6a4b1070f3754'}, {'createdAt': {'$date': 1690303069000}, 'trackingCode': 'dc56acf4990f492a9a3eaf39b0017fbb', 'status': None, 'description': 'TRANSFERENCIA', 'trackerType': '202591c2658eb8db7d1c57e1273cd270', 'from': 'd78998be749740de8f9f94e00a811a58', 'to': '6adf97f83acf6453d4a6a4b1070f3754'}, {'createdAt': {'$date': 1690449371000}, 'trackingCode': 'dc56acf4990f492a9a3eaf39b0017fbb', 'status': None, 'description': 'ENTRADA', 'trackerType': '202591c2658eb8db7d1c57e1273cd270', 'from': '84c77d7bc3fb1dd258da3c10bb2f8a27', 'to': '6adf97f83acf6453d4a6a4b1070f3754'}, {'createdAt': {'$date': 1690461956000}, 'trackingCode': 'dc56acf4990f492a9a3eaf39b0017fbb', 'status': None, 'description': 'TRANSFERENCIA', 'trackerType': '202591c2658eb8db7d1c57e1273cd270', 'from': '84c77d7bc3fb1dd258da3c10bb2f8a27', 'to': '6adf97f83acf6453d4a6a4b1070f3754'}, {'createdAt': {'$date': 1690461959000}, 'trackingCode': 'dc56acf4990f492a9a3eaf39b0017fbb', 'status': None, 'description': 'TRANSFERENCIA', 'trackerType': '202591c2658eb8db7d1c57e1273cd270', 'from': '84c77d7bc3fb1dd258da3c10bb2f8a27', 'to': '6adf97f83acf6453d4a6a4b1070f3754'}, {'createdAt': {'$date': 1690523020000}, 'trackingCode': 'dc56acf4990f492a9a3eaf39b0017fbb', 'status': None, 'description': 'TRANSFERENCIA', 'trackerType': '202591c2658eb8db7d1c57e1273cd270', 'from': '84c77d7bc3fb1dd258da3c10bb2f8a27', 'to': '6adf97f83acf6453d4a6a4b1070f3754'}, {'createdAt': {'$date': 1690530030000}, 'trackingCode': 'dc56acf4990f492a9a3eaf39b0017fbb', 'status': None, 'description': 'TRANSFERIDO PARA UNIDADE', 'trackerType': '202591c2658eb8db7d1c57e1273cd270', 'from': '84c77d7bc3fb1dd258da3c10bb2f8a27', 'to': '6adf97f83acf6453d4a6a4b1070f3754'}, {'createdAt': {'$date': 1690534637000}, 'trackingCode': 'dc56acf4990f492a9a3eaf39b0017fbb', 'status': None, 'description': 'ENTRADA', 'trackerType': '202591c2658eb8db7d1c57e1273cd270', 'from': 'bb8943dcbbd8882bab9972aca2f7b3b6', 'to': '6adf97f83acf6453d4a6a4b1070f3754'}, {'createdAt': {'$date': 1690538853000}, 'trackingCode': 'dc56acf4990f492a9a3eaf39b0017fbb', 'status': None, 'description': 'EM ROTA', 'trackerType': '202591c2658eb8db7d1c57e1273cd270', 'from': 'bb8943dcbbd8882bab9972aca2f7b3b6', 'to': '6adf97f83acf6453d4a6a4b1070f3754'}, {'createdAt': {'$date': 1690745665000}, 'trackingCode': 'dc56acf4990f492a9a3eaf39b0017fbb', 'status': None, 'description': 'AUSENTE 1', 'trackerType': '202591c2658eb8db7d1c57e1273cd270', 'from': 'bb8943dcbbd8882bab9972aca2f7b3b6', 'to': '6adf97f83acf6453d4a6a4b1070f3754'}, {'createdAt': {'$date': 1690808131000}, 'trackingCode': 'dc56acf4990f492a9a3eaf39b0017fbb', 'status': None, 'description': 'EM ROTA', 'trackerType': '202591c2658eb8db7d1c57e1273cd270', 'from': 'bb8943dcbbd8882bab9972aca2f7b3b6', 'to': '6adf97f83acf6453d4a6a4b1070f3754'}, {'createdAt': {'$date': 1690907814000}, 'trackingCode': 'dc56acf4990f492a9a3eaf39b0017fbb', 'status': None, 'description': 'ENTREGUE', 'trackerType': '202591c2658eb8db7d1c57e1273cd270', 'from': 'bb8943dcbbd8882bab9972aca2f7b3b6', 'to': '6adf97f83acf6453d4a6a4b1070f3754'}]"
U,2fce04a41d97f66b7edef314d6a0e6fe,1689120365,1693824983,1693824983,"[{'createdAt': {'$date': 1688836778000}, 'trackingCode': '3ef3293ed67d536df9e80bc23bce215a', 'status': '01', 'description': 'Objeto postado', 'trackerType': '27bb7dfdbe0de2d482d1c37c3fe5bfe3', 'from': 'f0aa1982f61314b9aab258c2f110ebab', 'to': '6adf97f83acf6453d4a6a4b1070f3754'}, {'createdAt': {'$date': 1689618429000}, 'trackingCode': '3ef3293ed67d536df9e80bc23bce215a', 'status': '16', 'description': 'Objeto recebido pelos Correios do Brasil', 'trackerType': '27bb7dfdbe0de2d482d1c37c3fe5bfe3', 'from': '44d02c36e6691bb8faacd16784348114', 'to': '6adf97f83acf6453d4a6a4b1070f3754'}, {'createdAt': {'$date': 1689855440000}, 'trackingCode': '3ef3293ed67d536df9e80bc23bce215a', 'status': '01', 'description': 'Objeto em trânsito - por favor aguarde', 'trackerType': '27bb7dfdbe0de2d482d1c37c3fe5bfe3', 'from': '44d02c36e6691bb8faacd16784348114', 'to': 'e0e884b320d7340e331862ed6772b798'}, {'createdAt': {'$date': 1689855439000}, 'trackingCode': '3ef3293ed67d536df9e80bc23bce215a', 'status': '10', 'description': 'Fiscalização aduaneira finalizada', 'trackerType': '27bb7dfdbe0de2d482d1c37c3fe5bfe3', 'from': '44d02c36e6691bb8faacd16784348114', 'to': '6adf97f83acf6453d4a6a4b1070f3754'}, {'createdAt': {'$date': 1690258126000}, 'trackingCode': '3ef3293ed67d536df9e80bc23bce215a', 'status': '01', 'description': 'Objeto em trânsito - por favor aguarde', 'trackerType': '27bb7dfdbe0de2d482d1c37c3fe5bfe3', 'from': 'e0e884b320d7340e331862ed6772b798', 'to': '0f293a952ac9ca7c68bc34259ede7764'}, {'createdAt': {'$date': 1690366826000}, 'trackingCode': '3ef3293ed67d536df9e80bc23bce215a', 'status': '01', 'description': 'Objeto saiu para entrega ao destinatário', 'trackerType': '27bb7dfdbe0de2d482d1c37c3fe5bfe3', 'from': '0f293a952ac9ca7c68bc34259ede7764', 'to': '6adf97f83acf6453d4a6a4b1070f3754'}, {'createdAt': {'$date': 1690381657000}, 'trackingCode': '3ef3293ed67d536df9e80bc23bce215a', 'status': '01', 'description': 'Objeto entregue ao destinatário', 'trackerType': '27bb7dfdbe0de2d482d1c37c3fe5bfe3', 'from': '0f293a952ac9ca7c68bc34259ede7764', 'to': '6adf97f83acf6453d4a6a4b1070f3754'}]"
U,2572a1eef5f7ace94d32c938706b5ebf,1693819104,1693824983,1693824983,"[{'createdAt': {'$date': 1689606721000}, 'trackingCode': '2e0570910dc4cfd68955416c29ec8aa2', 'status': '01', 'description': 'Objeto entregue ao destinatário', 'trackerType': '27bb7dfdbe0de2d482d1c37c3fe5bfe3', 'from': '0f293a952ac9ca7c68bc34259ede7764', 'to': '6adf97f83acf6453d4a6a4b1070f3754'}, {'createdAt': {'$date': 1689591462000}, 'trackingCode': '2e0570910dc4cfd68955416c29ec8aa2', 'status': '01', 'description': 'Objeto saiu para entrega ao destinatário', 'trackerType': '27bb7dfdbe0de2d482d1c37c3fe5bfe3', 'from': '0f293a952ac9ca7c68bc34259ede7764', 'to': '6adf97f83acf6453d4a6a4b1070f3754'}, {'createdAt': {'$date': 1689418379000}, 'trackingCode': '2e0570910dc4cfd68955416c29ec8aa2', 'status': '20', 'description': 'Objeto não entregue - carteiro não atendido', 'trackerType': '27bb7dfdbe0de2d482d1c37c3fe5bfe3', 'from': '0f293a952ac9ca7c68bc34259ede7764', 'to': '6adf97f83acf6453d4a6a4b1070f3754'}, {'createdAt': {'$date': 1689414177000}, 'trackingCode': '2e0570910dc4cfd68955416c29ec8aa2', 'status': '01', 'description': 'Objeto saiu para entrega ao destinatário', 'trackerType': '27bb7dfdbe0de2d482d1c37c3fe5bfe3', 'from': '0f293a952ac9ca7c68bc34259ede7764', 'to': '6adf97f83acf6453d4a6a4b1070f3754'}, {'createdAt': {'$date': 1689397178000}, 'trackingCode': '2e0570910dc4cfd68955416c29ec8aa2', 'status': '01', 'description': 'Objeto em trânsito - por favor aguarde', 'trackerType': '27bb7dfdbe0de2d482d1c37c3fe5bfe3', 'from': 'd7fd547a14bcde970e5c0edf83bca3d6', 'to': '0f293a952ac9ca7c68bc34259ede7764'}, {'createdAt': {'$date': 1689372036000}, 'trackingCode': '2e0570910dc4cfd68955416c29ec8aa2', 'status': '01', 'description': 'Objeto em trânsito - por favor aguarde', 'trackerType': '27bb7dfdbe0de2d482d1c37c3fe5bfe3', 'from': '9c503ecc4f113471367063483aca15c7', 'to': 'd7fd547a14bcde970e5c0edf83bca3d6'}, {'createdAt': {'$date': 1689355665000}, 'trackingCode': '2e0570910dc4cfd68955416c29ec8aa2', 'status': '01', 'description': 'Objeto em trânsito - por favor aguarde', 'trackerType': '27bb7dfdbe0de2d482d1c37c3fe5bfe3', 'from': 'f5c4ce0dcc8ac6aeecf5762bb073ee55', 'to': '9c503ecc4f113471367063483aca15c7'}, {'createdAt': {'$date': 1689355083000}, 'trackingCode': '2e0570910dc4cfd68955416c29ec8aa2', 'status': '01', 'description': 'Objeto postado', 'trackerType': '27bb7dfdbe0de2d482d1c37c3fe5bfe3', 'from': 'f5c4ce0dcc8ac6aeecf5762bb073ee55', 'to': '6adf97f83acf6453d4a6a4b1070f3754'}]"
U,2572a1eef5f7ace94d32c938706b5ebf,1693819104,1693824983,1693824983,"[{'createdAt': {'$date': 1689606721000}, 'trackingCode': '2e0570910dc4cfd68955416c29ec8aa2', 'status': '01', 'description': 'Objeto entregue ao destinatário', 'trackerType': '27bb7dfdbe0de2d482d1c37c3fe5bfe3', 'from': '0f293a952ac9ca7c68bc34259ede7764', 'to': '6adf97f83acf6453d4a6a4b1070f3754'}, {'createdAt': {'$date': 1689591462000}, 'trackingCode': '2e0570910dc4cfd68955416c29ec8aa2', 'status': '01', 'description': 'Objeto saiu para entrega ao destinatário', 'trackerType': '27bb7dfdbe0de2d482d1c37c3fe5bfe3', 'from': '0f293a952ac9ca7c68bc34259ede7764', 'to': '6adf97f83acf6453d4a6a4b1070f3754'}, {'createdAt': {'$date': 1689418379000}, 'trackingCode': '2e0570910dc4cfd68955416c29ec8aa2', 'status': '20', 'description': 'Objeto não entregue - carteiro não atendido', 'trackerType': '27bb7dfdbe0de2d482d1c37c3fe5bfe3', 'from': '0f293a952ac9ca7c68bc34259ede7764', 'to': '6adf97f83acf6453d4a6a4b1070f3754'}, {'createdAt': {'$date': 1689414177000}, 'trackingCode': '2e0570910dc4cfd68955416c29ec8aa2', 'status': '01', 'description': 'Objeto saiu para entrega ao destinatário', 'trackerType': '27bb7dfdbe0de2d482d1c37c3fe5bfe3', 'from': '0f293a952ac9ca7c68bc34259ede7764', 'to': '6adf97f83acf6453d4a6a4b1070f3754'}, {'createdAt': {'$date': 1689397178000}, 'trackingCode': '2e0570910dc4cfd68955416c29ec8aa2', 'status': '01', 'description': 'Objeto em trânsito - por favor aguarde', 'trackerType': '27bb7dfdbe0de2d482d1c37c3fe5bfe3', 'from': 'd7fd547a14bcde970e5c0edf83bca3d6', 'to': '0f293a952ac9ca7c68bc34259ede7764'}, {'createdAt': {'$date': 1689372036000}, 'trackingCode': '2e0570910dc4cfd68955416c29ec8aa2', 'status': '01', 'description': 'Objeto em trânsito - por favor aguarde', 'trackerType': '27bb7dfdbe0de2d482d1c37c3fe5bfe3', 'from': '9c503ecc4f113471367063483aca15c7', 'to': 'd7fd547a14bcde970e5c0edf83bca3d6'}, {'createdAt': {'$date': 1689355665000}, 'trackingCode': '2e0570910dc4cfd68955416c29ec8aa2', 'status': '01', 'description': 'Objeto em trânsito - por favor aguarde', 'trackerType': '27bb7dfdbe0de2d482d1c37c3fe5bfe3', 'from': 'f5c4ce0dcc8ac6aeecf5762bb073ee55', 'to': '9c503ecc4f113471367063483aca15c7'}, {'createdAt': {'$date': 1689355083000}, 'trackingCode': '2e0570910dc4cfd68955416c29ec8aa2', 'status': '01', 'description': 'Objeto postado', 'trackerType': '27bb7dfdbe0de2d482d1c37c3fe5bfe3', 'from': 'f5c4ce0dcc8ac6aeecf5762bb073ee55', 'to': '6adf97f83acf6453d4a6a4b1070f3754'}]"
U,592b4fbd83ac949420d51f40e33659e9,1690565350,1693824983,1693824983,"[{'createdAt': {'$date': 1690291375000}, 'trackingCode': 'd8f218fb4aad8a8686cf33470f6490d8', 'status': '01', 'description': 'Objeto em trânsito - por favor aguarde', 'trackerType': '27bb7dfdbe0de2d482d1c37c3fe5bfe3', 'from': '1b4adf0a1df90ffacd2a251138fe75b9', 'to': 'd29b01170389a24f6563d4157d8a11ba'}, {'createdAt': {'$date': 1690216962000}, 'trackingCode': 'd8f218fb4aad8a8686cf33470f6490d8', 'status': '09', 'description': 'Objeto postado após o horário limite da unidade', 'trackerType': '27bb7dfdbe0de2d482d1c37c3fe5bfe3', 'from': '1b4adf0a1df90ffacd2a251138fe75b9', 'to': '6adf97f83acf6453d4a6a4b1070f3754'}, {'createdAt': {'$date': 1690583083000}, 'trackingCode': 'd8f218fb4aad8a8686cf33470f6490d8', 'status': '01', 'description': 'Objeto em trânsito - por favor aguarde', 'trackerType': '27bb7dfdbe0de2d482d1c37c3fe5bfe3', 'from': 'd29b01170389a24f6563d4157d8a11ba', 'to': '9c503ecc4f113471367063483aca15c7'}, {'createdAt': {'$date': 1690635001000}, 'trackingCode': 'd8f218fb4aad8a8686cf33470f6490d8', 'status': '01', 'description': 'Objeto em trânsito - por favor aguarde', 'trackerType': '27bb7dfdbe0de2d482d1c37c3fe5bfe3', 'from': '2402cb5b2f18e7b5ecc859f78134107d', 'to': '9c503ecc4f113471367063483aca15c7'}, {'createdAt': {'$date': 1690765203000}, 'trackingCode': 'd8f218fb4aad8a8686cf33470f6490d8', 'status': '01', 'description': 'Objeto em trânsito - por favor aguarde', 'trackerType': '27bb7dfdbe0de2d482d1c37c3fe5bfe3', 'from': '9c503ecc4f113471367063483aca15c7', 'to': 'f6aa9b3fc11816e7d78f4e132e7986ff'}, {'createdAt': {'$date': 1690800797000}, 'trackingCode': 'd8f218fb4aad8a8686cf33470f6490d8', 'status': '01', 'description': 'Objeto entregue ao destinatário', 'trackerType': '27bb7dfdbe0de2d482d1c37c3fe5bfe3', 'from': 'f6aa9b3fc11816e7d78f4e132e7986ff', 'to': '6adf97f83acf6453d4a6a4b1070f3754'}, {'createdAt': {'$date': 1690796953000}, 'trackingCode': 'd8f218fb4aad8a8686cf33470f6490d8', 'status': '01', 'description': 'Objeto saiu para entrega ao destinatário', 'trackerType': '27bb7dfdbe0de2d482d1c37c3fe5bfe3', 'from': 'f6aa9b3fc11816e7d78f4e132e7986ff', 'to': '6adf97f83acf6453d4a6a4b1070f3754'}]"
U,c05c5c8eccffc650fc73723523133e3a,1689970934,1693824983,1693824983,"[{'createdAt': {'$date': 1689948276000}, 'trackingCode': 'd83d02d0ef59ce28250c5bf832f37450', 'status': None, 'description': 'EMISSAO', 'trackerType': '202591c2658eb8db7d1c57e1273cd270', 'from': 'dba32630fde17d8e7236da9ce1b99c56', 'to': '6adf97f83acf6453d4a6a4b1070f3754'}, {'createdAt': {'$date': 1689967441000}, 'trackingCode': 'd83d02d0ef59ce28250c5bf832f37450', 'status': None, 'description': 'TRANSFERENCIA', 'trackerType': '202591c2658eb8db7d1c57e1273cd270', 'from': 'dba32630fde17d8e7236da9ce1b99c56', 'to': '6adf97f83acf6453d4a6a4b1070f3754'}, {'createdAt': {'$date': 1690003801000}, 'trackingCode': 'd83d02d0ef59ce28250c5bf832f37450', 'status': None, 'description': 'ENTRADA', 'trackerType': '202591c2658eb8db7d1c57e1273cd270', 'from': 'fac929278c0e5ba967802153ba729336', 'to': '6adf97f83acf6453d4a6a4b1070f3754'}, {'createdAt': {'$date': 1690006904000}, 'trackingCode': 'd83d02d0ef59ce28250c5bf832f37450', 'status': None, 'description': 'TRANSFERENCIA', 'trackerType': '202591c2658eb8db7d1c57e1273cd270', 'from': 'fac929278c0e5ba967802153ba729336', 'to': '6adf97f83acf6453d4a6a4b1070f3754'}, {'createdAt': {'$date': 1690010852000}, 'trackingCode': 'd83d02d0ef59ce28250c5bf832f37450', 'status': None, 'description': 'ENTRADA', 'trackerType': '202591c2658eb8db7d1c57e1273cd270', 'from': 'fac929278c0e5ba967802153ba729336', 'to': '6adf97f83acf6453d4a6a4b1070f3754'}, {'createdAt': {'$date': 1690019990000}, 'trackingCode': 'd83d02d0ef59ce28250c5bf832f37450', 'status': None, 'description': 'TRANSFERENCIA', 'trackerType': '202591c2658eb8db7d1c57e1273cd270', 'from': 'fac929278c0e5ba967802153ba729336', 'to': '6adf97f83acf6453d4a6a4b1070f3754'}, {'createdAt': {'$date': 1690242066000}, 'trackingCode': 'd83d02d0ef59ce28250c5bf832f37450', 'status': None, 'description': 'ENTRADA', 'trackerType': '202591c2658eb8db7d1c57e1273cd270', 'from': '971e249ca4af90aa0b044735d8fdd59e', 'to': '6adf97f83acf6453d4a6a4b1070f3754'}, {'createdAt': {'$date': 1690242277000}, 'trackingCode': 'd83d02d0ef59ce28250c5bf832f37450', 'status': None, 'description': 'TRANSFERENCIA', 'trackerType': '202591c2658eb8db7d1c57e1273cd270', 'from': '971e249ca4af90aa0b044735d8fdd59e', 'to': '6adf97f83acf6453d4a6a4b1070f3754'}, {'createdAt': {'$date': 1690257345000}, 'trackingCode': 'd83d02d0ef59ce28250c5bf832f37450', 'status': None, 'description': 'TRANSFERENCIA', 'trackerType': '202591c2658eb8db7d1c57e1273cd270', 'from': '971e249ca4af90aa0b044735d8fdd59e', 'to': '6adf97f83acf6453d4a6a4b1070f3754'}, {'createdAt': {'$date': 1690257404000}, 'trackingCode': 'd83d02d0ef59ce28250c5bf832f37450', 'status': None, 'description': 'TRANSFERIDO PARA UNIDADE', 'trackerType': '202591c2658eb8db7d1c57e1273cd270', 'from': '971e249ca4af90aa0b044735d8fdd59e', 'to': '6adf97f83acf6453d4a6a4b1070f3754'}, {'createdAt': {'$date': 1690269227000}, 'trackingCode': 'd83d02d0ef59ce28250c5bf832f37450', 'status': None, 'description': 'ENTRADA', 'trackerType': '202591c2658eb8db7d1c57e1273cd270', 'from': 'b6e7bb4b7015586e8920f577233a8f47', 'to': '6adf97f83acf6453d4a6a4b1070f3754'}, {'createdAt': {'$date': 1690277747000}, 'trackingCode': 'd83d02d0ef59ce28250c5bf832f37450', 'status': None, 'description': 'EM ROTA', 'trackerType': '202591c2658eb8db7d1c57e1273cd270', 'from': 'b6e7bb4b7015586e8920f577233a8f47', 'to': '6adf97f83acf6453d4a6a4b1070f3754'}, {'createdAt': {'$date': 1690305217000}, 'trackingCode': 'd83d02d0ef59ce28250c5bf832f37450', 'status': None, 'description': 'ENTREGUE', 'trackerType': '202591c2658eb8db7d1c57e1273cd270', 'from': 'b6e7bb4b7015586e8920f577233a8f47', 'to': '6adf97f83acf6453d4a6a4b1070f3754'}]"
U,9f21e18bd1132a47866bad4e554627cb,1693389888,1693824983,1693824983,"[{'createdAt': {'$date': 1693398013000}, 'trackingCode': '8f5bdb9e7c8283301a0b96a12f6affcf', 'status': '13', 'description': 'O pacote foi confirmado em uma base da Loggi e vai ser preparado para transferência.', 'trackerType': 'a302942c7f755f858bd9a6c0c6be98fb', 'from': '6adf97f83acf6453d4a6a4b1070f3754', 'to': '6adf97f83acf6453d4a6a4b1070f3754'}, {'createdAt': {'$date': 1693321927000}, 'trackingCode': '8f5bdb9e7c8283301a0b96a12f6affcf', 'status': '1', 'description': 'A etiqueta de envio já foi criada e o pacote está pronto para a coleta.', 'trackerType': 'a302942c7f755f858bd9a6c0c6be98fb', 'from': '769bec8f32db78e3e5310a3c47193ce4', 'to': '6adf97f83acf6453d4a6a4b1070f3754'}, {'createdAt': {'$date': 1693470141000}, 'trackingCode': '8f5bdb9e7c8283301a0b96a12f6affcf', 'status': '3', 'description': 'O pacote está em uma base e, em breve, vai estar em transferência.', 'trackerType': 'a302942c7f755f858bd9a6c0c6be98fb', 'from': '6adf97f83acf6453d4a6a4b1070f3754', 'to': '6adf97f83acf6453d4a6a4b1070f3754'}, {'createdAt': {'$date': 1693509911000}, 'trackingCode': '8f5bdb9e7c8283301a0b96a12f6affcf', 'status': '17', 'description': 'Tudo certo, o pacote está em uma base da Loggi.', 'trackerType': 'a302942c7f755f858bd9a6c0c6be98fb', 'from': '6adf97f83acf6453d4a6a4b1070f3754', 'to': '6adf97f83acf6453d4a6a4b1070f3754'}, {'createdAt': {'$date': 1693592868000}, 'trackingCode': '8f5bdb9e7c8283301a0b96a12f6affcf', 'status': '15', 'description': 'O pacote já teve suas dimensões conferidas.', 'trackerType': 'a302942c7f755f858bd9a6c0c6be98fb', 'from': '78a32fcc48731cfdbb11966d312f5f4f', 'to': '6adf97f83acf6453d4a6a4b1070f3754'}, {'createdAt': {'$date': 1693620748000}, 'trackingCode': '8f5bdb9e7c8283301a0b96a12f6affcf', 'status': '3', 'description': 'O pacote está em uma base e, em breve, vai estar em transferência.', 'trackerType': 'a302942c7f755f858bd9a6c0c6be98fb', 'from': '6adf97f83acf6453d4a6a4b1070f3754', 'to': '6adf97f83acf6453d4a6a4b1070f3754'}, {'createdAt': {'$date': 1693632189000}, 'trackingCode': '8f5bdb9e7c8283301a0b96a12f6affcf', 'status': '16', 'description': 'O pacote está em transferência de uma base para outra.', 'trackerType': 'a302942c7f755f858bd9a6c0c6be98fb', 'from': '4798ea2b0ab3b3c8e9edf3e4e2d9cc21', 'to': '6adf97f83acf6453d4a6a4b1070f3754'}, {'createdAt': {'$date': 1693626256000}, 'trackingCode': '8f5bdb9e7c8283301a0b96a12f6affcf', 'status': '3', 'description': 'O pacote está em uma base e, em breve, vai estar em transferência.', 'trackerType': 'a302942c7f755f858bd9a6c0c6be98fb', 'from': '6adf97f83acf6453d4a6a4b1070f3754', 'to': '6adf97f83acf6453d4a6a4b1070f3754'}, {'createdAt': {'$date': 1693644478000}, 'trackingCode': '8f5bdb9e7c8283301a0b96a12f6affcf', 'status': '17', 'description': 'Tudo certo, o pacote está em uma base da Loggi.', 'trackerType': 'a302942c7f755f858bd9a6c0c6be98fb', 'from': '015bfddec55671beb289a963bed9cea1', 'to': '6adf97f83acf6453d4a6a4b1070f3754'}, {'createdAt': {'$date': 1693626255000}, 'trackingCode': '8f5bdb9e7c8283301a0b96a12f6affcf', 'status': '3', 'description': 'O pacote está em uma base e, em breve, vai estar em transferência.', 'trackerType': 'a302942c7f755f858bd9a6c0c6be98fb', 'from': '6adf97f83acf6453d4a6a4b1070f3754', 'to': '6adf97f83acf6453d4a6a4b1070f3754'}, {'createdAt': {'$date': 1693654638000}, 'trackingCode': '8f5bdb9e7c8283301a0b96a12f6affcf', 'status': '11', 'description': 'O pacote está a caminho.', 'trackerType': 'a302942c7f755f858bd9a6c0c6be98fb', 'from': '6adf97f83acf6453d4a6a4b1070f3754', 'to': '6adf97f83acf6453d4a6a4b1070f3754'}, {'createdAt': {'$date': 1693665147000}, 'trackingCode': '8f5bdb9e7c8283301a0b96a12f6affcf', 'status': '5', 'description': 'O pacote chegou ao destino final.', 'trackerType': 'a302942c7f755f858bd9a6c0c6be98fb', 'from': '6adf97f83acf6453d4a6a4b1070f3754', 'to': '6adf97f83acf6453d4a6a4b1070f3754'}]"
U,77327be0da4f5e6deebbd816d0ee4355,1689118205,1693824983,1693824983,"[{'createdAt': {'$date': 1688969703000}, 'trackingCode': '6834ae3ed16f8b5b70b9ed518b557129', 'status': '01', 'description': 'Objeto postado', 'trackerType': '27bb7dfdbe0de2d482d1c37c3fe5bfe3', 'from': 'f0aa1982f61314b9aab258c2f110ebab', 'to': '6adf97f83acf6453d4a6a4b1070f3754'}, {'createdAt': {'$date': 1689955760000}, 'trackingCode': '6834ae3ed16f8b5b70b9ed518b557129', 'status': '16', 'description': 'Objeto recebido pelos Correios do Brasil', 'trackerType': '27bb7dfdbe0de2d482d1c37c3fe5bfe3', 'from': '44d02c36e6691bb8faacd16784348114', 'to': '6adf97f83acf6453d4a6a4b1070f3754'}, {'createdAt': {'$date': 1690327850000}, 'trackingCode': '6834ae3ed16f8b5b70b9ed518b557129', 'status': '01', 'description': 'Objeto em trânsito - por favor aguarde', 'trackerType': '27bb7dfdbe0de2d482d1c37c3fe5bfe3', 'from': '44d02c36e6691bb8faacd16784348114', 'to': '19f61c9bfe1f048ab353e403dfde3103'}, {'createdAt': {'$date': 1690327849000}, 'trackingCode': '6834ae3ed16f8b5b70b9ed518b557129', 'status': '10', 'description': 'Fiscalização aduaneira finalizada', 'trackerType': '27bb7dfdbe0de2d482d1c37c3fe5bfe3', 'from': '44d02c36e6691bb8faacd16784348114', 'to': '6adf97f83acf6453d4a6a4b1070f3754'}, {'createdAt': {'$date': 1690369394000}, 'trackingCode': '6834ae3ed16f8b5b70b9ed518b557129', 'status': '01', 'description': 'Objeto em trânsito - por favor aguarde', 'trackerType': '27bb7dfdbe0de2d482d1c37c3fe5bfe3', 'from': '19f61c9bfe1f048ab353e403dfde3103', 'to': '49941bcadd05652e4c73a975a81540b6'}, {'createdAt': {'$date': 1690653980000}, 'trackingCode': '6834ae3ed16f8b5b70b9ed518b557129', 'status': '01', 'description': 'Objeto em trânsito - por favor aguarde', 'trackerType': '27bb7dfdbe0de2d482d1c37c3fe5bfe3', 'from': '49941bcadd05652e4c73a975a81540b6', 'to': '04dc0737c8d254b68e4b467048f36b27'}, {'createdAt': {'$date': 1690962845000}, 'trackingCode': '6834ae3ed16f8b5b70b9ed518b557129', 'status': '01', 'description': 'Objeto saiu para entrega ao destinatário', 'trackerType': '27bb7dfdbe0de2d482d1c37c3fe5bfe3', 'from': '04dc0737c8d254b68e4b467048f36b27', 'to': '6adf97f83acf6453d4a6a4b1070f3754'}, {'createdAt': {'$date': 1690971107000}, 'trackingCode': '6834ae3ed16f8b5b70b9ed518b557129', 'status': '01', 'description': 'Objeto entregue ao destinatário', 'trackerType': '27bb7dfdbe0de2d482d1c37c3fe5bfe3', 'from': '04dc0737c8d254b68e4b467048f36b27', 'to': '6adf97f83acf6453d4a6a4b1070f3754'}]"
U,017cce5d285ae3ca4214207b372f734c,1693306421,1693824984,1693824984,"[{'createdAt': {'$date': 1693002959000}, 'trackingCode': '4fed9178e4c690eb9f71947a326288a1', 'status': '01', 'description': 'Objeto em trânsito - por favor aguarde', 'trackerType': '27bb7dfdbe0de2d482d1c37c3fe5bfe3', 'from': '09d12b538e03f42368a7efa877aafd12', 'to': '2f03431ee62c1882efb9edf0d8020626'}, {'createdAt': {'$date': 1692884327000}, 'trackingCode': '4fed9178e4c690eb9f71947a326288a1', 'status': '01', 'description': 'Objeto em trânsito - por favor aguarde', 'trackerType': '27bb7dfdbe0de2d482d1c37c3fe5bfe3', 'from': '0563612c86a8ef9ccbdbbd2d9c430efc', 'to': '09d12b538e03f42368a7efa877aafd12'}, {'createdAt': {'$date': 1692877317000}, 'trackingCode': '4fed9178e4c690eb9f71947a326288a1', 'status': '01', 'description': 'Objeto postado', 'trackerType': '27bb7dfdbe0de2d482d1c37c3fe5bfe3', 'from': '0563612c86a8ef9ccbdbbd2d9c430efc', 'to': '6adf97f83acf6453d4a6a4b1070f3754'}, {'createdAt': {'$date': 1693389386000}, 'trackingCode': '4fed9178e4c690eb9f71947a326288a1', 'status': '01', 'description': 'Objeto em trânsito - por favor aguarde', 'trackerType': '27bb7dfdbe0de2d482d1c37c3fe5bfe3', 'from': '2f03431ee62c1882efb9edf0d8020626', 'to': '5b7f41485630b4ab2f7e079104a5995d'}, {'createdAt': {'$date': 1693508400000}, 'trackingCode': '4fed9178e4c690eb9f71947a326288a1', 'status': '01', 'description': 'Objeto entregue ao destinatário', 'trackerType': '27bb7dfdbe0de2d482d1c37c3fe5bfe3', 'from': '5b7f41485630b4ab2f7e079104a5995d', 'to': '6adf97f83acf6453d4a6a4b1070f3754'}]"
U,f00489c47aef5b759d980dd0cbedf62d,1689590345,1693824984,1693824984,"[{'createdAt': {'$date': 1689289467000}, 'trackingCode': '03e0ec94ee554e66ee1e1391f3ee97ac', 'status': '01', 'description': 'Objeto postado', 'trackerType': '27bb7dfdbe0de2d482d1c37c3fe5bfe3', 'from': 'f0aa1982f61314b9aab258c2f110ebab', 'to': '6adf97f83acf6453d4a6a4b1070f3754'}, {'createdAt': {'$date': 1689642220000}, 'trackingCode': '03e0ec94ee554e66ee1e1391f3ee97ac', 'status': '16', 'description': 'Objeto recebido pelos Correios do Brasil', 'trackerType': '27bb7dfdbe0de2d482d1c37c3fe5bfe3', 'from': '44d02c36e6691bb8faacd16784348114', 'to': '6adf97f83acf6453d4a6a4b1070f3754'}, {'createdAt': {'$date': 1689770438000}, 'trackingCode': '03e0ec94ee554e66ee1e1391f3ee97ac', 'status': '21', 'description': 'Encaminhado para fiscalização aduaneira', 'trackerType': '27bb7dfdbe0de2d482d1c37c3fe5bfe3', 'from': '44d02c36e6691bb8faacd16784348114', 'to': '6adf97f83acf6453d4a6a4b1070f3754'}, {'createdAt': {'$date': 1689901292000}, 'trackingCode': '03e0ec94ee554e66ee1e1391f3ee97ac', 'status': '17', 'description': 'Aguardando pagamento', 'trackerType': '27bb7dfdbe0de2d482d1c37c3fe5bfe3', 'from': '44d02c36e6691bb8faacd16784348114', 'to': '6adf97f83acf6453d4a6a4b1070f3754'}, {'createdAt': {'$date': 1691225577000}, 'trackingCode': '03e0ec94ee554e66ee1e1391f3ee97ac', 'status': '14', 'description': 'Revisão de tributos solicitada pelo cliente', 'trackerType': '27bb7dfdbe0de2d482d1c37c3fe5bfe3', 'from': '44d02c36e6691bb8faacd16784348114', 'to': '6adf97f83acf6453d4a6a4b1070f3754'}, {'createdAt': {'$date': 1692054009000}, 'trackingCode': '03e0ec94ee554e66ee1e1391f3ee97ac', 'status': '55', 'description': 'Solicitação de revisão do tributo', 'trackerType': '27bb7dfdbe0de2d482d1c37c3fe5bfe3', 'from': '44d02c36e6691bb8faacd16784348114', 'to': '6adf97f83acf6453d4a6a4b1070f3754'}]"
U,20cc59d68dd76f4a12946e82dbdf1e62,1692965740,1693824984,1693824984,"[{'createdAt': {'$date': 1692952401000}, 'trackingCode': 'a321adfd03b3e487d1f745667b6aeacd', 'status': '102', 'description': 'Informação do Envio enviado à Azul Cargo Express (CT-e emitido)\t', 'trackerType': '3b24fa7e14555a1912e5bc2198f8e075', 'from': '40c5d1003b87c3b246eb7bcade758c10', 'to': '6adf97f83acf6453d4a6a4b1070f3754'}, {'createdAt': {'$date': 1692986380000}, 'trackingCode': 'a321adfd03b3e487d1f745667b6aeacd', 'status': '104', 'description': 'Deixou a unidade Azul Cargo Express\t', 'trackerType': '3b24fa7e14555a1912e5bc2198f8e075', 'from': '40c5d1003b87c3b246eb7bcade758c10', 'to': '6adf97f83acf6453d4a6a4b1070f3754'}, {'createdAt': {'$date': 1692986392000}, 'trackingCode': 'a321adfd03b3e487d1f745667b6aeacd', 'status': '134', 'description': 'Saída do voo\t', 'trackerType': '3b24fa7e14555a1912e5bc2198f8e075', 'from': '40c5d1003b87c3b246eb7bcade758c10', 'to': '6adf97f83acf6453d4a6a4b1070f3754'}, {'createdAt': {'$date': 1693042260000}, 'trackingCode': 'a321adfd03b3e487d1f745667b6aeacd', 'status': '137', 'description': 'Chegada do voo\t', 'trackerType': '3b24fa7e14555a1912e5bc2198f8e075', 'from': 'e71ab348be1b5007faca8f1c84fcca28', 'to': '6adf97f83acf6453d4a6a4b1070f3754'}, {'createdAt': {'$date': 1693140831000}, 'trackingCode': 'a321adfd03b3e487d1f745667b6aeacd', 'status': '104', 'description': 'Deixou a unidade Azul Cargo Express\t', 'trackerType': '3b24fa7e14555a1912e5bc2198f8e075', 'from': 'e71ab348be1b5007faca8f1c84fcca28', 'to': '6adf97f83acf6453d4a6a4b1070f3754'}, {'createdAt': {'$date': 1693156518000}, 'trackingCode': 'a321adfd03b3e487d1f745667b6aeacd', 'status': '134', 'description': 'Saída do voo\t', 'trackerType': '3b24fa7e14555a1912e5bc2198f8e075', 'from': 'e71ab348be1b5007faca8f1c84fcca28', 'to': '6adf97f83acf6453d4a6a4b1070f3754'}, {'createdAt': {'$date': 1693160160000}, 'trackingCode': 'a321adfd03b3e487d1f745667b6aeacd', 'status': '137', 'description': 'Chegada do voo\t', 'trackerType': '3b24fa7e14555a1912e5bc2198f8e075', 'from': 'd0db4c81038e77d2c1dd237caeb2dde3', 'to': '6adf97f83acf6453d4a6a4b1070f3754'}, {'createdAt': {'$date': 1693214111000}, 'trackingCode': 'a321adfd03b3e487d1f745667b6aeacd', 'status': '104', 'description': 'Deixou a unidade Azul Cargo Express\t', 'trackerType': '3b24fa7e14555a1912e5bc2198f8e075', 'from': 'd0db4c81038e77d2c1dd237caeb2dde3', 'to': '6adf97f83acf6453d4a6a4b1070f3754'}, {'createdAt': {'$date': 1693214118000}, 'trackingCode': 'a321adfd03b3e487d1f745667b6aeacd', 'status': '133', 'description': 'Saida Do Veiculo', 'trackerType': '3b24fa7e14555a1912e5bc2198f8e075', 'from': 'd0db4c81038e77d2c1dd237caeb2dde3', 'to': '6adf97f83acf6453d4a6a4b1070f3754'}, {'createdAt': {'$date': 1693242689000}, 'trackingCode': 'a321adfd03b3e487d1f745667b6aeacd', 'status': '01', 'description': 'Remessa entregue', 'trackerType': '3b24fa7e14555a1912e5bc2198f8e075', 'from': '6adf97f83acf6453d4a6a4b1070f3754', 'to': '6adf97f83acf6453d4a6a4b1070f3754'}]"
U,2a1907c4e030c33a7421aa5938de6aa6,1690229086,1693824984,1693824984,"[{'createdAt': {'$date': 1690213410000}, 'trackingCode': 'aeafdb526c3f7e2f318299f9b0962f82', 'status': None, 'description': 'EMISSAO', 'trackerType': '202591c2658eb8db7d1c57e1273cd270', 'from': '13fb1862e4295782ee22522f9456106b', 'to': '6adf97f83acf6453d4a6a4b1070f3754'}, {'createdAt': {'$date': 1690228291000}, 'trackingCode': 'aeafdb526c3f7e2f318299f9b0962f82', 'status': None, 'description': 'TRANSFERENCIA', 'trackerType': '202591c2658eb8db7d1c57e1273cd270', 'from': '13fb1862e4295782ee22522f9456106b', 'to': '6adf97f83acf6453d4a6a4b1070f3754'}, {'createdAt': {'$date': 1690234908000}, 'trackingCode': 'aeafdb526c3f7e2f318299f9b0962f82', 'status': None, 'description': 'ENTRADA', 'trackerType': '202591c2658eb8db7d1c57e1273cd270', 'from': 'fac929278c0e5ba967802153ba729336', 'to': '6adf97f83acf6453d4a6a4b1070f3754'}, {'createdAt': {'$date': 1690254082000}, 'trackingCode': 'aeafdb526c3f7e2f318299f9b0962f82', 'status': None, 'description': 'TRANSFERENCIA', 'trackerType': '202591c2658eb8db7d1c57e1273cd270', 'from': 'daa9dcb5feb8f8cb8a0504889945846b', 'to': '6adf97f83acf6453d4a6a4b1070f3754'}, {'createdAt': {'$date': 1690273115000}, 'trackingCode': 'aeafdb526c3f7e2f318299f9b0962f82', 'status': None, 'description': 'ENTRADA', 'trackerType': '202591c2658eb8db7d1c57e1273cd270', 'from': 'd96b503ccc1c80db935e094d43cc0d1f', 'to': '6adf97f83acf6453d4a6a4b1070f3754'}, {'createdAt': {'$date': 1690361300000}, 'trackingCode': 'aeafdb526c3f7e2f318299f9b0962f82', 'status': None, 'description': 'EM ROTA', 'trackerType': '202591c2658eb8db7d1c57e1273cd270', 'from': 'd96b503ccc1c80db935e094d43cc0d1f', 'to': '6adf97f83acf6453d4a6a4b1070f3754'}, {'createdAt': {'$date': 1690367182000}, 'trackingCode': 'aeafdb526c3f7e2f318299f9b0962f82', 'status': None, 'description': 'ENTREGUE', 'trackerType': '202591c2658eb8db7d1c57e1273cd270', 'from': 'd96b503ccc1c80db935e094d43cc0d1f', 'to': '6adf97f83acf6453d4a6a4b1070f3754'}]"
U,45993fde3fbf006d2197877b9950f280,1693214844,1693824984,1693824984,"[{'createdAt': {'$date': 1693198809000}, 'trackingCode': '22161bb0a5d5ce9c40efc20b32ed21ba', 'status': '01', 'description': 'Objeto postado', 'trackerType': '27bb7dfdbe0de2d482d1c37c3fe5bfe3', 'from': 'f0aa1982f61314b9aab258c2f110ebab', 'to': '6adf97f83acf6453d4a6a4b1070f3754'}, {'createdAt': {'$date': 1693422007000}, 'trackingCode': '22161bb0a5d5ce9c40efc20b32ed21ba', 'status': '16', 'description': 'Objeto recebido pelos Correios do Brasil', 'trackerType': '27bb7dfdbe0de2d482d1c37c3fe5bfe3', 'from': '44d02c36e6691bb8faacd16784348114', 'to': '6adf97f83acf6453d4a6a4b1070f3754'}, {'createdAt': {'$date': 1693476041000}, 'trackingCode': '22161bb0a5d5ce9c40efc20b32ed21ba', 'status': '21', 'description': 'Encaminhado para fiscalização aduaneira', 'trackerType': '27bb7dfdbe0de2d482d1c37c3fe5bfe3', 'from': '44d02c36e6691bb8faacd16784348114', 'to': '6adf97f83acf6453d4a6a4b1070f3754'}, {'createdAt': {'$date': 1693636363000}, 'trackingCode': '22161bb0a5d5ce9c40efc20b32ed21ba', 'status': '17', 'description': 'Aguardando pagamento', 'trackerType': '27bb7dfdbe0de2d482d1c37c3fe5bfe3', 'from': '44d02c36e6691bb8faacd16784348114', 'to': '6adf97f83acf6453d4a6a4b1070f3754'}]"
U,90946409b77ffc31f461e5329011aa51,1692379789,1693824984,1693824984,"[{'createdAt': {'$date': 1692394423000}, 'trackingCode': '7fe3e9a5d4bc859a75b6d2b88a34cc54', 'status': '16', 'description': 'O pacote está em transferência de uma base para outra.', 'trackerType': 'a302942c7f755f858bd9a6c0c6be98fb', 'from': '6adf97f83acf6453d4a6a4b1070f3754', 'to': '6adf97f83acf6453d4a6a4b1070f3754'}, {'createdAt': {'$date': 1692392910000}, 'trackingCode': '7fe3e9a5d4bc859a75b6d2b88a34cc54', 'status': '3', 'description': 'O pacote está em uma base e, em breve, vai estar em transferência.', 'trackerType': 'a302942c7f755f858bd9a6c0c6be98fb', 'from': '6adf97f83acf6453d4a6a4b1070f3754', 'to': '6adf97f83acf6453d4a6a4b1070f3754'}, {'createdAt': {'$date': 1692387519000}, 'trackingCode': '7fe3e9a5d4bc859a75b6d2b88a34cc54', 'status': '13', 'description': 'O pacote foi confirmado em uma base da Loggi e vai ser preparado para transferência.', 'trackerType': 'a302942c7f755f858bd9a6c0c6be98fb', 'from': '86861fb88eef7616a70646b7cc8b4cc9', 'to': '6adf97f83acf6453d4a6a4b1070f3754'}, {'createdAt': {'$date': 1692385194000}, 'trackingCode': '7fe3e9a5d4bc859a75b6d2b88a34cc54', 'status': '1', 'description': 'A etiqueta de envio já foi criada e o pacote está pronto para a coleta.', 'trackerType': 'a302942c7f755f858bd9a6c0c6be98fb', 'from': '86861fb88eef7616a70646b7cc8b4cc9', 'to': '6adf97f83acf6453d4a6a4b1070f3754'}, {'createdAt': {'$date': 1692430981000}, 'trackingCode': '7fe3e9a5d4bc859a75b6d2b88a34cc54', 'status': '7', 'description': 'O pacote está em processo de devolução para o remetente.', 'trackerType': 'a302942c7f755f858bd9a6c0c6be98fb', 'from': '78a32fcc48731cfdbb11966d312f5f4f', 'to': '6adf97f83acf6453d4a6a4b1070f3754'}, {'createdAt': {'$date': 1692430922000}, 'trackingCode': '7fe3e9a5d4bc859a75b6d2b88a34cc54', 'status': '7', 'description': 'O pacote está em processo de devolução para o remetente.', 'trackerType': 'a302942c7f755f858bd9a6c0c6be98fb', 'from': '6adf97f83acf6453d4a6a4b1070f3754', 'to': '6adf97f83acf6453d4a6a4b1070f3754'}]"
U,0ef5da410bed2f9c2d54b38d73f358a3,1691734216,1693824984,1693824984,"[{'createdAt': {'$date': 1691699788000}, 'trackingCode': '68e53f1ce8137f56b423071b464d64a2', 'status': None, 'description': 'EMISSAO', 'trackerType': '202591c2658eb8db7d1c57e1273cd270', 'from': 'c33e4ea1cfb7c47dd8b66d160e2eaeeb', 'to': '6adf97f83acf6453d4a6a4b1070f3754'}, {'createdAt': {'$date': 1691725665000}, 'trackingCode': '68e53f1ce8137f56b423071b464d64a2', 'status': None, 'description': 'TRANSFERENCIA', 'trackerType': '202591c2658eb8db7d1c57e1273cd270', 'from': 'c33e4ea1cfb7c47dd8b66d160e2eaeeb', 'to': '6adf97f83acf6453d4a6a4b1070f3754'}, {'createdAt': {'$date': 1691725778000}, 'trackingCode': '68e53f1ce8137f56b423071b464d64a2', 'status': None, 'description': 'TRANSFERENCIA', 'trackerType': '202591c2658eb8db7d1c57e1273cd270', 'from': 'c33e4ea1cfb7c47dd8b66d160e2eaeeb', 'to': '6adf97f83acf6453d4a6a4b1070f3754'}, {'createdAt': {'$date': 1691765538000}, 'trackingCode': '68e53f1ce8137f56b423071b464d64a2', 'status': None, 'description': 'ENTRADA', 'trackerType': '202591c2658eb8db7d1c57e1273cd270', 'from': '089607e1466a53ee58164c9974d00976', 'to': '6adf97f83acf6453d4a6a4b1070f3754'}, {'createdAt': {'$date': 1691768263000}, 'trackingCode': '68e53f1ce8137f56b423071b464d64a2', 'status': None, 'description': 'TRANSFERENCIA', 'trackerType': '202591c2658eb8db7d1c57e1273cd270', 'from': '089607e1466a53ee58164c9974d00976', 'to': '6adf97f83acf6453d4a6a4b1070f3754'}, {'createdAt': {'$date': 1691790877000}, 'trackingCode': '68e53f1ce8137f56b423071b464d64a2', 'status': None, 'description': 'TRANSFERENCIA', 'trackerType': '202591c2658eb8db7d1c57e1273cd270', 'from': 'fac929278c0e5ba967802153ba729336', 'to': '6adf97f83acf6453d4a6a4b1070f3754'}, {'createdAt': {'$date': 1691901442000}, 'trackingCode': '68e53f1ce8137f56b423071b464d64a2', 'status': None, 'description': 'ENTRADA', 'trackerType': '202591c2658eb8db7d1c57e1273cd270', 'from': 'd85aff691a83b2c3cc392739515e41c1', 'to': '6adf97f83acf6453d4a6a4b1070f3754'}, {'createdAt': {'$date': 1691902945000}, 'trackingCode': '68e53f1ce8137f56b423071b464d64a2', 'status': None, 'description': 'TRANSFERENCIA', 'trackerType': '202591c2658eb8db7d1c57e1273cd270', 'from': 'd85aff691a83b2c3cc392739515e41c1', 'to': '6adf97f83acf6453d4a6a4b1070f3754'}, {'createdAt': {'$date': 1691906537000}, 'trackingCode': '68e53f1ce8137f56b423071b464d64a2', 'status': None, 'description': 'TRANSFERENCIA', 'trackerType': '202591c2658eb8db7d1c57e1273cd270', 'from': 'd85aff691a83b2c3cc392739515e41c1', 'to': '6adf97f83acf6453d4a6a4b1070f3754'}, {'createdAt': {'$date': 1691991104000}, 'trackingCode': '68e53f1ce8137f56b423071b464d64a2', 'status': None, 'description': 'TRANSFERIDO PARA UNIDADE', 'trackerType': '202591c2658eb8db7d1c57e1273cd270', 'from': 'd85aff691a83b2c3cc392739515e41c1', 'to': '6adf97f83acf6453d4a6a4b1070f3754'}, {'createdAt': {'$date': 1691996707000}, 'trackingCode': '68e53f1ce8137f56b423071b464d64a2', 'status': None, 'description': 'ENTRADA', 'trackerType': '202591c2658eb8db7d1c57e1273cd270', 'from': '0e731a1de69522baca9b68c2d2a83e0f', 'to': '6adf97f83acf6453d4a6a4b1070f3754'}, {'createdAt': {'$date': 1691998723000}, 'trackingCode': '68e53f1ce8137f56b423071b464d64a2', 'status': None, 'description': 'EM ROTA', 'trackerType': '202591c2658eb8db7d1c57e1273cd270', 'from': '0e731a1de69522baca9b68c2d2a83e0f', 'to': '6adf97f83acf6453d4a6a4b1070f3754'}, {'createdAt': {'$date': 1692008892000}, 'trackingCode': '68e53f1ce8137f56b423071b464d64a2', 'status': None, 'description': 'AUSENTE 1', 'trackerType': '202591c2658eb8db7d1c57e1273cd270', 'from': '0e731a1de69522baca9b68c2d2a83e0f', 'to': '6adf97f83acf6453d4a6a4b1070f3754'}, {'createdAt': {'$date': 1692179731000}, 'trackingCode': '68e53f1ce8137f56b423071b464d64a2', 'status': None, 'description': 'EM ROTA', 'trackerType': '202591c2658eb8db7d1c57e1273cd270', 'from': '0e731a1de69522baca9b68c2d2a83e0f', 'to': '6adf97f83acf6453d4a6a4b1070f3754'}, {'createdAt': {'$date': 1692186819000}, 'trackingCode': '68e53f1ce8137f56b423071b464d64a2', 'status': None, 'description': 'ENTREGUE', 'trackerType': '202591c2658eb8db7d1c57e1273cd270', 'from': '0e731a1de69522baca9b68c2d2a83e0f', 'to': '6adf97f83acf6453d4a6a4b1070f3754'}]"
U,da3723cffd15f5b2fed1fd4e495ffc8c,1690537391,1693824984,1693824984,"[{'createdAt': {'$date': 1690517277000}, 'trackingCode': '0d1d0453d098eeee9c31ac6746057161', 'status': '01', 'description': 'Objeto em trânsito - por favor aguarde', 'trackerType': '27bb7dfdbe0de2d482d1c37c3fe5bfe3', 'from': '66266e39728f3e0913be520c73819475', 'to': '193e896dacf2ba4de32ed8ed8180ea52'}, {'createdAt': {'$date': 1690492942000}, 'trackingCode': '0d1d0453d098eeee9c31ac6746057161', 'status': '01', 'description': 'Objeto em trânsito - por favor aguarde', 'trackerType': '27bb7dfdbe0de2d482d1c37c3fe5bfe3', 'from': 'd7fd547a14bcde970e5c0edf83bca3d6', 'to': '66266e39728f3e0913be520c73819475'}, {'createdAt': {'$date': 1690438100000}, 'trackingCode': '0d1d0453d098eeee9c31ac6746057161', 'status': '01', 'description': 'Objeto em trânsito - por favor aguarde', 'trackerType': '27bb7dfdbe0de2d482d1c37c3fe5bfe3', 'from': 'a73a615419145fd5f1a0f8689a38600d', 'to': 'd7fd547a14bcde970e5c0edf83bca3d6'}, {'createdAt': {'$date': 1690409212000}, 'trackingCode': '0d1d0453d098eeee9c31ac6746057161', 'status': '09', 'description': 'Objeto postado após o horário limite da unidade', 'trackerType': '27bb7dfdbe0de2d482d1c37c3fe5bfe3', 'from': 'a73a615419145fd5f1a0f8689a38600d', 'to': '6adf97f83acf6453d4a6a4b1070f3754'}, {'createdAt': {'$date': 1690539848000}, 'trackingCode': '0d1d0453d098eeee9c31ac6746057161', 'status': '01', 'description': 'Objeto saiu para entrega ao destinatário', 'trackerType': '27bb7dfdbe0de2d482d1c37c3fe5bfe3', 'from': '193e896dacf2ba4de32ed8ed8180ea52', 'to': '6adf97f83acf6453d4a6a4b1070f3754'}, {'createdAt': {'$date': 1690573574000}, 'trackingCode': '0d1d0453d098eeee9c31ac6746057161', 'status': '01', 'description': 'Objeto entregue ao destinatário', 'trackerType': '27bb7dfdbe0de2d482d1c37c3fe5bfe3', 'from': '193e896dacf2ba4de32ed8ed8180ea52', 'to': '6adf97f83acf6453d4a6a4b1070f3754'}]"
U,3f680a9ad7443237b8826e524f9d0cdb,1693127116,1693824984,1693824984,"[{'createdAt': {'$date': 1693070179000}, 'trackingCode': '61a7453962c05d6c2432c65722738677', 'status': '16', 'description': 'Objeto recebido pelos Correios do Brasil', 'trackerType': '27bb7dfdbe0de2d482d1c37c3fe5bfe3', 'from': '44d02c36e6691bb8faacd16784348114', 'to': '6adf97f83acf6453d4a6a4b1070f3754'}, {'createdAt': {'$date': 1692745129000}, 'trackingCode': '61a7453962c05d6c2432c65722738677', 'status': '01', 'description': 'Objeto postado', 'trackerType': '27bb7dfdbe0de2d482d1c37c3fe5bfe3', 'from': 'f0aa1982f61314b9aab258c2f110ebab', 'to': '6adf97f83acf6453d4a6a4b1070f3754'}, {'createdAt': {'$date': 1693301723000}, 'trackingCode': '61a7453962c05d6c2432c65722738677', 'status': '01', 'description': 'Objeto em trânsito - por favor aguarde', 'trackerType': '27bb7dfdbe0de2d482d1c37c3fe5bfe3', 'from': '44d02c36e6691bb8faacd16784348114', 'to': '09d12b538e03f42368a7efa877aafd12'}, {'createdAt': {'$date': 1693301722000}, 'trackingCode': '61a7453962c05d6c2432c65722738677', 'status': '10', 'description': 'Fiscalização aduaneira finalizada', 'trackerType': '27bb7dfdbe0de2d482d1c37c3fe5bfe3', 'from': '44d02c36e6691bb8faacd16784348114', 'to': '6adf97f83acf6453d4a6a4b1070f3754'}]"
U,d113f0fca4ff554d6b53e28300c7f5fe,1691443325,1693824984,1693824984,"[{'createdAt': {'$date': 1691415630000}, 'trackingCode': 'd0eb9df320ff799eef482dad3fad7519', 'status': None, 'description': 'EMISSAO', 'trackerType': '202591c2658eb8db7d1c57e1273cd270', 'from': '1ae7ad73e1b9414720352999748059a7', 'to': '6adf97f83acf6453d4a6a4b1070f3754'}, {'createdAt': {'$date': 1691435275000}, 'trackingCode': 'd0eb9df320ff799eef482dad3fad7519', 'status': None, 'description': 'TRANSFERENCIA', 'trackerType': '202591c2658eb8db7d1c57e1273cd270', 'from': '1ae7ad73e1b9414720352999748059a7', 'to': '6adf97f83acf6453d4a6a4b1070f3754'}, {'createdAt': {'$date': 1691465511000}, 'trackingCode': 'd0eb9df320ff799eef482dad3fad7519', 'status': None, 'description': 'ENTRADA', 'trackerType': '202591c2658eb8db7d1c57e1273cd270', 'from': 'fac929278c0e5ba967802153ba729336', 'to': '6adf97f83acf6453d4a6a4b1070f3754'}, {'createdAt': {'$date': 1691475356000}, 'trackingCode': 'd0eb9df320ff799eef482dad3fad7519', 'status': None, 'description': 'TRANSFERENCIA', 'trackerType': '202591c2658eb8db7d1c57e1273cd270', 'from': 'fac929278c0e5ba967802153ba729336', 'to': '6adf97f83acf6453d4a6a4b1070f3754'}, {'createdAt': {'$date': 1691494611000}, 'trackingCode': 'd0eb9df320ff799eef482dad3fad7519', 'status': None, 'description': 'TRANSFERENCIA', 'trackerType': '202591c2658eb8db7d1c57e1273cd270', 'from': 'fac929278c0e5ba967802153ba729336', 'to': '6adf97f83acf6453d4a6a4b1070f3754'}, {'createdAt': {'$date': 1691554941000}, 'trackingCode': 'd0eb9df320ff799eef482dad3fad7519', 'status': None, 'description': 'ENTRADA', 'trackerType': '202591c2658eb8db7d1c57e1273cd270', 'from': 'd638da252e853581ee95ba532603c3cf', 'to': '6adf97f83acf6453d4a6a4b1070f3754'}, {'createdAt': {'$date': 1691558860000}, 'trackingCode': 'd0eb9df320ff799eef482dad3fad7519', 'status': None, 'description': 'TRANSFERENCIA', 'trackerType': '202591c2658eb8db7d1c57e1273cd270', 'from': 'd638da252e853581ee95ba532603c3cf', 'to': '6adf97f83acf6453d4a6a4b1070f3754'}, {'createdAt': {'$date': 1691578485000}, 'trackingCode': 'd0eb9df320ff799eef482dad3fad7519', 'status': None, 'description': 'TRANSFERENCIA', 'trackerType': '202591c2658eb8db7d1c57e1273cd270', 'from': 'd638da252e853581ee95ba532603c3cf', 'to': '6adf97f83acf6453d4a6a4b1070f3754'}, {'createdAt': {'$date': 1691589292000}, 'trackingCode': 'd0eb9df320ff799eef482dad3fad7519', 'status': None, 'description': 'TRANSFERIDO PARA UNIDADE', 'trackerType': '202591c2658eb8db7d1c57e1273cd270', 'from': 'd638da252e853581ee95ba532603c3cf', 'to': '6adf97f83acf6453d4a6a4b1070f3754'}, {'createdAt': {'$date': 1691594471000}, 'trackingCode': 'd0eb9df320ff799eef482dad3fad7519', 'status': None, 'description': 'ENTRADA', 'trackerType': '202591c2658eb8db7d1c57e1273cd270', 'from': 'fbb2eefe638e2f55a3479b2ff53593ae', 'to': '6adf97f83acf6453d4a6a4b1070f3754'}, {'createdAt': {'$date': 1691652490000}, 'trackingCode': 'd0eb9df320ff799eef482dad3fad7519', 'status': None, 'description': 'EM ROTA', 'trackerType': '202591c2658eb8db7d1c57e1273cd270', 'from': 'fbb2eefe638e2f55a3479b2ff53593ae', 'to': '6adf97f83acf6453d4a6a4b1070f3754'}, {'createdAt': {'$date': 1691678812000}, 'trackingCode': 'd0eb9df320ff799eef482dad3fad7519', 'status': None, 'description': 'ENTREGUE', 'trackerType': '202591c2658eb8db7d1c57e1273cd270', 'from': 'fbb2eefe638e2f55a3479b2ff53593ae', 'to': '6adf97f83acf6453d4a6a4b1070f3754'}]"
U,baaafeffc98cb11ca6e092af20e54768,1689721333,1693824984,1693824984,"[{'createdAt': {'$date': 1689716460000}, 'trackingCode': '91afec997cc062dfb0e756e9188c9afe', 'status': '2', 'description': None, 'trackerType': '2e7165ceb19f183e695ce49285a4c228', 'from': 'd6d269952320c4fb5e50f278c94a098c', 'to': '6adf97f83acf6453d4a6a4b1070f3754'}, {'createdAt': {'$date': 1689716460000}, 'trackingCode': '91afec997cc062dfb0e756e9188c9afe', 'status': '11', 'description': None, 'trackerType': '2e7165ceb19f183e695ce49285a4c228', 'from': 'd6d269952320c4fb5e50f278c94a098c', 'to': '07ee3bad02858e40446b99e9bc7bc60b'}, {'createdAt': {'$date': 1689802860000}, 'trackingCode': '91afec997cc062dfb0e756e9188c9afe', 'status': '1', 'description': None, 'trackerType': '2e7165ceb19f183e695ce49285a4c228', 'from': 'd6d269952320c4fb5e50f278c94a098c', 'to': '07ee3bad02858e40446b99e9bc7bc60b'}, {'createdAt': {'$date': 1689782940000}, 'trackingCode': '91afec997cc062dfb0e756e9188c9afe', 'status': '3', 'description': None, 'trackerType': '2e7165ceb19f183e695ce49285a4c228', 'from': 'd6d269952320c4fb5e50f278c94a098c', 'to': '07ee3bad02858e40446b99e9bc7bc60b'}, {'createdAt': {'$date': 1689783720000}, 'trackingCode': '91afec997cc062dfb0e756e9188c9afe', 'status': '3', 'description': None, 'trackerType': '2e7165ceb19f183e695ce49285a4c228', 'from': 'd6d269952320c4fb5e50f278c94a098c', 'to': '07ee3bad02858e40446b99e9bc7bc60b'}, {'createdAt': {'$date': 1689794580000}, 'trackingCode': '91afec997cc062dfb0e756e9188c9afe', 'status': '7', 'description': None, 'trackerType': '2e7165ceb19f183e695ce49285a4c228', 'from': '40a8712b29ac76182ed0c4f632b7d543', 'to': '07ee3bad02858e40446b99e9bc7bc60b'}, {'createdAt': {'$date': 1689797640000}, 'trackingCode': '91afec997cc062dfb0e756e9188c9afe', 'status': '6', 'description': None, 'trackerType': '2e7165ceb19f183e695ce49285a4c228', 'from': '40a8712b29ac76182ed0c4f632b7d543', 'to': '07ee3bad02858e40446b99e9bc7bc60b'}, {'createdAt': {'$date': 1689861000000}, 'trackingCode': '91afec997cc062dfb0e756e9188c9afe', 'status': '12', 'description': 'Cliente Ausente', 'trackerType': '2e7165ceb19f183e695ce49285a4c228', 'from': '07ee3bad02858e40446b99e9bc7bc60b', 'to': '07ee3bad02858e40446b99e9bc7bc60b'}, {'createdAt': {'$date': 1689850260000}, 'trackingCode': '91afec997cc062dfb0e756e9188c9afe', 'status': '12', 'description': 'Cliente Ausente', 'trackerType': '2e7165ceb19f183e695ce49285a4c228', 'from': 'd6d269952320c4fb5e50f278c94a098c', 'to': 'd6d269952320c4fb5e50f278c94a098c'}, {'createdAt': {'$date': 1689938940000}, 'trackingCode': '91afec997cc062dfb0e756e9188c9afe', 'status': '9', 'description': None, 'trackerType': '2e7165ceb19f183e695ce49285a4c228', 'from': '07ee3bad02858e40446b99e9bc7bc60b', 'to': '6adf97f83acf6453d4a6a4b1070f3754'}, {'createdAt': {'$date': 1689938940000}, 'trackingCode': '91afec997cc062dfb0e756e9188c9afe', 'status': '9', 'description': None, 'trackerType': '2e7165ceb19f183e695ce49285a4c228', 'from': '07ee3bad02858e40446b99e9bc7bc60b', 'to': '6adf97f83acf6453d4a6a4b1070f3754'}]"
U,baaafeffc98cb11ca6e092af20e54768,1689721333,1693824984,1693824984,"[{'createdAt': {'$date': 1689716460000}, 'trackingCode': '91afec997cc062dfb0e756e9188c9afe', 'status': '2', 'description': None, 'trackerType': '2e7165ceb19f183e695ce49285a4c228', 'from': 'd6d269952320c4fb5e50f278c94a098c', 'to': '6adf97f83acf6453d4a6a4b1070f3754'}, {'createdAt': {'$date': 1689716460000}, 'trackingCode': '91afec997cc062dfb0e756e9188c9afe', 'status': '11', 'description': None, 'trackerType': '2e7165ceb19f183e695ce49285a4c228', 'from': 'd6d269952320c4fb5e50f278c94a098c', 'to': '07ee3bad02858e40446b99e9bc7bc60b'}, {'createdAt': {'$date': 1689802860000}, 'trackingCode': '91afec997cc062dfb0e756e9188c9afe', 'status': '1', 'description': None, 'trackerType': '2e7165ceb19f183e695ce49285a4c228', 'from': 'd6d269952320c4fb5e50f278c94a098c', 'to': '07ee3bad02858e40446b99e9bc7bc60b'}, {'createdAt': {'$date': 1689782940000}, 'trackingCode': '91afec997cc062dfb0e756e9188c9afe', 'status': '3', 'description': None, 'trackerType': '2e7165ceb19f183e695ce49285a4c228', 'from': 'd6d269952320c4fb5e50f278c94a098c', 'to': '07ee3bad02858e40446b99e9bc7bc60b'}, {'createdAt': {'$date': 1689783720000}, 'trackingCode': '91afec997cc062dfb0e756e9188c9afe', 'status': '3', 'description': None, 'trackerType': '2e7165ceb19f183e695ce49285a4c228', 'from': 'd6d269952320c4fb5e50f278c94a098c', 'to': '07ee3bad02858e40446b99e9bc7bc60b'}, {'createdAt': {'$date': 1689794580000}, 'trackingCode': '91afec997cc062dfb0e756e9188c9afe', 'status': '7', 'description': None, 'trackerType': '2e7165ceb19f183e695ce49285a4c228', 'from': '40a8712b29ac76182ed0c4f632b7d543', 'to': '07ee3bad02858e40446b99e9bc7bc60b'}, {'createdAt': {'$date': 1689797640000}, 'trackingCode': '91afec997cc062dfb0e756e9188c9afe', 'status': '6', 'description': None, 'trackerType': '2e7165ceb19f183e695ce49285a4c228', 'from': '40a8712b29ac76182ed0c4f632b7d543', 'to': '07ee3bad02858e40446b99e9bc7bc60b'}, {'createdAt': {'$date': 1689861000000}, 'trackingCode': '91afec997cc062dfb0e756e9188c9afe', 'status': '12', 'description': 'Cliente Ausente', 'trackerType': '2e7165ceb19f183e695ce49285a4c228', 'from': '07ee3bad02858e40446b99e9bc7bc60b', 'to': '07ee3bad02858e40446b99e9bc7bc60b'}, {'createdAt': {'$date': 1689850260000}, 'trackingCode': '91afec997cc062dfb0e756e9188c9afe', 'status': '12', 'description': 'Cliente Ausente', 'trackerType': '2e7165ceb19f183e695ce49285a4c228', 'from': 'd6d269952320c4fb5e50f278c94a098c', 'to': 'd6d269952320c4fb5e50f278c94a098c'}, {'createdAt': {'$date': 1689938940000}, 'trackingCode': '91afec997cc062dfb0e756e9188c9afe', 'status': '9', 'description': None, 'trackerType': '2e7165ceb19f183e695ce49285a4c228', 'from': '07ee3bad02858e40446b99e9bc7bc60b', 'to': '6adf97f83acf6453d4a6a4b1070f3754'}, {'createdAt': {'$date': 1689938940000}, 'trackingCode': '91afec997cc062dfb0e756e9188c9afe', 'status': '9', 'description': None, 'trackerType': '2e7165ceb19f183e695ce49285a4c228', 'from': '07ee3bad02858e40446b99e9bc7bc60b', 'to': '6adf97f83acf6453d4a6a4b1070f3754'}]"
U,b458bdececb1950372b92bd7a707a295,1692048608,1693824984,1693824984,"[{'createdAt': {'$date': 1692056366000}, 'trackingCode': '49ed83a9fa7afe404f9663c85ab6b0cf', 'status': '14', 'description': 'A coleta do pacote foi feita e o processo de envio vai ser iniciado.', 'trackerType': 'a302942c7f755f858bd9a6c0c6be98fb', 'from': '3d176e3700b055e947033711908044fb', 'to': '6adf97f83acf6453d4a6a4b1070f3754'}, {'createdAt': {'$date': 1691954968000}, 'trackingCode': '49ed83a9fa7afe404f9663c85ab6b0cf', 'status': '1', 'description': 'A etiqueta de envio já foi criada e o pacote está pronto para a coleta.', 'trackerType': 'a302942c7f755f858bd9a6c0c6be98fb', 'from': '3d176e3700b055e947033711908044fb', 'to': '6adf97f83acf6453d4a6a4b1070f3754'}, {'createdAt': {'$date': 1692095068000}, 'trackingCode': '49ed83a9fa7afe404f9663c85ab6b0cf', 'status': '15', 'description': 'O pacote já teve suas dimensões conferidas.', 'trackerType': 'a302942c7f755f858bd9a6c0c6be98fb', 'from': '6adf97f83acf6453d4a6a4b1070f3754', 'to': '6adf97f83acf6453d4a6a4b1070f3754'}, {'createdAt': {'$date': 1692095067000}, 'trackingCode': '49ed83a9fa7afe404f9663c85ab6b0cf', 'status': '13', 'description': 'O pacote foi confirmado em uma base da Loggi e vai ser preparado para transferência.', 'trackerType': 'a302942c7f755f858bd9a6c0c6be98fb', 'from': '6adf97f83acf6453d4a6a4b1070f3754', 'to': '6adf97f83acf6453d4a6a4b1070f3754'}, {'createdAt': {'$date': 1692125130000}, 'trackingCode': '49ed83a9fa7afe404f9663c85ab6b0cf', 'status': '15', 'description': 'O pacote já teve suas dimensões conferidas.', 'trackerType': 'a302942c7f755f858bd9a6c0c6be98fb', 'from': '78a32fcc48731cfdbb11966d312f5f4f', 'to': '6adf97f83acf6453d4a6a4b1070f3754'}, {'createdAt': {'$date': 1692167442000}, 'trackingCode': '49ed83a9fa7afe404f9663c85ab6b0cf', 'status': '16', 'description': 'O pacote está em transferência de uma base para outra.', 'trackerType': 'a302942c7f755f858bd9a6c0c6be98fb', 'from': '6adf97f83acf6453d4a6a4b1070f3754', 'to': '6adf97f83acf6453d4a6a4b1070f3754'}, {'createdAt': {'$date': 1692166387000}, 'trackingCode': '49ed83a9fa7afe404f9663c85ab6b0cf', 'status': '3', 'description': 'O pacote está em uma base e, em breve, vai estar em transferência.', 'trackerType': 'a302942c7f755f858bd9a6c0c6be98fb', 'from': '6adf97f83acf6453d4a6a4b1070f3754', 'to': '6adf97f83acf6453d4a6a4b1070f3754'}, {'createdAt': {'$date': 1692173266000}, 'trackingCode': '49ed83a9fa7afe404f9663c85ab6b0cf', 'status': '16', 'description': 'O pacote está em transferência de uma base para outra.', 'trackerType': 'a302942c7f755f858bd9a6c0c6be98fb', 'from': '6adf97f83acf6453d4a6a4b1070f3754', 'to': '6adf97f83acf6453d4a6a4b1070f3754'}, {'createdAt': {'$date': 1692188712000}, 'trackingCode': '49ed83a9fa7afe404f9663c85ab6b0cf', 'status': '17', 'description': 'Tudo certo, o pacote está em uma base da Loggi.', 'trackerType': 'a302942c7f755f858bd9a6c0c6be98fb', 'from': '6adf97f83acf6453d4a6a4b1070f3754', 'to': '6adf97f83acf6453d4a6a4b1070f3754'}, {'createdAt': {'$date': 1692166386000}, 'trackingCode': '49ed83a9fa7afe404f9663c85ab6b0cf', 'status': '3', 'description': 'O pacote está em uma base e, em breve, vai estar em transferência.', 'trackerType': 'a302942c7f755f858bd9a6c0c6be98fb', 'from': '8ab3f1f325322b87ec25a1f77fef2d9e', 'to': '6adf97f83acf6453d4a6a4b1070f3754'}, {'createdAt': {'$date': 1692203286000}, 'trackingCode': '49ed83a9fa7afe404f9663c85ab6b0cf', 'status': '5', 'description': 'O pacote chegou ao destino final.', 'trackerType': 'a302942c7f755f858bd9a6c0c6be98fb', 'from': '6adf97f83acf6453d4a6a4b1070f3754', 'to': '6adf97f83acf6453d4a6a4b1070f3754'}, {'createdAt': {'$date': 1692196739000}, 'trackingCode': '49ed83a9fa7afe404f9663c85ab6b0cf', 'status': '11', 'description': 'O pacote está a caminho.', 'trackerType': 'a302942c7f755f858bd9a6c0c6be98fb', 'from': '6adf97f83acf6453d4a6a4b1070f3754', 'to': '6adf97f83acf6453d4a6a4b1070f3754'}]"
U,b7374c2ff43168e68a86709080019235,1693323667,1693824984,1693824984,"[{'createdAt': {'$date': 1692190286000}, 'trackingCode': '22797e9da5e76696d2bfb73a21cb8669', 'status': '01', 'description': 'Objeto entregue ao destinatário', 'trackerType': '27bb7dfdbe0de2d482d1c37c3fe5bfe3', 'from': '5f6c226cc897afa1e82dc94fb884809e', 'to': '6adf97f83acf6453d4a6a4b1070f3754'}, {'createdAt': {'$date': 1692177646000}, 'trackingCode': '22797e9da5e76696d2bfb73a21cb8669', 'status': '01', 'description': 'Objeto saiu para entrega ao destinatário', 'trackerType': '27bb7dfdbe0de2d482d1c37c3fe5bfe3', 'from': '5f6c226cc897afa1e82dc94fb884809e', 'to': '6adf97f83acf6453d4a6a4b1070f3754'}, {'createdAt': {'$date': 1691790180000}, 'trackingCode': '22797e9da5e76696d2bfb73a21cb8669', 'status': '01', 'description': 'Objeto em trânsito - por favor aguarde', 'trackerType': '27bb7dfdbe0de2d482d1c37c3fe5bfe3', 'from': 'a9b3bd46be7390826100cfcfd8f271ec', 'to': '5f6c226cc897afa1e82dc94fb884809e'}, {'createdAt': {'$date': 1691757799000}, 'trackingCode': '22797e9da5e76696d2bfb73a21cb8669', 'status': '01', 'description': 'Objeto em trânsito - por favor aguarde', 'trackerType': '27bb7dfdbe0de2d482d1c37c3fe5bfe3', 'from': '468797f5854fc4741e803fd0bcdd4505', 'to': 'a9b3bd46be7390826100cfcfd8f271ec'}, {'createdAt': {'$date': 1691567842000}, 'trackingCode': '22797e9da5e76696d2bfb73a21cb8669', 'status': '01', 'description': 'Objeto em trânsito - por favor aguarde', 'trackerType': '27bb7dfdbe0de2d482d1c37c3fe5bfe3', 'from': 'a73a615419145fd5f1a0f8689a38600d', 'to': '468797f5854fc4741e803fd0bcdd4505'}, {'createdAt': {'$date': 1691501340000}, 'trackingCode': '22797e9da5e76696d2bfb73a21cb8669', 'status': '01', 'description': 'Objeto postado', 'trackerType': '27bb7dfdbe0de2d482d1c37c3fe5bfe3', 'from': 'a73a615419145fd5f1a0f8689a38600d', 'to': '6adf97f83acf6453d4a6a4b1070f3754'}]"
U,d084744ca87f701892dd964ccc7adf8b,1692341551,1693824984,1693824984,"[{'createdAt': {'$date': 1692343751000}, 'trackingCode': '3c6b98cf116c803ad5f62f51e2ed6f47', 'status': '15', 'description': 'O pacote já teve suas dimensões conferidas.', 'trackerType': 'a302942c7f755f858bd9a6c0c6be98fb', 'from': '78a32fcc48731cfdbb11966d312f5f4f', 'to': '6adf97f83acf6453d4a6a4b1070f3754'}, {'createdAt': {'$date': 1692343750000}, 'trackingCode': '3c6b98cf116c803ad5f62f51e2ed6f47', 'status': '13', 'description': 'O pacote foi confirmado em uma base da Loggi e vai ser preparado para transferência.', 'trackerType': 'a302942c7f755f858bd9a6c0c6be98fb', 'from': '6adf97f83acf6453d4a6a4b1070f3754', 'to': '6adf97f83acf6453d4a6a4b1070f3754'}, {'createdAt': {'$date': 1692180507000}, 'trackingCode': '3c6b98cf116c803ad5f62f51e2ed6f47', 'status': '1', 'description': 'A etiqueta de envio já foi criada e o pacote está pronto para a coleta.', 'trackerType': 'a302942c7f755f858bd9a6c0c6be98fb', 'from': '78a32fcc48731cfdbb11966d312f5f4f', 'to': '6adf97f83acf6453d4a6a4b1070f3754'}, {'createdAt': {'$date': 1692437940000}, 'trackingCode': '3c6b98cf116c803ad5f62f51e2ed6f47', 'status': '16', 'description': 'O pacote está em transferência de uma base para outra.', 'trackerType': 'a302942c7f755f858bd9a6c0c6be98fb', 'from': '6adf97f83acf6453d4a6a4b1070f3754', 'to': '6adf97f83acf6453d4a6a4b1070f3754'}, {'createdAt': {'$date': 1692437843000}, 'trackingCode': '3c6b98cf116c803ad5f62f51e2ed6f47', 'status': '3', 'description': 'O pacote está em uma base e, em breve, vai estar em transferência.', 'trackerType': 'a302942c7f755f858bd9a6c0c6be98fb', 'from': '6adf97f83acf6453d4a6a4b1070f3754', 'to': '6adf97f83acf6453d4a6a4b1070f3754'}, {'createdAt': {'$date': 1692457358000}, 'trackingCode': '3c6b98cf116c803ad5f62f51e2ed6f47', 'status': '17', 'description': 'Tudo certo, o pacote está em uma base da Loggi.', 'trackerType': 'a302942c7f755f858bd9a6c0c6be98fb', 'from': 'ba7e1ad897f71901b1e8f1da70324a60', 'to': '6adf97f83acf6453d4a6a4b1070f3754'}, {'createdAt': {'$date': 1692457356000}, 'trackingCode': '3c6b98cf116c803ad5f62f51e2ed6f47', 'status': '17', 'description': 'Tudo certo, o pacote está em uma base da Loggi.', 'trackerType': 'a302942c7f755f858bd9a6c0c6be98fb', 'from': '6adf97f83acf6453d4a6a4b1070f3754', 'to': '6adf97f83acf6453d4a6a4b1070f3754'}, {'createdAt': {'$date': 1692459884000}, 'trackingCode': '3c6b98cf116c803ad5f62f51e2ed6f47', 'status': '11', 'description': 'O pacote está a caminho.', 'trackerType': 'a302942c7f755f858bd9a6c0c6be98fb', 'from': '6adf97f83acf6453d4a6a4b1070f3754', 'to': '6adf97f83acf6453d4a6a4b1070f3754'}, {'createdAt': {'$date': 1692646268000}, 'trackingCode': '3c6b98cf116c803ad5f62f51e2ed6f47', 'status': '5', 'description': 'O pacote chegou ao destino final.', 'trackerType': 'a302942c7f755f858bd9a6c0c6be98fb', 'from': 'ba7e1ad897f71901b1e8f1da70324a60', 'to': '6adf97f83acf6453d4a6a4b1070f3754'}]"
U,93f289b83a5e10fd0baf424e603d3b10,1690818069,1693824984,1693824984,"[{'createdAt': {'$date': 1690808208000}, 'trackingCode': 'a93b75f7ccd11ad815e3f67342723bc0', 'status': '01', 'description': 'Objeto em trânsito - por favor aguarde', 'trackerType': '27bb7dfdbe0de2d482d1c37c3fe5bfe3', 'from': 'ea18f3d6bd3d5acba8a5b26cf2b36f4f', 'to': '45d85b5814ccaef9bb9511c64db72ae1'}, {'createdAt': {'$date': 1690804591000}, 'trackingCode': 'a93b75f7ccd11ad815e3f67342723bc0', 'status': '01', 'description': 'Objeto postado', 'trackerType': '27bb7dfdbe0de2d482d1c37c3fe5bfe3', 'from': 'ea18f3d6bd3d5acba8a5b26cf2b36f4f', 'to': '6adf97f83acf6453d4a6a4b1070f3754'}, {'createdAt': {'$date': 1690812348000}, 'trackingCode': 'a93b75f7ccd11ad815e3f67342723bc0', 'status': '01', 'description': 'Objeto em trânsito - por favor aguarde', 'trackerType': '27bb7dfdbe0de2d482d1c37c3fe5bfe3', 'from': '45d85b5814ccaef9bb9511c64db72ae1', 'to': 'a455511c1b0d0594d7499ddee7b4fd7a'}, {'createdAt': {'$date': 1690925447000}, 'trackingCode': 'a93b75f7ccd11ad815e3f67342723bc0', 'status': '01', 'description': 'Objeto em trânsito - por favor aguarde', 'trackerType': '27bb7dfdbe0de2d482d1c37c3fe5bfe3', 'from': 'a455511c1b0d0594d7499ddee7b4fd7a', 'to': '0cdc9dc7661b4caa8a879f8278d27129'}, {'createdAt': {'$date': 1690987628000}, 'trackingCode': 'a93b75f7ccd11ad815e3f67342723bc0', 'status': '01', 'description': 'Objeto entregue ao destinatário', 'trackerType': '27bb7dfdbe0de2d482d1c37c3fe5bfe3', 'from': '0cdc9dc7661b4caa8a879f8278d27129', 'to': '6adf97f83acf6453d4a6a4b1070f3754'}, {'createdAt': {'$date': 1690986184000}, 'trackingCode': 'a93b75f7ccd11ad815e3f67342723bc0', 'status': '01', 'description': 'Objeto saiu para entrega ao destinatário', 'trackerType': '27bb7dfdbe0de2d482d1c37c3fe5bfe3', 'from': '0cdc9dc7661b4caa8a879f8278d27129', 'to': '6adf97f83acf6453d4a6a4b1070f3754'}]"
U,c15afffe4684aefa4c3052222dc1710a,1689878173,1693824984,1693824984,"[{'createdAt': {'$date': 1689866566000}, 'trackingCode': '0e0c289802b5e53e78bfd2ba35549687', 'status': None, 'description': 'EMISSAO', 'trackerType': '202591c2658eb8db7d1c57e1273cd270', 'from': '0a3008c97e13a3f8ecf3b98276207c84', 'to': '6adf97f83acf6453d4a6a4b1070f3754'}, {'createdAt': {'$date': 1689872707000}, 'trackingCode': '0e0c289802b5e53e78bfd2ba35549687', 'status': None, 'description': 'TRANSFERENCIA', 'trackerType': '202591c2658eb8db7d1c57e1273cd270', 'from': '0a3008c97e13a3f8ecf3b98276207c84', 'to': '6adf97f83acf6453d4a6a4b1070f3754'}, {'createdAt': {'$date': 1689972153000}, 'trackingCode': '0e0c289802b5e53e78bfd2ba35549687', 'status': None, 'description': 'ENTRADA', 'trackerType': '202591c2658eb8db7d1c57e1273cd270', 'from': '1d1c443b2c522e1aa7f7a17813a9557e', 'to': '6adf97f83acf6453d4a6a4b1070f3754'}, {'createdAt': {'$date': 1689972997000}, 'trackingCode': '0e0c289802b5e53e78bfd2ba35549687', 'status': None, 'description': 'TRANSFERENCIA', 'trackerType': '202591c2658eb8db7d1c57e1273cd270', 'from': '1d1c443b2c522e1aa7f7a17813a9557e', 'to': '6adf97f83acf6453d4a6a4b1070f3754'}, {'createdAt': {'$date': 1689983326000}, 'trackingCode': '0e0c289802b5e53e78bfd2ba35549687', 'status': None, 'description': 'TRANSFERENCIA', 'trackerType': '202591c2658eb8db7d1c57e1273cd270', 'from': 'bb06c77b0bda796758fb2d30ec897c06', 'to': '6adf97f83acf6453d4a6a4b1070f3754'}, {'createdAt': {'$date': 1689984347000}, 'trackingCode': '0e0c289802b5e53e78bfd2ba35549687', 'status': None, 'description': 'TRANSFERENCIA', 'trackerType': '202591c2658eb8db7d1c57e1273cd270', 'from': 'bb06c77b0bda796758fb2d30ec897c06', 'to': '6adf97f83acf6453d4a6a4b1070f3754'}, {'createdAt': {'$date': 1689991085000}, 'trackingCode': '0e0c289802b5e53e78bfd2ba35549687', 'status': None, 'description': 'TRANSFERENCIA', 'trackerType': '202591c2658eb8db7d1c57e1273cd270', 'from': 'fac929278c0e5ba967802153ba729336', 'to': '6adf97f83acf6453d4a6a4b1070f3754'}, {'createdAt': {'$date': 1689997129000}, 'trackingCode': '0e0c289802b5e53e78bfd2ba35549687', 'status': None, 'description': 'TRANSFERENCIA', 'trackerType': '202591c2658eb8db7d1c57e1273cd270', 'from': 'fac929278c0e5ba967802153ba729336', 'to': '6adf97f83acf6453d4a6a4b1070f3754'}, {'createdAt': {'$date': 1690034577000}, 'trackingCode': '0e0c289802b5e53e78bfd2ba35549687', 'status': None, 'description': 'TRANSFERIDO PARA UNIDADE', 'trackerType': '202591c2658eb8db7d1c57e1273cd270', 'from': 'bb06c77b0bda796758fb2d30ec897c06', 'to': '6adf97f83acf6453d4a6a4b1070f3754'}, {'createdAt': {'$date': 1690034596000}, 'trackingCode': '0e0c289802b5e53e78bfd2ba35549687', 'status': None, 'description': 'TRANSFERIDO PARA UNIDADE', 'trackerType': '202591c2658eb8db7d1c57e1273cd270', 'from': 'bb06c77b0bda796758fb2d30ec897c06', 'to': '6adf97f83acf6453d4a6a4b1070f3754'}, {'createdAt': {'$date': 1690055439000}, 'trackingCode': '0e0c289802b5e53e78bfd2ba35549687', 'status': None, 'description': 'ENTRADA', 'trackerType': '202591c2658eb8db7d1c57e1273cd270', 'from': '84c77d7bc3fb1dd258da3c10bb2f8a27', 'to': '6adf97f83acf6453d4a6a4b1070f3754'}, {'createdAt': {'$date': 1690057560000}, 'trackingCode': '0e0c289802b5e53e78bfd2ba35549687', 'status': None, 'description': 'TRANSFERENCIA', 'trackerType': '202591c2658eb8db7d1c57e1273cd270', 'from': '84c77d7bc3fb1dd258da3c10bb2f8a27', 'to': '6adf97f83acf6453d4a6a4b1070f3754'}, {'createdAt': {'$date': 1690164488000}, 'trackingCode': '0e0c289802b5e53e78bfd2ba35549687', 'status': None, 'description': 'TRANSFERENCIA', 'trackerType': '202591c2658eb8db7d1c57e1273cd270', 'from': '84c77d7bc3fb1dd258da3c10bb2f8a27', 'to': '6adf97f83acf6453d4a6a4b1070f3754'}, {'createdAt': {'$date': 1690176707000}, 'trackingCode': '0e0c289802b5e53e78bfd2ba35549687', 'status': None, 'description': 'TRANSFERIDO PARA UNIDADE', 'trackerType': '202591c2658eb8db7d1c57e1273cd270', 'from': '84c77d7bc3fb1dd258da3c10bb2f8a27', 'to': '6adf97f83acf6453d4a6a4b1070f3754'}, {'createdAt': {'$date': 1690191554000}, 'trackingCode': '0e0c289802b5e53e78bfd2ba35549687', 'status': None, 'description': 'ENTRADA', 'trackerType': '202591c2658eb8db7d1c57e1273cd270', 'from': '8e09e994504e064242a2375f1892e5ee', 'to': '6adf97f83acf6453d4a6a4b1070f3754'}, {'createdAt': {'$date': 1690193532000}, 'trackingCode': '0e0c289802b5e53e78bfd2ba35549687', 'status': None, 'description': 'EM ROTA', 'trackerType': '202591c2658eb8db7d1c57e1273cd270', 'from': '8e09e994504e064242a2375f1892e5ee', 'to': '6adf97f83acf6453d4a6a4b1070f3754'}, {'createdAt': {'$date': 1690219848000}, 'trackingCode': '0e0c289802b5e53e78bfd2ba35549687', 'status': None, 'description': 'ENTREGUE', 'trackerType': '202591c2658eb8db7d1c57e1273cd270', 'from': '8e09e994504e064242a2375f1892e5ee', 'to': '6adf97f83acf6453d4a6a4b1070f3754'}]"
U,563a421793893b8cc442edf0e0ebc582,1692793448,1693824984,1693824984,"[{'createdAt': {'$date': 1692789562000}, 'trackingCode': 'e2314f11f2fdf572976923b0464adb0f', 'status': None, 'description': 'EMISSAO', 'trackerType': '202591c2658eb8db7d1c57e1273cd270', 'from': 'b85c1b30d1c6ae0fc6302f5fa94c3143', 'to': '6adf97f83acf6453d4a6a4b1070f3754'}, {'createdAt': {'$date': 1692811071000}, 'trackingCode': 'e2314f11f2fdf572976923b0464adb0f', 'status': None, 'description': 'TRANSFERENCIA', 'trackerType': '202591c2658eb8db7d1c57e1273cd270', 'from': 'b85c1b30d1c6ae0fc6302f5fa94c3143', 'to': '6adf97f83acf6453d4a6a4b1070f3754'}, {'createdAt': {'$date': 1692817296000}, 'trackingCode': 'e2314f11f2fdf572976923b0464adb0f', 'status': None, 'description': 'ENTRADA', 'trackerType': '202591c2658eb8db7d1c57e1273cd270', 'from': 'a745068cf094ced2d5688366862a4b39', 'to': '6adf97f83acf6453d4a6a4b1070f3754'}, {'createdAt': {'$date': 1692817432000}, 'trackingCode': 'e2314f11f2fdf572976923b0464adb0f', 'status': None, 'description': 'TRANSFERENCIA', 'trackerType': '202591c2658eb8db7d1c57e1273cd270', 'from': 'a745068cf094ced2d5688366862a4b39', 'to': '6adf97f83acf6453d4a6a4b1070f3754'}, {'createdAt': {'$date': 1692855744000}, 'trackingCode': 'e2314f11f2fdf572976923b0464adb0f', 'status': None, 'description': 'ENTRADA', 'trackerType': '202591c2658eb8db7d1c57e1273cd270', 'from': 'fac929278c0e5ba967802153ba729336', 'to': '6adf97f83acf6453d4a6a4b1070f3754'}, {'createdAt': {'$date': 1692871207000}, 'trackingCode': 'e2314f11f2fdf572976923b0464adb0f', 'status': None, 'description': 'TRANSFERENCIA', 'trackerType': '202591c2658eb8db7d1c57e1273cd270', 'from': 'fac929278c0e5ba967802153ba729336', 'to': '6adf97f83acf6453d4a6a4b1070f3754'}, {'createdAt': {'$date': 1692931606000}, 'trackingCode': 'e2314f11f2fdf572976923b0464adb0f', 'status': None, 'description': 'TRANSFERENCIA', 'trackerType': '202591c2658eb8db7d1c57e1273cd270', 'from': 'fac929278c0e5ba967802153ba729336', 'to': '6adf97f83acf6453d4a6a4b1070f3754'}, {'createdAt': {'$date': 1692931797000}, 'trackingCode': 'e2314f11f2fdf572976923b0464adb0f', 'status': None, 'description': 'TRANSFERIDO PARA UNIDADE', 'trackerType': '202591c2658eb8db7d1c57e1273cd270', 'from': 'fac929278c0e5ba967802153ba729336', 'to': '6adf97f83acf6453d4a6a4b1070f3754'}, {'createdAt': {'$date': 1692950101000}, 'trackingCode': 'e2314f11f2fdf572976923b0464adb0f', 'status': None, 'description': 'ENTRADA', 'trackerType': '202591c2658eb8db7d1c57e1273cd270', 'from': 'c58978e08ce8f001c823f9f536b0261e', 'to': '6adf97f83acf6453d4a6a4b1070f3754'}, {'createdAt': {'$date': 1692950820000}, 'trackingCode': 'e2314f11f2fdf572976923b0464adb0f', 'status': None, 'description': 'EM ROTA', 'trackerType': '202591c2658eb8db7d1c57e1273cd270', 'from': 'c58978e08ce8f001c823f9f536b0261e', 'to': '6adf97f83acf6453d4a6a4b1070f3754'}, {'createdAt': {'$date': 1692967949000}, 'trackingCode': 'e2314f11f2fdf572976923b0464adb0f', 'status': None, 'description': 'ENTREGUE', 'trackerType': '202591c2658eb8db7d1c57e1273cd270', 'from': 'c58978e08ce8f001c823f9f536b0261e', 'to': '6adf97f83acf6453d4a6a4b1070f3754'}]"
U,baae6d8eb61bfe5f9137cb9a68fc3044,1689622116,1693824984,1693824984,"[{'createdAt': {'$date': 1689589897000}, 'trackingCode': '56a3e8d59c148f691579bd0997c336a4', 'status': '01', 'description': 'Objeto postado', 'trackerType': '27bb7dfdbe0de2d482d1c37c3fe5bfe3', 'from': 'f0aa1982f61314b9aab258c2f110ebab', 'to': '6adf97f83acf6453d4a6a4b1070f3754'}, {'createdAt': {'$date': 1689762849000}, 'trackingCode': '56a3e8d59c148f691579bd0997c336a4', 'status': '16', 'description': 'Objeto recebido pelos Correios do Brasil', 'trackerType': '27bb7dfdbe0de2d482d1c37c3fe5bfe3', 'from': '44d02c36e6691bb8faacd16784348114', 'to': '6adf97f83acf6453d4a6a4b1070f3754'}, {'createdAt': {'$date': 1690005710000}, 'trackingCode': '56a3e8d59c148f691579bd0997c336a4', 'status': '01', 'description': 'Objeto em trânsito - por favor aguarde', 'trackerType': '27bb7dfdbe0de2d482d1c37c3fe5bfe3', 'from': '44d02c36e6691bb8faacd16784348114', 'to': '468797f5854fc4741e803fd0bcdd4505'}, {'createdAt': {'$date': 1690005709000}, 'trackingCode': '56a3e8d59c148f691579bd0997c336a4', 'status': '10', 'description': 'Fiscalização aduaneira finalizada', 'trackerType': '27bb7dfdbe0de2d482d1c37c3fe5bfe3', 'from': '44d02c36e6691bb8faacd16784348114', 'to': '6adf97f83acf6453d4a6a4b1070f3754'}, {'createdAt': {'$date': 1690382846000}, 'trackingCode': '56a3e8d59c148f691579bd0997c336a4', 'status': '01', 'description': 'Objeto em trânsito - por favor aguarde', 'trackerType': '27bb7dfdbe0de2d482d1c37c3fe5bfe3', 'from': '468797f5854fc4741e803fd0bcdd4505', 'to': '0cd06775f74fabece983c8955bf8cab2'}, {'createdAt': {'$date': 1690798300000}, 'trackingCode': '56a3e8d59c148f691579bd0997c336a4', 'status': '01', 'description': 'Objeto saiu para entrega ao destinatário', 'trackerType': '27bb7dfdbe0de2d482d1c37c3fe5bfe3', 'from': '0cd06775f74fabece983c8955bf8cab2', 'to': '6adf97f83acf6453d4a6a4b1070f3754'}, {'createdAt': {'$date': 1690815394000}, 'trackingCode': '56a3e8d59c148f691579bd0997c336a4', 'status': '01', 'description': 'Objeto entregue ao destinatário', 'trackerType': '27bb7dfdbe0de2d482d1c37c3fe5bfe3', 'from': '0cd06775f74fabece983c8955bf8cab2', 'to': '6adf97f83acf6453d4a6a4b1070f3754'}]"
U,5e4493f35315204650c7b8f763be71bc,1690989448,1693824984,1693824984,"[{'createdAt': {'$date': 1690975811000}, 'trackingCode': '43b4a9486aed0f051b2b4b362ae70f69', 'status': None, 'description': 'EMISSAO', 'trackerType': '202591c2658eb8db7d1c57e1273cd270', 'from': '1a107b579ae85dd20122e95da859ada3', 'to': '6adf97f83acf6453d4a6a4b1070f3754'}, {'createdAt': {'$date': 1690987771000}, 'trackingCode': '43b4a9486aed0f051b2b4b362ae70f69', 'status': None, 'description': 'TRANSFERENCIA', 'trackerType': '202591c2658eb8db7d1c57e1273cd270', 'from': '1a107b579ae85dd20122e95da859ada3', 'to': '6adf97f83acf6453d4a6a4b1070f3754'}, {'createdAt': {'$date': 1691017972000}, 'trackingCode': '43b4a9486aed0f051b2b4b362ae70f69', 'status': None, 'description': 'ENTRADA', 'trackerType': '202591c2658eb8db7d1c57e1273cd270', 'from': '84c77d7bc3fb1dd258da3c10bb2f8a27', 'to': '6adf97f83acf6453d4a6a4b1070f3754'}, {'createdAt': {'$date': 1691019908000}, 'trackingCode': '43b4a9486aed0f051b2b4b362ae70f69', 'status': None, 'description': 'TRANSFERENCIA', 'trackerType': '202591c2658eb8db7d1c57e1273cd270', 'from': '84c77d7bc3fb1dd258da3c10bb2f8a27', 'to': '6adf97f83acf6453d4a6a4b1070f3754'}, {'createdAt': {'$date': 1691029135000}, 'trackingCode': '43b4a9486aed0f051b2b4b362ae70f69', 'status': None, 'description': 'TRANSFERENCIA', 'trackerType': '202591c2658eb8db7d1c57e1273cd270', 'from': '84c77d7bc3fb1dd258da3c10bb2f8a27', 'to': '6adf97f83acf6453d4a6a4b1070f3754'}, {'createdAt': {'$date': 1691029794000}, 'trackingCode': '43b4a9486aed0f051b2b4b362ae70f69', 'status': None, 'description': 'TRANSFERENCIA', 'trackerType': '202591c2658eb8db7d1c57e1273cd270', 'from': '84c77d7bc3fb1dd258da3c10bb2f8a27', 'to': '6adf97f83acf6453d4a6a4b1070f3754'}, {'createdAt': {'$date': 1691070972000}, 'trackingCode': '43b4a9486aed0f051b2b4b362ae70f69', 'status': None, 'description': 'TRANSFERIDO PARA UNIDADE', 'trackerType': '202591c2658eb8db7d1c57e1273cd270', 'from': '84c77d7bc3fb1dd258da3c10bb2f8a27', 'to': '6adf97f83acf6453d4a6a4b1070f3754'}, {'createdAt': {'$date': 1691074934000}, 'trackingCode': '43b4a9486aed0f051b2b4b362ae70f69', 'status': None, 'description': 'ENTRADA', 'trackerType': '202591c2658eb8db7d1c57e1273cd270', 'from': 'fac929278c0e5ba967802153ba729336', 'to': '6adf97f83acf6453d4a6a4b1070f3754'}, {'createdAt': {'$date': 1691142696000}, 'trackingCode': '43b4a9486aed0f051b2b4b362ae70f69', 'status': None, 'description': 'ENTRADA', 'trackerType': '202591c2658eb8db7d1c57e1273cd270', 'from': 'e8e6299076f3c6c7070ea088038ab4f1', 'to': '6adf97f83acf6453d4a6a4b1070f3754'}, {'createdAt': {'$date': 1691142841000}, 'trackingCode': '43b4a9486aed0f051b2b4b362ae70f69', 'status': None, 'description': 'TRANSFERENCIA', 'trackerType': '202591c2658eb8db7d1c57e1273cd270', 'from': 'e8e6299076f3c6c7070ea088038ab4f1', 'to': '6adf97f83acf6453d4a6a4b1070f3754'}, {'createdAt': {'$date': 1691149674000}, 'trackingCode': '43b4a9486aed0f051b2b4b362ae70f69', 'status': None, 'description': 'ENTRADA', 'trackerType': '202591c2658eb8db7d1c57e1273cd270', 'from': '996c55a7c0ae98aab64e1cb6de76ee1a', 'to': '6adf97f83acf6453d4a6a4b1070f3754'}, {'createdAt': {'$date': 1691155168000}, 'trackingCode': '43b4a9486aed0f051b2b4b362ae70f69', 'status': None, 'description': 'EM ROTA', 'trackerType': '202591c2658eb8db7d1c57e1273cd270', 'from': '996c55a7c0ae98aab64e1cb6de76ee1a', 'to': '6adf97f83acf6453d4a6a4b1070f3754'}, {'createdAt': {'$date': 1691175396000}, 'trackingCode': '43b4a9486aed0f051b2b4b362ae70f69', 'status': None, 'description': 'ENTREGUE', 'trackerType': '202591c2658eb8db7d1c57e1273cd270', 'from': '996c55a7c0ae98aab64e1cb6de76ee1a', 'to': '6adf97f83acf6453d4a6a4b1070f3754'}]"
U,fafd0c8cec6ad81865b5ae0de2f40e59,1693510377,1693824984,1693794345,"[{'createdAt': {'$date': 1693500986000}, 'trackingCode': 'cb7473177caccf8082efedfd6648cf4d', 'status': None, 'description': 'EMISSAO', 'trackerType': '202591c2658eb8db7d1c57e1273cd270', 'from': '3e5e3a48ade5ee4361b0d576978ce994', 'to': '6adf97f83acf6453d4a6a4b1070f3754'}, {'createdAt': {'$date': 1693580458000}, 'trackingCode': 'cb7473177caccf8082efedfd6648cf4d', 'status': None, 'description': 'TRANSFERENCIA', 'trackerType': '202591c2658eb8db7d1c57e1273cd270', 'from': '50ce361ff0cbcd6cc22a96bcec4a3d13', 'to': '6adf97f83acf6453d4a6a4b1070f3754'}, {'createdAt': {'$date': 1693629433000}, 'trackingCode': 'cb7473177caccf8082efedfd6648cf4d', 'status': None, 'description': 'ENTRADA', 'trackerType': '202591c2658eb8db7d1c57e1273cd270', 'from': 'fac929278c0e5ba967802153ba729336', 'to': '6adf97f83acf6453d4a6a4b1070f3754'}, {'createdAt': {'$date': 1693630499000}, 'trackingCode': 'cb7473177caccf8082efedfd6648cf4d', 'status': None, 'description': 'TRANSFERENCIA', 'trackerType': '202591c2658eb8db7d1c57e1273cd270', 'from': '866813c9a5f756fd2d824c2b492e80c6', 'to': '6adf97f83acf6453d4a6a4b1070f3754'}, {'createdAt': {'$date': 1693767098000}, 'trackingCode': 'cb7473177caccf8082efedfd6648cf4d', 'status': None, 'description': 'TRANSFERENCIA', 'trackerType': '202591c2658eb8db7d1c57e1273cd270', 'from': 'fac929278c0e5ba967802153ba729336', 'to': '6adf97f83acf6453d4a6a4b1070f3754'}, {'createdAt': {'$date': 1693801979000}, 'trackingCode': 'cb7473177caccf8082efedfd6648cf4d', 'status': None, 'description': 'TRANSFERIDO PARA UNIDADE', 'trackerType': '202591c2658eb8db7d1c57e1273cd270', 'from': 'bb06c77b0bda796758fb2d30ec897c06', 'to': '6adf97f83acf6453d4a6a4b1070f3754'}, {'createdAt': {'$date': 1693809653000}, 'trackingCode': 'cb7473177caccf8082efedfd6648cf4d', 'status': None, 'description': 'ENTRADA', 'trackerType': '202591c2658eb8db7d1c57e1273cd270', 'from': 'a429ff8beba9dd0bf2950c51cda83c9a', 'to': '6adf97f83acf6453d4a6a4b1070f3754'}, {'createdAt': {'$date': 1693817874000}, 'trackingCode': 'cb7473177caccf8082efedfd6648cf4d', 'status': None, 'description': 'EM ROTA', 'trackerType': '202591c2658eb8db7d1c57e1273cd270', 'from': 'a429ff8beba9dd0bf2950c51cda83c9a', 'to': '6adf97f83acf6453d4a6a4b1070f3754'}]"
U,1b1f73b9f365cd3e93728e9b7f0c4ee3,1693510378,1693824984,1693794345,"[{'createdAt': {'$date': 1693503984000}, 'trackingCode': '520773d7f3541e1d66905320435028e1', 'status': None, 'description': 'EMISSAO', 'trackerType': '202591c2658eb8db7d1c57e1273cd270', 'from': '98c0993152d38702b888de020c2c987c', 'to': '6adf97f83acf6453d4a6a4b1070f3754'}, {'createdAt': {'$date': 1693504858000}, 'trackingCode': '520773d7f3541e1d66905320435028e1', 'status': None, 'description': 'TRANSFERENCIA', 'trackerType': '202591c2658eb8db7d1c57e1273cd270', 'from': '98c0993152d38702b888de020c2c987c', 'to': '6adf97f83acf6453d4a6a4b1070f3754'}, {'createdAt': {'$date': 1693536576000}, 'trackingCode': '520773d7f3541e1d66905320435028e1', 'status': None, 'description': 'ENTRADA', 'trackerType': '202591c2658eb8db7d1c57e1273cd270', 'from': 'fac929278c0e5ba967802153ba729336', 'to': '6adf97f83acf6453d4a6a4b1070f3754'}, {'createdAt': {'$date': 1693542776000}, 'trackingCode': '520773d7f3541e1d66905320435028e1', 'status': None, 'description': 'TRANSFERENCIA', 'trackerType': '202591c2658eb8db7d1c57e1273cd270', 'from': '866813c9a5f756fd2d824c2b492e80c6', 'to': '6adf97f83acf6453d4a6a4b1070f3754'}, {'createdAt': {'$date': 1693609806000}, 'trackingCode': '520773d7f3541e1d66905320435028e1', 'status': None, 'description': 'TRANSFERENCIA', 'trackerType': '202591c2658eb8db7d1c57e1273cd270', 'from': 'fac929278c0e5ba967802153ba729336', 'to': '6adf97f83acf6453d4a6a4b1070f3754'}, {'createdAt': {'$date': 1693640791000}, 'trackingCode': '520773d7f3541e1d66905320435028e1', 'status': None, 'description': 'ENTRADA', 'trackerType': '202591c2658eb8db7d1c57e1273cd270', 'from': '806a302ab6b943cbfcee4517160a2218', 'to': '6adf97f83acf6453d4a6a4b1070f3754'}, {'createdAt': {'$date': 1693818685000}, 'trackingCode': '520773d7f3541e1d66905320435028e1', 'status': None, 'description': 'EM ROTA', 'trackerType': '202591c2658eb8db7d1c57e1273cd270', 'from': '806a302ab6b943cbfcee4517160a2218', 'to': '6adf97f83acf6453d4a6a4b1070f3754'}]"
U,fafd0c8cec6ad81865b5ae0de2f40e59,1693510377,1693824984,1693824984,"[{'createdAt': {'$date': 1693500986000}, 'trackingCode': 'cb7473177caccf8082efedfd6648cf4d', 'status': None, 'description': 'EMISSAO', 'trackerType': '202591c2658eb8db7d1c57e1273cd270', 'from': '3e5e3a48ade5ee4361b0d576978ce994', 'to': '6adf97f83acf6453d4a6a4b1070f3754'}, {'createdAt': {'$date': 1693580458000}, 'trackingCode': 'cb7473177caccf8082efedfd6648cf4d', 'status': None, 'description': 'TRANSFERENCIA', 'trackerType': '202591c2658eb8db7d1c57e1273cd270', 'from': '50ce361ff0cbcd6cc22a96bcec4a3d13', 'to': '6adf97f83acf6453d4a6a4b1070f3754'}, {'createdAt': {'$date': 1693629433000}, 'trackingCode': 'cb7473177caccf8082efedfd6648cf4d', 'status': None, 'description': 'ENTRADA', 'trackerType': '202591c2658eb8db7d1c57e1273cd270', 'from': 'fac929278c0e5ba967802153ba729336', 'to': '6adf97f83acf6453d4a6a4b1070f3754'}, {'createdAt': {'$date': 1693630499000}, 'trackingCode': 'cb7473177caccf8082efedfd6648cf4d', 'status': None, 'description': 'TRANSFERENCIA', 'trackerType': '202591c2658eb8db7d1c57e1273cd270', 'from': '866813c9a5f756fd2d824c2b492e80c6', 'to': '6adf97f83acf6453d4a6a4b1070f3754'}, {'createdAt': {'$date': 1693767098000}, 'trackingCode': 'cb7473177caccf8082efedfd6648cf4d', 'status': None, 'description': 'TRANSFERENCIA', 'trackerType': '202591c2658eb8db7d1c57e1273cd270', 'from': 'fac929278c0e5ba967802153ba729336', 'to': '6adf97f83acf6453d4a6a4b1070f3754'}, {'createdAt': {'$date': 1693801979000}, 'trackingCode': 'cb7473177caccf8082efedfd6648cf4d', 'status': None, 'description': 'TRANSFERIDO PARA UNIDADE', 'trackerType': '202591c2658eb8db7d1c57e1273cd270', 'from': 'bb06c77b0bda796758fb2d30ec897c06', 'to': '6adf97f83acf6453d4a6a4b1070f3754'}, {'createdAt': {'$date': 1693809653000}, 'trackingCode': 'cb7473177caccf8082efedfd6648cf4d', 'status': None, 'description': 'ENTRADA', 'trackerType': '202591c2658eb8db7d1c57e1273cd270', 'from': 'a429ff8beba9dd0bf2950c51cda83c9a', 'to': '6adf97f83acf6453d4a6a4b1070f3754'}, {'createdAt': {'$date': 1693817874000}, 'trackingCode': 'cb7473177caccf8082efedfd6648cf4d', 'status': None, 'description': 'EM ROTA', 'trackerType': '202591c2658eb8db7d1c57e1273cd270', 'from': 'a429ff8beba9dd0bf2950c51cda83c9a', 'to': '6adf97f83acf6453d4a6a4b1070f3754'}]"
U,88cd0109bf08bf3ae6bc75e43750bc8c,1692119218,1693824984,1693824984,"[{'createdAt': {'$date': 1692118489000}, 'trackingCode': '0dca535729248c831de3058d9d871d8e', 'status': None, 'description': 'EMISSAO', 'trackerType': '202591c2658eb8db7d1c57e1273cd270', 'from': '889a5f0ab29f1483af54e2528caf047e', 'to': '6adf97f83acf6453d4a6a4b1070f3754'}, {'createdAt': {'$date': 1692118698000}, 'trackingCode': '0dca535729248c831de3058d9d871d8e', 'status': None, 'description': 'TRANSFERENCIA', 'trackerType': '202591c2658eb8db7d1c57e1273cd270', 'from': '889a5f0ab29f1483af54e2528caf047e', 'to': '6adf97f83acf6453d4a6a4b1070f3754'}, {'createdAt': {'$date': 1692119422000}, 'trackingCode': '0dca535729248c831de3058d9d871d8e', 'status': None, 'description': 'TRANSFERENCIA', 'trackerType': '202591c2658eb8db7d1c57e1273cd270', 'from': '889a5f0ab29f1483af54e2528caf047e', 'to': '6adf97f83acf6453d4a6a4b1070f3754'}, {'createdAt': {'$date': 1692201408000}, 'trackingCode': '0dca535729248c831de3058d9d871d8e', 'status': None, 'description': 'ENTRADA', 'trackerType': '202591c2658eb8db7d1c57e1273cd270', 'from': 'fac929278c0e5ba967802153ba729336', 'to': '6adf97f83acf6453d4a6a4b1070f3754'}, {'createdAt': {'$date': 1692216533000}, 'trackingCode': '0dca535729248c831de3058d9d871d8e', 'status': None, 'description': 'TRANSFERENCIA', 'trackerType': '202591c2658eb8db7d1c57e1273cd270', 'from': 'e91b166c1c839824c55ffc2204e0ed8a', 'to': '6adf97f83acf6453d4a6a4b1070f3754'}, {'createdAt': {'$date': 1692221595000}, 'trackingCode': '0dca535729248c831de3058d9d871d8e', 'status': None, 'description': 'TRANSFERENCIA', 'trackerType': '202591c2658eb8db7d1c57e1273cd270', 'from': 'fac929278c0e5ba967802153ba729336', 'to': '6adf97f83acf6453d4a6a4b1070f3754'}, {'createdAt': {'$date': 1692269223000}, 'trackingCode': '0dca535729248c831de3058d9d871d8e', 'status': None, 'description': 'ENTRADA', 'trackerType': '202591c2658eb8db7d1c57e1273cd270', 'from': 'c72c5f2c82c906d94cff53879ed7da03', 'to': '6adf97f83acf6453d4a6a4b1070f3754'}, {'createdAt': {'$date': 1692280116000}, 'trackingCode': '0dca535729248c831de3058d9d871d8e', 'status': None, 'description': 'EM ROTA', 'trackerType': '202591c2658eb8db7d1c57e1273cd270', 'from': 'c72c5f2c82c906d94cff53879ed7da03', 'to': '6adf97f83acf6453d4a6a4b1070f3754'}, {'createdAt': {'$date': 1692719398000}, 'trackingCode': '0dca535729248c831de3058d9d871d8e', 'status': None, 'description': 'ENTREGUE', 'trackerType': '202591c2658eb8db7d1c57e1273cd270', 'from': 'c72c5f2c82c906d94cff53879ed7da03', 'to': '6adf97f83acf6453d4a6a4b1070f3754'}]"
U,834286ae59c175da8d80b27ef833c7fd,1692006961,1693824984,1693824984,"[{'createdAt': {'$date': 1690217614000}, 'trackingCode': '083c841710098ca0fff88e712c123f71', 'status': '01', 'description': 'Objeto entregue ao destinatário', 'trackerType': '27bb7dfdbe0de2d482d1c37c3fe5bfe3', 'from': '765334653bda8e2eef61650ac23a6f31', 'to': '6adf97f83acf6453d4a6a4b1070f3754'}, {'createdAt': {'$date': 1690200476000}, 'trackingCode': '083c841710098ca0fff88e712c123f71', 'status': '01', 'description': 'Objeto saiu para entrega ao destinatário', 'trackerType': '27bb7dfdbe0de2d482d1c37c3fe5bfe3', 'from': '765334653bda8e2eef61650ac23a6f31', 'to': '6adf97f83acf6453d4a6a4b1070f3754'}, {'createdAt': {'$date': 1689858787000}, 'trackingCode': '083c841710098ca0fff88e712c123f71', 'status': '01', 'description': 'Objeto em trânsito - por favor aguarde', 'trackerType': '27bb7dfdbe0de2d482d1c37c3fe5bfe3', 'from': 'd29b01170389a24f6563d4157d8a11ba', 'to': '765334653bda8e2eef61650ac23a6f31'}, {'createdAt': {'$date': 1689445593000}, 'trackingCode': '083c841710098ca0fff88e712c123f71', 'status': '01', 'description': 'Objeto em trânsito - por favor aguarde', 'trackerType': '27bb7dfdbe0de2d482d1c37c3fe5bfe3', 'from': '44d02c36e6691bb8faacd16784348114', 'to': 'd29b01170389a24f6563d4157d8a11ba'}, {'createdAt': {'$date': 1689445592000}, 'trackingCode': '083c841710098ca0fff88e712c123f71', 'status': '10', 'description': 'Fiscalização aduaneira finalizada', 'trackerType': '27bb7dfdbe0de2d482d1c37c3fe5bfe3', 'from': '44d02c36e6691bb8faacd16784348114', 'to': '6adf97f83acf6453d4a6a4b1070f3754'}, {'createdAt': {'$date': 1689290158000}, 'trackingCode': '083c841710098ca0fff88e712c123f71', 'status': '16', 'description': 'Objeto recebido pelos Correios do Brasil', 'trackerType': '27bb7dfdbe0de2d482d1c37c3fe5bfe3', 'from': '44d02c36e6691bb8faacd16784348114', 'to': '6adf97f83acf6453d4a6a4b1070f3754'}, {'createdAt': {'$date': 1688864421000}, 'trackingCode': '083c841710098ca0fff88e712c123f71', 'status': '01', 'description': 'Objeto postado', 'trackerType': '27bb7dfdbe0de2d482d1c37c3fe5bfe3', 'from': 'f0aa1982f61314b9aab258c2f110ebab', 'to': '6adf97f83acf6453d4a6a4b1070f3754'}]"
U,1b1f73b9f365cd3e93728e9b7f0c4ee3,1693510378,1693824984,1693824984,"[{'createdAt': {'$date': 1693503984000}, 'trackingCode': '520773d7f3541e1d66905320435028e1', 'status': None, 'description': 'EMISSAO', 'trackerType': '202591c2658eb8db7d1c57e1273cd270', 'from': '98c0993152d38702b888de020c2c987c', 'to': '6adf97f83acf6453d4a6a4b1070f3754'}, {'createdAt': {'$date': 1693504858000}, 'trackingCode': '520773d7f3541e1d66905320435028e1', 'status': None, 'description': 'TRANSFERENCIA', 'trackerType': '202591c2658eb8db7d1c57e1273cd270', 'from': '98c0993152d38702b888de020c2c987c', 'to': '6adf97f83acf6453d4a6a4b1070f3754'}, {'createdAt': {'$date': 1693536576000}, 'trackingCode': '520773d7f3541e1d66905320435028e1', 'status': None, 'description': 'ENTRADA', 'trackerType': '202591c2658eb8db7d1c57e1273cd270', 'from': 'fac929278c0e5ba967802153ba729336', 'to': '6adf97f83acf6453d4a6a4b1070f3754'}, {'createdAt': {'$date': 1693542776000}, 'trackingCode': '520773d7f3541e1d66905320435028e1', 'status': None, 'description': 'TRANSFERENCIA', 'trackerType': '202591c2658eb8db7d1c57e1273cd270', 'from': '866813c9a5f756fd2d824c2b492e80c6', 'to': '6adf97f83acf6453d4a6a4b1070f3754'}, {'createdAt': {'$date': 1693609806000}, 'trackingCode': '520773d7f3541e1d66905320435028e1', 'status': None, 'description': 'TRANSFERENCIA', 'trackerType': '202591c2658eb8db7d1c57e1273cd270', 'from': 'fac929278c0e5ba967802153ba729336', 'to': '6adf97f83acf6453d4a6a4b1070f3754'}, {'createdAt': {'$date': 1693640791000}, 'trackingCode': '520773d7f3541e1d66905320435028e1', 'status': None, 'description': 'ENTRADA', 'trackerType': '202591c2658eb8db7d1c57e1273cd270', 'from': '806a302ab6b943cbfcee4517160a2218', 'to': '6adf97f83acf6453d4a6a4b1070f3754'}, {'createdAt': {'$date': 1693818685000}, 'trackingCode': '520773d7f3541e1d66905320435028e1', 'status': None, 'description': 'EM ROTA', 'trackerType': '202591c2658eb8db7d1c57e1273cd270', 'from': '806a302ab6b943cbfcee4517160a2218', 'to': '6adf97f83acf6453d4a6a4b1070f3754'}]"
U,eee20d023fc87947622ec9e11916b831,1692014961,1693824984,1693824984,"[{'createdAt': {'$date': 1692002385000}, 'trackingCode': '19a4922a7d0d3ad3b6e3ba6d90c67b5c', 'status': None, 'description': 'EMISSAO', 'trackerType': '202591c2658eb8db7d1c57e1273cd270', 'from': '8ba4f62e6284a90cb2404dc23be24d8d', 'to': '6adf97f83acf6453d4a6a4b1070f3754'}, {'createdAt': {'$date': 1692004418000}, 'trackingCode': '19a4922a7d0d3ad3b6e3ba6d90c67b5c', 'status': None, 'description': 'TRANSFERENCIA', 'trackerType': '202591c2658eb8db7d1c57e1273cd270', 'from': '8ba4f62e6284a90cb2404dc23be24d8d', 'to': '6adf97f83acf6453d4a6a4b1070f3754'}, {'createdAt': {'$date': 1692024311000}, 'trackingCode': '19a4922a7d0d3ad3b6e3ba6d90c67b5c', 'status': None, 'description': 'ENTRADA', 'trackerType': '202591c2658eb8db7d1c57e1273cd270', 'from': '84c77d7bc3fb1dd258da3c10bb2f8a27', 'to': '6adf97f83acf6453d4a6a4b1070f3754'}, {'createdAt': {'$date': 1692034521000}, 'trackingCode': '19a4922a7d0d3ad3b6e3ba6d90c67b5c', 'status': None, 'description': 'TRANSFERENCIA', 'trackerType': '202591c2658eb8db7d1c57e1273cd270', 'from': '84c77d7bc3fb1dd258da3c10bb2f8a27', 'to': '6adf97f83acf6453d4a6a4b1070f3754'}, {'createdAt': {'$date': 1692053224000}, 'trackingCode': '19a4922a7d0d3ad3b6e3ba6d90c67b5c', 'status': None, 'description': 'TRANSFERENCIA', 'trackerType': '202591c2658eb8db7d1c57e1273cd270', 'from': '84c77d7bc3fb1dd258da3c10bb2f8a27', 'to': '6adf97f83acf6453d4a6a4b1070f3754'}, {'createdAt': {'$date': 1692053399000}, 'trackingCode': '19a4922a7d0d3ad3b6e3ba6d90c67b5c', 'status': None, 'description': 'TRANSFERENCIA', 'trackerType': '202591c2658eb8db7d1c57e1273cd270', 'from': '84c77d7bc3fb1dd258da3c10bb2f8a27', 'to': '6adf97f83acf6453d4a6a4b1070f3754'}, {'createdAt': {'$date': 1692133618000}, 'trackingCode': '19a4922a7d0d3ad3b6e3ba6d90c67b5c', 'status': None, 'description': 'TRANSFERENCIA', 'trackerType': '202591c2658eb8db7d1c57e1273cd270', 'from': '84c77d7bc3fb1dd258da3c10bb2f8a27', 'to': '6adf97f83acf6453d4a6a4b1070f3754'}, {'createdAt': {'$date': 1692134561000}, 'trackingCode': '19a4922a7d0d3ad3b6e3ba6d90c67b5c', 'status': None, 'description': 'TRANSFERIDO PARA UNIDADE', 'trackerType': '202591c2658eb8db7d1c57e1273cd270', 'from': '84c77d7bc3fb1dd258da3c10bb2f8a27', 'to': '6adf97f83acf6453d4a6a4b1070f3754'}, {'createdAt': {'$date': 1692153668000}, 'trackingCode': '19a4922a7d0d3ad3b6e3ba6d90c67b5c', 'status': None, 'description': 'TRANSFERENCIA', 'trackerType': '202591c2658eb8db7d1c57e1273cd270', 'from': '678eb27519e5bec839ae31ec9455ea1b', 'to': '6adf97f83acf6453d4a6a4b1070f3754'}, {'createdAt': {'$date': 1692199730000}, 'trackingCode': '19a4922a7d0d3ad3b6e3ba6d90c67b5c', 'status': None, 'description': 'ENTRADA', 'trackerType': '202591c2658eb8db7d1c57e1273cd270', 'from': '971e249ca4af90aa0b044735d8fdd59e', 'to': '6adf97f83acf6453d4a6a4b1070f3754'}, {'createdAt': {'$date': 1692205067000}, 'trackingCode': '19a4922a7d0d3ad3b6e3ba6d90c67b5c', 'status': None, 'description': 'TRANSFERENCIA', 'trackerType': '202591c2658eb8db7d1c57e1273cd270', 'from': '971e249ca4af90aa0b044735d8fdd59e', 'to': '6adf97f83acf6453d4a6a4b1070f3754'}, {'createdAt': {'$date': 1692251533000}, 'trackingCode': '19a4922a7d0d3ad3b6e3ba6d90c67b5c', 'status': None, 'description': 'TRANSFERENCIA', 'trackerType': '202591c2658eb8db7d1c57e1273cd270', 'from': '971e249ca4af90aa0b044735d8fdd59e', 'to': '6adf97f83acf6453d4a6a4b1070f3754'}, {'createdAt': {'$date': 1692256392000}, 'trackingCode': '19a4922a7d0d3ad3b6e3ba6d90c67b5c', 'status': None, 'description': 'TRANSFERIDO PARA UNIDADE', 'trackerType': '202591c2658eb8db7d1c57e1273cd270', 'from': '971e249ca4af90aa0b044735d8fdd59e', 'to': '6adf97f83acf6453d4a6a4b1070f3754'}, {'createdAt': {'$date': 1692260337000}, 'trackingCode': '19a4922a7d0d3ad3b6e3ba6d90c67b5c', 'status': None, 'description': 'ENTRADA', 'trackerType': '202591c2658eb8db7d1c57e1273cd270', 'from': '3d689842770ab6d422126c3f0dac13dd', 'to': '6adf97f83acf6453d4a6a4b1070f3754'}, {'createdAt': {'$date': 1692262721000}, 'trackingCode': '19a4922a7d0d3ad3b6e3ba6d90c67b5c', 'status': None, 'description': 'EM ROTA', 'trackerType': '202591c2658eb8db7d1c57e1273cd270', 'from': '3d689842770ab6d422126c3f0dac13dd', 'to': '6adf97f83acf6453d4a6a4b1070f3754'}, {'createdAt': {'$date': 1692270068000}, 'trackingCode': '19a4922a7d0d3ad3b6e3ba6d90c67b5c', 'status': None, 'description': 'ENTREGUE', 'trackerType': '202591c2658eb8db7d1c57e1273cd270', 'from': '3d689842770ab6d422126c3f0dac13dd', 'to': '6adf97f83acf6453d4a6a4b1070f3754'}]"
U,50cf07e5c4da036cb29b6b3b49801d75,1691424873,1693824984,1693824984,"[{'createdAt': {'$date': 1691422014000}, 'trackingCode': '84b4b2dfa253931f30de51ee5bfc7a05', 'status': '01', 'description': 'Objeto postado', 'trackerType': '27bb7dfdbe0de2d482d1c37c3fe5bfe3', 'from': 'b69c96569b6e5a8c40625e15de764e86', 'to': '6adf97f83acf6453d4a6a4b1070f3754'}, {'createdAt': {'$date': 1691425148000}, 'trackingCode': '84b4b2dfa253931f30de51ee5bfc7a05', 'status': '01', 'description': 'Objeto em trânsito - por favor aguarde', 'trackerType': '27bb7dfdbe0de2d482d1c37c3fe5bfe3', 'from': 'b69c96569b6e5a8c40625e15de764e86', 'to': 'a5cca99d677af10d5a3f6e966233f9c9'}, {'createdAt': {'$date': 1691769480000}, 'trackingCode': '84b4b2dfa253931f30de51ee5bfc7a05', 'status': '01', 'description': 'Objeto entregue ao destinatário', 'trackerType': '27bb7dfdbe0de2d482d1c37c3fe5bfe3', 'from': '4b3d5f68ac5da5c517115d949f38a1e0', 'to': '6adf97f83acf6453d4a6a4b1070f3754'}, {'createdAt': {'$date': 1691757883000}, 'trackingCode': '84b4b2dfa253931f30de51ee5bfc7a05', 'status': '01', 'description': 'Objeto saiu para entrega ao destinatário', 'trackerType': '27bb7dfdbe0de2d482d1c37c3fe5bfe3', 'from': '4b3d5f68ac5da5c517115d949f38a1e0', 'to': '6adf97f83acf6453d4a6a4b1070f3754'}, {'createdAt': {'$date': 1691674258000}, 'trackingCode': '84b4b2dfa253931f30de51ee5bfc7a05', 'status': '01', 'description': 'Objeto em trânsito - por favor aguarde', 'trackerType': '27bb7dfdbe0de2d482d1c37c3fe5bfe3', 'from': 'd7fd547a14bcde970e5c0edf83bca3d6', 'to': '4b3d5f68ac5da5c517115d949f38a1e0'}, {'createdAt': {'$date': 1691545324000}, 'trackingCode': '84b4b2dfa253931f30de51ee5bfc7a05', 'status': '01', 'description': 'Objeto em trânsito - por favor aguarde', 'trackerType': '27bb7dfdbe0de2d482d1c37c3fe5bfe3', 'from': 'a5cca99d677af10d5a3f6e966233f9c9', 'to': 'd7fd547a14bcde970e5c0edf83bca3d6'}]"
U,77840b8a7393df976f5e4a7d98b86d20,1692819778,1693824984,1693824984,"[{'createdAt': {'$date': 1692774035000}, 'trackingCode': '27264d1481df24c9a24d4f15093d0d19', 'status': '01', 'description': 'Objeto postado', 'trackerType': '27bb7dfdbe0de2d482d1c37c3fe5bfe3', 'from': 'f0aa1982f61314b9aab258c2f110ebab', 'to': '6adf97f83acf6453d4a6a4b1070f3754'}, {'createdAt': {'$date': 1693254391000}, 'trackingCode': '27264d1481df24c9a24d4f15093d0d19', 'status': '16', 'description': 'Objeto recebido pelos Correios do Brasil', 'trackerType': '27bb7dfdbe0de2d482d1c37c3fe5bfe3', 'from': '44d02c36e6691bb8faacd16784348114', 'to': '6adf97f83acf6453d4a6a4b1070f3754'}, {'createdAt': {'$date': 1693310419000}, 'trackingCode': '27264d1481df24c9a24d4f15093d0d19', 'status': '21', 'description': 'Encaminhado para fiscalização aduaneira', 'trackerType': '27bb7dfdbe0de2d482d1c37c3fe5bfe3', 'from': '44d02c36e6691bb8faacd16784348114', 'to': '6adf97f83acf6453d4a6a4b1070f3754'}, {'createdAt': {'$date': 1693560170000}, 'trackingCode': '27264d1481df24c9a24d4f15093d0d19', 'status': '17', 'description': 'Aguardando pagamento', 'trackerType': '27bb7dfdbe0de2d482d1c37c3fe5bfe3', 'from': '44d02c36e6691bb8faacd16784348114', 'to': '6adf97f83acf6453d4a6a4b1070f3754'}, {'createdAt': {'$date': 1693604187000}, 'trackingCode': '27264d1481df24c9a24d4f15093d0d19', 'status': '26', 'description': 'Destinatário recusou o objeto', 'trackerType': '27bb7dfdbe0de2d482d1c37c3fe5bfe3', 'from': '44d02c36e6691bb8faacd16784348114', 'to': '6adf97f83acf6453d4a6a4b1070f3754'}]"
U,8a5fcfa8bee987ff15852ee76f006abb,1693273960,1693824984,1693824984,"[{'createdAt': {'$date': 1693020016000}, 'trackingCode': 'd8a3b28ca1babc4fb1ee454fcfab19c7', 'status': '17', 'description': 'Aguardando pagamento', 'trackerType': '27bb7dfdbe0de2d482d1c37c3fe5bfe3', 'from': '44d02c36e6691bb8faacd16784348114', 'to': '6adf97f83acf6453d4a6a4b1070f3754'}, {'createdAt': {'$date': 1692869433000}, 'trackingCode': 'd8a3b28ca1babc4fb1ee454fcfab19c7', 'status': '21', 'description': 'Encaminhado para fiscalização aduaneira', 'trackerType': '27bb7dfdbe0de2d482d1c37c3fe5bfe3', 'from': '44d02c36e6691bb8faacd16784348114', 'to': '6adf97f83acf6453d4a6a4b1070f3754'}, {'createdAt': {'$date': 1692840025000}, 'trackingCode': 'd8a3b28ca1babc4fb1ee454fcfab19c7', 'status': '16', 'description': 'Objeto recebido pelos Correios do Brasil', 'trackerType': '27bb7dfdbe0de2d482d1c37c3fe5bfe3', 'from': '44d02c36e6691bb8faacd16784348114', 'to': '6adf97f83acf6453d4a6a4b1070f3754'}, {'createdAt': {'$date': 1692426561000}, 'trackingCode': 'd8a3b28ca1babc4fb1ee454fcfab19c7', 'status': '01', 'description': 'Objeto postado', 'trackerType': '27bb7dfdbe0de2d482d1c37c3fe5bfe3', 'from': 'f0aa1982f61314b9aab258c2f110ebab', 'to': '6adf97f83acf6453d4a6a4b1070f3754'}, {'createdAt': {'$date': 1693287626000}, 'trackingCode': 'd8a3b28ca1babc4fb1ee454fcfab19c7', 'status': '31', 'description': 'Pagamento confirmado', 'trackerType': '27bb7dfdbe0de2d482d1c37c3fe5bfe3', 'from': '44d02c36e6691bb8faacd16784348114', 'to': '6adf97f83acf6453d4a6a4b1070f3754'}]"
U,14f6198468cd1fc33041046c701d9d89,1690201748,1693824984,1693824984,"[{'createdAt': {'$date': 1690199946000}, 'trackingCode': '652dd087693bca6bb7ab70a85363ede1', 'status': None, 'description': 'EMISSAO', 'trackerType': '202591c2658eb8db7d1c57e1273cd270', 'from': '82db4b23e3e6f091cc755a314fb0b0dd', 'to': '6adf97f83acf6453d4a6a4b1070f3754'}, {'createdAt': {'$date': 1690200509000}, 'trackingCode': '652dd087693bca6bb7ab70a85363ede1', 'status': None, 'description': 'TRANSFERENCIA', 'trackerType': '202591c2658eb8db7d1c57e1273cd270', 'from': '82db4b23e3e6f091cc755a314fb0b0dd', 'to': '6adf97f83acf6453d4a6a4b1070f3754'}, {'createdAt': {'$date': 1690238286000}, 'trackingCode': '652dd087693bca6bb7ab70a85363ede1', 'status': None, 'description': 'ENTRADA', 'trackerType': '202591c2658eb8db7d1c57e1273cd270', 'from': '971e249ca4af90aa0b044735d8fdd59e', 'to': '6adf97f83acf6453d4a6a4b1070f3754'}, {'createdAt': {'$date': 1690242365000}, 'trackingCode': '652dd087693bca6bb7ab70a85363ede1', 'status': None, 'description': 'TRANSFERENCIA', 'trackerType': '202591c2658eb8db7d1c57e1273cd270', 'from': '971e249ca4af90aa0b044735d8fdd59e', 'to': '6adf97f83acf6453d4a6a4b1070f3754'}, {'createdAt': {'$date': 1690257239000}, 'trackingCode': '652dd087693bca6bb7ab70a85363ede1', 'status': None, 'description': 'TRANSFERENCIA', 'trackerType': '202591c2658eb8db7d1c57e1273cd270', 'from': '971e249ca4af90aa0b044735d8fdd59e', 'to': '6adf97f83acf6453d4a6a4b1070f3754'}, {'createdAt': {'$date': 1690281716000}, 'trackingCode': '652dd087693bca6bb7ab70a85363ede1', 'status': None, 'description': 'TRANSFERIDO PARA UNIDADE', 'trackerType': '202591c2658eb8db7d1c57e1273cd270', 'from': '971e249ca4af90aa0b044735d8fdd59e', 'to': '6adf97f83acf6453d4a6a4b1070f3754'}, {'createdAt': {'$date': 1690283929000}, 'trackingCode': '652dd087693bca6bb7ab70a85363ede1', 'status': None, 'description': 'ENTRADA', 'trackerType': '202591c2658eb8db7d1c57e1273cd270', 'from': '7726fb216dd93feded54b574d013ea24', 'to': '6adf97f83acf6453d4a6a4b1070f3754'}, {'createdAt': {'$date': 1690308835000}, 'trackingCode': '652dd087693bca6bb7ab70a85363ede1', 'status': None, 'description': 'EM ROTA', 'trackerType': '202591c2658eb8db7d1c57e1273cd270', 'from': '7726fb216dd93feded54b574d013ea24', 'to': '6adf97f83acf6453d4a6a4b1070f3754'}, {'createdAt': {'$date': 1690364245000}, 'trackingCode': '652dd087693bca6bb7ab70a85363ede1', 'status': None, 'description': 'ENTREGUE', 'trackerType': '202591c2658eb8db7d1c57e1273cd270', 'from': '7726fb216dd93feded54b574d013ea24', 'to': '6adf97f83acf6453d4a6a4b1070f3754'}]"
U,ea545af91cd733a5f287ac5656d9906e,1693104899,1693824984,1693824984,"[{'createdAt': {'$date': 1692978212000}, 'trackingCode': '0ce38c92063ace0c0c4dc02cf5c16c15', 'status': '102', 'description': 'Informação do Envio enviado à Azul Cargo Express (CT-e emitido)\t', 'trackerType': '3b24fa7e14555a1912e5bc2198f8e075', 'from': 'd1b9206e3f91e5d6ccbb27d38319f19a', 'to': '6adf97f83acf6453d4a6a4b1070f3754'}, {'createdAt': {'$date': 1693008368000}, 'trackingCode': '0ce38c92063ace0c0c4dc02cf5c16c15', 'status': '104', 'description': 'Deixou a unidade Azul Cargo Express\t', 'trackerType': '3b24fa7e14555a1912e5bc2198f8e075', 'from': 'd1b9206e3f91e5d6ccbb27d38319f19a', 'to': '6adf97f83acf6453d4a6a4b1070f3754'}, {'createdAt': {'$date': 1693008371000}, 'trackingCode': '0ce38c92063ace0c0c4dc02cf5c16c15', 'status': '134', 'description': 'Saída do voo\t', 'trackerType': '3b24fa7e14555a1912e5bc2198f8e075', 'from': 'd1b9206e3f91e5d6ccbb27d38319f19a', 'to': '6adf97f83acf6453d4a6a4b1070f3754'}, {'createdAt': {'$date': 1693047840000}, 'trackingCode': '0ce38c92063ace0c0c4dc02cf5c16c15', 'status': '137', 'description': 'Chegada do voo\t', 'trackerType': '3b24fa7e14555a1912e5bc2198f8e075', 'from': '1eaad630b48b36d5fc32e235aead1633', 'to': '6adf97f83acf6453d4a6a4b1070f3754'}, {'createdAt': {'$date': 1693090072000}, 'trackingCode': '0ce38c92063ace0c0c4dc02cf5c16c15', 'status': '104', 'description': 'Deixou a unidade Azul Cargo Express\t', 'trackerType': '3b24fa7e14555a1912e5bc2198f8e075', 'from': '1eaad630b48b36d5fc32e235aead1633', 'to': '6adf97f83acf6453d4a6a4b1070f3754'}, {'createdAt': {'$date': 1693090074000}, 'trackingCode': '0ce38c92063ace0c0c4dc02cf5c16c15', 'status': '134', 'description': 'Saída do voo\t', 'trackerType': '3b24fa7e14555a1912e5bc2198f8e075', 'from': '1eaad630b48b36d5fc32e235aead1633', 'to': '6adf97f83acf6453d4a6a4b1070f3754'}, {'createdAt': {'$date': 1693090140000}, 'trackingCode': '0ce38c92063ace0c0c4dc02cf5c16c15', 'status': '137', 'description': 'Chegada do voo\t', 'trackerType': '3b24fa7e14555a1912e5bc2198f8e075', 'from': 'ed76a10a3cebcbb50cb43e29677dcd26', 'to': '6adf97f83acf6453d4a6a4b1070f3754'}, {'createdAt': {'$date': 1693090140000}, 'trackingCode': '0ce38c92063ace0c0c4dc02cf5c16c15', 'status': '137', 'description': 'Chegada do voo\t', 'trackerType': '3b24fa7e14555a1912e5bc2198f8e075', 'from': 'ed76a10a3cebcbb50cb43e29677dcd26', 'to': '6adf97f83acf6453d4a6a4b1070f3754'}, {'createdAt': {'$date': 1693092180000}, 'trackingCode': '0ce38c92063ace0c0c4dc02cf5c16c15', 'status': '137', 'description': 'Chegada do voo\t', 'trackerType': '3b24fa7e14555a1912e5bc2198f8e075', 'from': 'ed76a10a3cebcbb50cb43e29677dcd26', 'to': '6adf97f83acf6453d4a6a4b1070f3754'}, {'createdAt': {'$date': 1693092180000}, 'trackingCode': '0ce38c92063ace0c0c4dc02cf5c16c15', 'status': '137', 'description': 'Chegada do voo\t', 'trackerType': '3b24fa7e14555a1912e5bc2198f8e075', 'from': 'ed76a10a3cebcbb50cb43e29677dcd26', 'to': '6adf97f83acf6453d4a6a4b1070f3754'}, {'createdAt': {'$date': 1693158323000}, 'trackingCode': '0ce38c92063ace0c0c4dc02cf5c16c15', 'status': '142', 'description': 'Embarque no veículo para transferência ou em rota para entrega', 'trackerType': '3b24fa7e14555a1912e5bc2198f8e075', 'from': 'ed76a10a3cebcbb50cb43e29677dcd26', 'to': '6adf97f83acf6453d4a6a4b1070f3754'}, {'createdAt': {'$date': 1693158323000}, 'trackingCode': '0ce38c92063ace0c0c4dc02cf5c16c15', 'status': '133', 'description': 'Saida Do Veiculo', 'trackerType': '3b24fa7e14555a1912e5bc2198f8e075', 'from': 'ed76a10a3cebcbb50cb43e29677dcd26', 'to': '6adf97f83acf6453d4a6a4b1070f3754'}, {'createdAt': {'$date': 1693183680000}, 'trackingCode': '0ce38c92063ace0c0c4dc02cf5c16c15', 'status': '136', 'description': 'Chegou na Unidade Azul Cargo Express\t', 'trackerType': '3b24fa7e14555a1912e5bc2198f8e075', 'from': 'b73528dbbacc37f0a08ef3eac43029bc', 'to': '6adf97f83acf6453d4a6a4b1070f3754'}, {'createdAt': {'$date': 1693183680000}, 'trackingCode': '0ce38c92063ace0c0c4dc02cf5c16c15', 'status': '136', 'description': 'Chegou na Unidade Azul Cargo Express\t', 'trackerType': '3b24fa7e14555a1912e5bc2198f8e075', 'from': 'b73528dbbacc37f0a08ef3eac43029bc', 'to': '6adf97f83acf6453d4a6a4b1070f3754'}, {'createdAt': {'$date': 1693465533000}, 'trackingCode': '0ce38c92063ace0c0c4dc02cf5c16c15', 'status': '104', 'description': 'Deixou a unidade Azul Cargo Express\t', 'trackerType': '3b24fa7e14555a1912e5bc2198f8e075', 'from': 'b73528dbbacc37f0a08ef3eac43029bc', 'to': '6adf97f83acf6453d4a6a4b1070f3754'}, {'createdAt': {'$date': 1693465915000}, 'trackingCode': '0ce38c92063ace0c0c4dc02cf5c16c15', 'status': '133', 'description': 'Saida Do Veiculo', 'trackerType': '3b24fa7e14555a1912e5bc2198f8e075', 'from': 'b73528dbbacc37f0a08ef3eac43029bc', 'to': '6adf97f83acf6453d4a6a4b1070f3754'}, {'createdAt': {'$date': 1693475834000}, 'trackingCode': '0ce38c92063ace0c0c4dc02cf5c16c15', 'status': '01', 'description': 'Remessa entregue', 'trackerType': '3b24fa7e14555a1912e5bc2198f8e075', 'from': '6adf97f83acf6453d4a6a4b1070f3754', 'to': '6adf97f83acf6453d4a6a4b1070f3754'}]"
U,4a6cc44a6084c56e9b2432a554e4d63d,1693759758,1693824984,1693824984,"[{'createdAt': {'$date': 1693548409000}, 'trackingCode': '3e0d2969b45ed18fb45bc51be4dfe5d9', 'status': '01', 'description': 'Objeto em trânsito - por favor aguarde', 'trackerType': '27bb7dfdbe0de2d482d1c37c3fe5bfe3', 'from': 'e0e884b320d7340e331862ed6772b798', 'to': '6f511ed184a39b4104da6ef56b070338'}, {'createdAt': {'$date': 1693465538000}, 'trackingCode': '3e0d2969b45ed18fb45bc51be4dfe5d9', 'status': '01', 'description': 'Objeto em trânsito - por favor aguarde', 'trackerType': '27bb7dfdbe0de2d482d1c37c3fe5bfe3', 'from': '44d02c36e6691bb8faacd16784348114', 'to': 'e0e884b320d7340e331862ed6772b798'}, {'createdAt': {'$date': 1693465537000}, 'trackingCode': '3e0d2969b45ed18fb45bc51be4dfe5d9', 'status': '10', 'description': 'Fiscalização aduaneira finalizada', 'trackerType': '27bb7dfdbe0de2d482d1c37c3fe5bfe3', 'from': '44d02c36e6691bb8faacd16784348114', 'to': '6adf97f83acf6453d4a6a4b1070f3754'}, {'createdAt': {'$date': 1693461816000}, 'trackingCode': '3e0d2969b45ed18fb45bc51be4dfe5d9', 'status': '16', 'description': 'Objeto recebido pelos Correios do Brasil', 'trackerType': '27bb7dfdbe0de2d482d1c37c3fe5bfe3', 'from': '44d02c36e6691bb8faacd16784348114', 'to': '6adf97f83acf6453d4a6a4b1070f3754'}, {'createdAt': {'$date': 1693183167000}, 'trackingCode': '3e0d2969b45ed18fb45bc51be4dfe5d9', 'status': '01', 'description': 'Objeto postado', 'trackerType': '27bb7dfdbe0de2d482d1c37c3fe5bfe3', 'from': 'f0aa1982f61314b9aab258c2f110ebab', 'to': '6adf97f83acf6453d4a6a4b1070f3754'}]"
U,0b853c3b240bf363c1640b4794989e23,1690216189,1693824984,1693824984,"[{'createdAt': {'$date': 1690212420000}, 'trackingCode': 'f9d43098b9d2e80c88df6fc3746b4948', 'status': '102', 'description': 'Informação do Envio enviado à Azul Cargo Express (CT-e emitido)\t', 'trackerType': '3b24fa7e14555a1912e5bc2198f8e075', 'from': 'db12f8b3c78158e431fc3a24fdac33fe', 'to': '6adf97f83acf6453d4a6a4b1070f3754'}, {'createdAt': {'$date': 1690223988000}, 'trackingCode': 'f9d43098b9d2e80c88df6fc3746b4948', 'status': '142', 'description': 'Embarque no veículo para transferência ou em rota para entrega', 'trackerType': '3b24fa7e14555a1912e5bc2198f8e075', 'from': 'db12f8b3c78158e431fc3a24fdac33fe', 'to': '6adf97f83acf6453d4a6a4b1070f3754'}, {'createdAt': {'$date': 1690223988000}, 'trackingCode': 'f9d43098b9d2e80c88df6fc3746b4948', 'status': '133', 'description': 'Saida Do Veiculo', 'trackerType': '3b24fa7e14555a1912e5bc2198f8e075', 'from': 'db12f8b3c78158e431fc3a24fdac33fe', 'to': '6adf97f83acf6453d4a6a4b1070f3754'}, {'createdAt': {'$date': 1690227900000}, 'trackingCode': 'f9d43098b9d2e80c88df6fc3746b4948', 'status': '136', 'description': 'Chegou na Unidade Azul Cargo Express\t', 'trackerType': '3b24fa7e14555a1912e5bc2198f8e075', 'from': 'dd5ab68e8a28e8286653b47eb785b5bb', 'to': '6adf97f83acf6453d4a6a4b1070f3754'}, {'createdAt': {'$date': 1690302120000}, 'trackingCode': 'f9d43098b9d2e80c88df6fc3746b4948', 'status': '137', 'description': 'Chegada do voo\t', 'trackerType': '3b24fa7e14555a1912e5bc2198f8e075', 'from': '89cb1e2fcbb5b49ca53cf4157f671587', 'to': '6adf97f83acf6453d4a6a4b1070f3754'}, {'createdAt': {'$date': 1690365306000}, 'trackingCode': 'f9d43098b9d2e80c88df6fc3746b4948', 'status': '104', 'description': 'Deixou a unidade Azul Cargo Express\t', 'trackerType': '3b24fa7e14555a1912e5bc2198f8e075', 'from': '89cb1e2fcbb5b49ca53cf4157f671587', 'to': '6adf97f83acf6453d4a6a4b1070f3754'}, {'createdAt': {'$date': 1690365315000}, 'trackingCode': 'f9d43098b9d2e80c88df6fc3746b4948', 'status': '134', 'description': 'Saída do voo\t', 'trackerType': '3b24fa7e14555a1912e5bc2198f8e075', 'from': '89cb1e2fcbb5b49ca53cf4157f671587', 'to': '6adf97f83acf6453d4a6a4b1070f3754'}, {'createdAt': {'$date': 1690369020000}, 'trackingCode': 'f9d43098b9d2e80c88df6fc3746b4948', 'status': '137', 'description': 'Chegada do voo\t', 'trackerType': '3b24fa7e14555a1912e5bc2198f8e075', 'from': '993b16c4ca8094754ff69cda79cdd40e', 'to': '6adf97f83acf6453d4a6a4b1070f3754'}, {'createdAt': {'$date': 1690369237000}, 'trackingCode': 'f9d43098b9d2e80c88df6fc3746b4948', 'status': '104', 'description': 'Deixou a unidade Azul Cargo Express\t', 'trackerType': '3b24fa7e14555a1912e5bc2198f8e075', 'from': '993b16c4ca8094754ff69cda79cdd40e', 'to': '6adf97f83acf6453d4a6a4b1070f3754'}, {'createdAt': {'$date': 1690369358000}, 'trackingCode': 'f9d43098b9d2e80c88df6fc3746b4948', 'status': '133', 'description': 'Saida Do Veiculo', 'trackerType': '3b24fa7e14555a1912e5bc2198f8e075', 'from': '993b16c4ca8094754ff69cda79cdd40e', 'to': '6adf97f83acf6453d4a6a4b1070f3754'}, {'createdAt': {'$date': 1690389755000}, 'trackingCode': 'f9d43098b9d2e80c88df6fc3746b4948', 'status': '01', 'description': 'Remessa entregue', 'trackerType': '3b24fa7e14555a1912e5bc2198f8e075', 'from': '6adf97f83acf6453d4a6a4b1070f3754', 'to': '6adf97f83acf6453d4a6a4b1070f3754'}]"
U,47f8be58045ce2f5c3aa41802a314f49,1692460508,1693824984,1693824984,"[{'createdAt': {'$date': 1692460473000}, 'trackingCode': '24e87143c7feed0562888d5f5f354efa', 'status': '1', 'description': 'Arquivo Recebido', 'trackerType': '560eb3b8655c97fabfc9af244772eeed', 'from': '00b3b4cf5963f6f90fec5ede31857e76', 'to': '6adf97f83acf6453d4a6a4b1070f3754'}, {'createdAt': {'$date': 1692777150000}, 'trackingCode': '24e87143c7feed0562888d5f5f354efa', 'status': '2', 'description': 'Recebido pela transportadora', 'trackerType': '560eb3b8655c97fabfc9af244772eeed', 'from': '23f9a10d30b3af5a77131dcdc4f38c7d', 'to': '6adf97f83acf6453d4a6a4b1070f3754'}, {'createdAt': {'$date': 1692778744000}, 'trackingCode': '24e87143c7feed0562888d5f5f354efa', 'status': '34', 'description': 'CT-e autorizado', 'trackerType': '560eb3b8655c97fabfc9af244772eeed', 'from': '23f9a10d30b3af5a77131dcdc4f38c7d', 'to': '6adf97f83acf6453d4a6a4b1070f3754'}, {'createdAt': {'$date': 1692836989000}, 'trackingCode': '24e87143c7feed0562888d5f5f354efa', 'status': '14', 'description': 'Em Transferência', 'trackerType': '560eb3b8655c97fabfc9af244772eeed', 'from': '23f9a10d30b3af5a77131dcdc4f38c7d', 'to': '6adf97f83acf6453d4a6a4b1070f3754'}, {'createdAt': {'$date': 1692862673000}, 'trackingCode': '24e87143c7feed0562888d5f5f354efa', 'status': '15', 'description': 'Transferido', 'trackerType': '560eb3b8655c97fabfc9af244772eeed', 'from': '00b3b4cf5963f6f90fec5ede31857e76', 'to': '6adf97f83acf6453d4a6a4b1070f3754'}, {'createdAt': {'$date': 1692867510000}, 'trackingCode': '24e87143c7feed0562888d5f5f354efa', 'status': '4', 'description': 'Em Rota', 'trackerType': '560eb3b8655c97fabfc9af244772eeed', 'from': '00b3b4cf5963f6f90fec5ede31857e76', 'to': '6adf97f83acf6453d4a6a4b1070f3754'}, {'createdAt': {'$date': 1692865442000}, 'trackingCode': '24e87143c7feed0562888d5f5f354efa', 'status': '3', 'description': 'Geração de lista', 'trackerType': '560eb3b8655c97fabfc9af244772eeed', 'from': '00b3b4cf5963f6f90fec5ede31857e76', 'to': '6adf97f83acf6453d4a6a4b1070f3754'}, {'createdAt': {'$date': 1692887668000}, 'trackingCode': '24e87143c7feed0562888d5f5f354efa', 'status': '6', 'description': 'Entregue', 'trackerType': '560eb3b8655c97fabfc9af244772eeed', 'from': '00b3b4cf5963f6f90fec5ede31857e76', 'to': '6adf97f83acf6453d4a6a4b1070f3754'}, {'createdAt': {'$date': 1692887608000}, 'trackingCode': '24e87143c7feed0562888d5f5f354efa', 'status': '5', 'description': 'A caminho do destinatário', 'trackerType': '560eb3b8655c97fabfc9af244772eeed', 'from': '00b3b4cf5963f6f90fec5ede31857e76', 'to': '6adf97f83acf6453d4a6a4b1070f3754'}]"
U,a20f486faa72861cd676f1bc4b5efd96,1689872404,1693824984,1693824984,"[{'createdAt': {'$date': 1689385819000}, 'trackingCode': '3a2a7658fd755801205099fe58c4f3d9', 'status': '01', 'description': 'Objeto postado', 'trackerType': '27bb7dfdbe0de2d482d1c37c3fe5bfe3', 'from': 'f0aa1982f61314b9aab258c2f110ebab', 'to': '6adf97f83acf6453d4a6a4b1070f3754'}, {'createdAt': {'$date': 1689890765000}, 'trackingCode': '3a2a7658fd755801205099fe58c4f3d9', 'status': '16', 'description': 'Objeto recebido pelos Correios do Brasil', 'trackerType': '27bb7dfdbe0de2d482d1c37c3fe5bfe3', 'from': '44d02c36e6691bb8faacd16784348114', 'to': '6adf97f83acf6453d4a6a4b1070f3754'}, {'createdAt': {'$date': 1690327959000}, 'trackingCode': '3a2a7658fd755801205099fe58c4f3d9', 'status': '01', 'description': 'Objeto em trânsito - por favor aguarde', 'trackerType': '27bb7dfdbe0de2d482d1c37c3fe5bfe3', 'from': '44d02c36e6691bb8faacd16784348114', 'to': 'e0e884b320d7340e331862ed6772b798'}, {'createdAt': {'$date': 1690327958000}, 'trackingCode': '3a2a7658fd755801205099fe58c4f3d9', 'status': '10', 'description': 'Fiscalização aduaneira finalizada', 'trackerType': '27bb7dfdbe0de2d482d1c37c3fe5bfe3', 'from': '44d02c36e6691bb8faacd16784348114', 'to': '6adf97f83acf6453d4a6a4b1070f3754'}, {'createdAt': {'$date': 1690921273000}, 'trackingCode': '3a2a7658fd755801205099fe58c4f3d9', 'status': '01', 'description': 'Objeto em trânsito - por favor aguarde', 'trackerType': '27bb7dfdbe0de2d482d1c37c3fe5bfe3', 'from': 'a757092f093878f4aac4abe0c0c4746e', 'to': '671f4ee5a54afcc16a966d301b49ed0a'}, {'createdAt': {'$date': 1691778090000}, 'trackingCode': '3a2a7658fd755801205099fe58c4f3d9', 'status': '01', 'description': 'Objeto em trânsito - por favor aguarde', 'trackerType': '27bb7dfdbe0de2d482d1c37c3fe5bfe3', 'from': '671f4ee5a54afcc16a966d301b49ed0a', 'to': '3e70d6e16c8b411cff92c75ccf75627a'}, {'createdAt': {'$date': 1692011144000}, 'trackingCode': '3a2a7658fd755801205099fe58c4f3d9', 'status': '01', 'description': 'Objeto saiu para entrega ao destinatário', 'trackerType': '27bb7dfdbe0de2d482d1c37c3fe5bfe3', 'from': '3e70d6e16c8b411cff92c75ccf75627a', 'to': '6adf97f83acf6453d4a6a4b1070f3754'}, {'createdAt': {'$date': 1692029223000}, 'trackingCode': '3a2a7658fd755801205099fe58c4f3d9', 'status': '01', 'description': 'Objeto entregue ao destinatário', 'trackerType': '27bb7dfdbe0de2d482d1c37c3fe5bfe3', 'from': '3e70d6e16c8b411cff92c75ccf75627a', 'to': '6adf97f83acf6453d4a6a4b1070f3754'}]"
U,402bfcc7b7a1334307765832804381e3,1692345424,1693824984,1693824984,"[{'createdAt': {'$date': 1692011469000}, 'trackingCode': '144d7b6fa062a6d877842116f39ddca7', 'status': '01', 'description': 'Objeto postado', 'trackerType': '27bb7dfdbe0de2d482d1c37c3fe5bfe3', 'from': 'f0aa1982f61314b9aab258c2f110ebab', 'to': '6adf97f83acf6453d4a6a4b1070f3754'}, {'createdAt': {'$date': 1692616789000}, 'trackingCode': '144d7b6fa062a6d877842116f39ddca7', 'status': '16', 'description': 'Objeto recebido pelos Correios do Brasil', 'trackerType': '27bb7dfdbe0de2d482d1c37c3fe5bfe3', 'from': '44d02c36e6691bb8faacd16784348114', 'to': '6adf97f83acf6453d4a6a4b1070f3754'}, {'createdAt': {'$date': 1692718519000}, 'trackingCode': '144d7b6fa062a6d877842116f39ddca7', 'status': '01', 'description': 'Objeto em trânsito - por favor aguarde', 'trackerType': '27bb7dfdbe0de2d482d1c37c3fe5bfe3', 'from': '44d02c36e6691bb8faacd16784348114', 'to': 'a757092f093878f4aac4abe0c0c4746e'}, {'createdAt': {'$date': 1692718518000}, 'trackingCode': '144d7b6fa062a6d877842116f39ddca7', 'status': '10', 'description': 'Fiscalização aduaneira finalizada', 'trackerType': '27bb7dfdbe0de2d482d1c37c3fe5bfe3', 'from': '44d02c36e6691bb8faacd16784348114', 'to': '6adf97f83acf6453d4a6a4b1070f3754'}, {'createdAt': {'$date': 1692801163000}, 'trackingCode': '144d7b6fa062a6d877842116f39ddca7', 'status': '01', 'description': 'Objeto em trânsito - por favor aguarde', 'trackerType': '27bb7dfdbe0de2d482d1c37c3fe5bfe3', 'from': 'a757092f093878f4aac4abe0c0c4746e', 'to': '525717afaa49210de79d91fe3e1ca48c'}, {'createdAt': {'$date': 1693352377000}, 'trackingCode': '144d7b6fa062a6d877842116f39ddca7', 'status': '01', 'description': 'Objeto em trânsito - por favor aguarde', 'trackerType': '27bb7dfdbe0de2d482d1c37c3fe5bfe3', 'from': '525717afaa49210de79d91fe3e1ca48c', 'to': '354185b5ba3f612bfde6d2b0cd201f52'}]"
U,7614ea1897e69309e148d4678c4b3022,1693252092,1693824984,1693824984,"[{'createdAt': {'$date': 1692942044000}, 'trackingCode': '31d2e8fe0ad4f629d1f7625b78e8cb1e', 'status': '01', 'description': 'Objeto postado', 'trackerType': '27bb7dfdbe0de2d482d1c37c3fe5bfe3', 'from': 'f0aa1982f61314b9aab258c2f110ebab', 'to': '6adf97f83acf6453d4a6a4b1070f3754'}, {'createdAt': {'$date': 1693663931000}, 'trackingCode': '31d2e8fe0ad4f629d1f7625b78e8cb1e', 'status': '16', 'description': 'Objeto recebido pelos Correios do Brasil', 'trackerType': '27bb7dfdbe0de2d482d1c37c3fe5bfe3', 'from': '44d02c36e6691bb8faacd16784348114', 'to': '6adf97f83acf6453d4a6a4b1070f3754'}, {'createdAt': {'$date': 1693728040000}, 'trackingCode': '31d2e8fe0ad4f629d1f7625b78e8cb1e', 'status': '01', 'description': 'Objeto em trânsito - por favor aguarde', 'trackerType': '27bb7dfdbe0de2d482d1c37c3fe5bfe3', 'from': '44d02c36e6691bb8faacd16784348114', 'to': 'e0e884b320d7340e331862ed6772b798'}, {'createdAt': {'$date': 1693728039000}, 'trackingCode': '31d2e8fe0ad4f629d1f7625b78e8cb1e', 'status': '10', 'description': 'Fiscalização aduaneira finalizada', 'trackerType': '27bb7dfdbe0de2d482d1c37c3fe5bfe3', 'from': '44d02c36e6691bb8faacd16784348114', 'to': '6adf97f83acf6453d4a6a4b1070f3754'}]"
U,c1b249231b1f2a41b1e0b2d203fee792,1691607683,1693824984,1693824984,"[{'createdAt': {'$date': 1691597508000}, 'trackingCode': '191c358d3794933d5813dbe3696e5791', 'status': None, 'description': 'EMISSAO', 'trackerType': '202591c2658eb8db7d1c57e1273cd270', 'from': '6f6c53ba8b9a92fce00f6c0c6832aad3', 'to': '6adf97f83acf6453d4a6a4b1070f3754'}, {'createdAt': {'$date': 1691603954000}, 'trackingCode': '191c358d3794933d5813dbe3696e5791', 'status': None, 'description': 'TRANSFERENCIA', 'trackerType': '202591c2658eb8db7d1c57e1273cd270', 'from': '6f6c53ba8b9a92fce00f6c0c6832aad3', 'to': '6adf97f83acf6453d4a6a4b1070f3754'}, {'createdAt': {'$date': 1691685401000}, 'trackingCode': '191c358d3794933d5813dbe3696e5791', 'status': None, 'description': 'TRANSFERENCIA', 'trackerType': '202591c2658eb8db7d1c57e1273cd270', 'from': '6f6c53ba8b9a92fce00f6c0c6832aad3', 'to': '6adf97f83acf6453d4a6a4b1070f3754'}, {'createdAt': {'$date': 1691685532000}, 'trackingCode': '191c358d3794933d5813dbe3696e5791', 'status': None, 'description': 'TRANSFERENCIA', 'trackerType': '202591c2658eb8db7d1c57e1273cd270', 'from': '6f6c53ba8b9a92fce00f6c0c6832aad3', 'to': '6adf97f83acf6453d4a6a4b1070f3754'}, {'createdAt': {'$date': 1691690676000}, 'trackingCode': '191c358d3794933d5813dbe3696e5791', 'status': None, 'description': 'ENTRADA', 'trackerType': '202591c2658eb8db7d1c57e1273cd270', 'from': 'fac929278c0e5ba967802153ba729336', 'to': '6adf97f83acf6453d4a6a4b1070f3754'}, {'createdAt': {'$date': 1691728091000}, 'trackingCode': '191c358d3794933d5813dbe3696e5791', 'status': None, 'description': 'TRANSFERENCIA', 'trackerType': '202591c2658eb8db7d1c57e1273cd270', 'from': 'e81f9b321e898f638477f1f13bf81c38', 'to': '6adf97f83acf6453d4a6a4b1070f3754'}, {'createdAt': {'$date': 1691732920000}, 'trackingCode': '191c358d3794933d5813dbe3696e5791', 'status': None, 'description': 'TRANSFERENCIA', 'trackerType': '202591c2658eb8db7d1c57e1273cd270', 'from': 'fac929278c0e5ba967802153ba729336', 'to': '6adf97f83acf6453d4a6a4b1070f3754'}, {'createdAt': {'$date': 1691747355000}, 'trackingCode': '191c358d3794933d5813dbe3696e5791', 'status': None, 'description': 'TRANSFERIDO PARA UNIDADE', 'trackerType': '202591c2658eb8db7d1c57e1273cd270', 'from': 'bb06c77b0bda796758fb2d30ec897c06', 'to': '6adf97f83acf6453d4a6a4b1070f3754'}, {'createdAt': {'$date': 1691750870000}, 'trackingCode': '191c358d3794933d5813dbe3696e5791', 'status': None, 'description': 'ENTRADA', 'trackerType': '202591c2658eb8db7d1c57e1273cd270', 'from': 'd0d4867c14cd6025ef8e1325ad267599', 'to': '6adf97f83acf6453d4a6a4b1070f3754'}, {'createdAt': {'$date': 1691751941000}, 'trackingCode': '191c358d3794933d5813dbe3696e5791', 'status': None, 'description': 'EM ROTA', 'trackerType': '202591c2658eb8db7d1c57e1273cd270', 'from': 'd0d4867c14cd6025ef8e1325ad267599', 'to': '6adf97f83acf6453d4a6a4b1070f3754'}, {'createdAt': {'$date': 1691757315000}, 'trackingCode': '191c358d3794933d5813dbe3696e5791', 'status': None, 'description': 'ENTREGUE', 'trackerType': '202591c2658eb8db7d1c57e1273cd270', 'from': 'd0d4867c14cd6025ef8e1325ad267599', 'to': '6adf97f83acf6453d4a6a4b1070f3754'}]"
U,93f719fd7768ef3153a42e932114e952,1692730290,1693824984,1693824984,"[{'createdAt': {'$date': 1692719355000}, 'trackingCode': '589087abdedc91f06be93dd5ce36ddd4', 'status': '102', 'description': 'Informação do Envio enviado à Azul Cargo Express (CT-e emitido)\t', 'trackerType': '3b24fa7e14555a1912e5bc2198f8e075', 'from': 'ae1ff6dfb801936ed19c8295a92cdacc', 'to': '6adf97f83acf6453d4a6a4b1070f3754'}, {'createdAt': {'$date': 1692727257000}, 'trackingCode': '589087abdedc91f06be93dd5ce36ddd4', 'status': '142', 'description': 'Embarque no veículo para transferência ou em rota para entrega', 'trackerType': '3b24fa7e14555a1912e5bc2198f8e075', 'from': 'ae1ff6dfb801936ed19c8295a92cdacc', 'to': '6adf97f83acf6453d4a6a4b1070f3754'}, {'createdAt': {'$date': 1692727278000}, 'trackingCode': '589087abdedc91f06be93dd5ce36ddd4', 'status': '133', 'description': 'Saida Do Veiculo', 'trackerType': '3b24fa7e14555a1912e5bc2198f8e075', 'from': 'ae1ff6dfb801936ed19c8295a92cdacc', 'to': '6adf97f83acf6453d4a6a4b1070f3754'}, {'createdAt': {'$date': 1692781140000}, 'trackingCode': '589087abdedc91f06be93dd5ce36ddd4', 'status': '136', 'description': 'Chegou na Unidade Azul Cargo Express\t', 'trackerType': '3b24fa7e14555a1912e5bc2198f8e075', 'from': '83979d96a4029e1bbf9a6f507d8681cb', 'to': '6adf97f83acf6453d4a6a4b1070f3754'}, {'createdAt': {'$date': 1692857742000}, 'trackingCode': '589087abdedc91f06be93dd5ce36ddd4', 'status': '104', 'description': 'Deixou a unidade Azul Cargo Express\t', 'trackerType': '3b24fa7e14555a1912e5bc2198f8e075', 'from': '83979d96a4029e1bbf9a6f507d8681cb', 'to': '6adf97f83acf6453d4a6a4b1070f3754'}, {'createdAt': {'$date': 1692857789000}, 'trackingCode': '589087abdedc91f06be93dd5ce36ddd4', 'status': '134', 'description': 'Saída do voo\t', 'trackerType': '3b24fa7e14555a1912e5bc2198f8e075', 'from': '83979d96a4029e1bbf9a6f507d8681cb', 'to': '6adf97f83acf6453d4a6a4b1070f3754'}, {'createdAt': {'$date': 1692872940000}, 'trackingCode': '589087abdedc91f06be93dd5ce36ddd4', 'status': '137', 'description': 'Chegada do voo\t', 'trackerType': '3b24fa7e14555a1912e5bc2198f8e075', 'from': '89cb1e2fcbb5b49ca53cf4157f671587', 'to': '6adf97f83acf6453d4a6a4b1070f3754'}, {'createdAt': {'$date': 1692952665000}, 'trackingCode': '589087abdedc91f06be93dd5ce36ddd4', 'status': '104', 'description': 'Deixou a unidade Azul Cargo Express\t', 'trackerType': '3b24fa7e14555a1912e5bc2198f8e075', 'from': '89cb1e2fcbb5b49ca53cf4157f671587', 'to': '6adf97f83acf6453d4a6a4b1070f3754'}, {'createdAt': {'$date': 1692952677000}, 'trackingCode': '589087abdedc91f06be93dd5ce36ddd4', 'status': '134', 'description': 'Saída do voo\t', 'trackerType': '3b24fa7e14555a1912e5bc2198f8e075', 'from': '89cb1e2fcbb5b49ca53cf4157f671587', 'to': '6adf97f83acf6453d4a6a4b1070f3754'}, {'createdAt': {'$date': 1692957060000}, 'trackingCode': '589087abdedc91f06be93dd5ce36ddd4', 'status': '137', 'description': 'Chegada do voo\t', 'trackerType': '3b24fa7e14555a1912e5bc2198f8e075', 'from': 'dd5ab68e8a28e8286653b47eb785b5bb', 'to': '6adf97f83acf6453d4a6a4b1070f3754'}, {'createdAt': {'$date': 1692984163000}, 'trackingCode': '589087abdedc91f06be93dd5ce36ddd4', 'status': '142', 'description': 'Embarque no veículo para transferência ou em rota para entrega', 'trackerType': '3b24fa7e14555a1912e5bc2198f8e075', 'from': 'dd5ab68e8a28e8286653b47eb785b5bb', 'to': '6adf97f83acf6453d4a6a4b1070f3754'}, {'createdAt': {'$date': 1692986927000}, 'trackingCode': '589087abdedc91f06be93dd5ce36ddd4', 'status': '142', 'description': 'Embarque no veículo para transferência ou em rota para entrega', 'trackerType': '3b24fa7e14555a1912e5bc2198f8e075', 'from': 'dd5ab68e8a28e8286653b47eb785b5bb', 'to': '6adf97f83acf6453d4a6a4b1070f3754'}, {'createdAt': {'$date': 1692986927000}, 'trackingCode': '589087abdedc91f06be93dd5ce36ddd4', 'status': '133', 'description': 'Saida Do Veiculo', 'trackerType': '3b24fa7e14555a1912e5bc2198f8e075', 'from': 'dd5ab68e8a28e8286653b47eb785b5bb', 'to': '6adf97f83acf6453d4a6a4b1070f3754'}, {'createdAt': {'$date': 1693209660000}, 'trackingCode': '589087abdedc91f06be93dd5ce36ddd4', 'status': '136', 'description': 'Chegou na Unidade Azul Cargo Express\t', 'trackerType': '3b24fa7e14555a1912e5bc2198f8e075', 'from': 'ba6c7b9272a884af7230111671cc616a', 'to': '6adf97f83acf6453d4a6a4b1070f3754'}, {'createdAt': {'$date': 1693209901000}, 'trackingCode': '589087abdedc91f06be93dd5ce36ddd4', 'status': '104', 'description': 'Deixou a unidade Azul Cargo Express\t', 'trackerType': '3b24fa7e14555a1912e5bc2198f8e075', 'from': 'ba6c7b9272a884af7230111671cc616a', 'to': '6adf97f83acf6453d4a6a4b1070f3754'}, {'createdAt': {'$date': 1693209905000}, 'trackingCode': '589087abdedc91f06be93dd5ce36ddd4', 'status': '133', 'description': 'Saida Do Veiculo', 'trackerType': '3b24fa7e14555a1912e5bc2198f8e075', 'from': 'ba6c7b9272a884af7230111671cc616a', 'to': '6adf97f83acf6453d4a6a4b1070f3754'}, {'createdAt': {'$date': 1693220558000}, 'trackingCode': '589087abdedc91f06be93dd5ce36ddd4', 'status': '01', 'description': 'Remessa entregue', 'trackerType': '3b24fa7e14555a1912e5bc2198f8e075', 'from': '6adf97f83acf6453d4a6a4b1070f3754', 'to': '6adf97f83acf6453d4a6a4b1070f3754'}]"
U,678178d6e476e0e7e02973b95fd55afb,1693336526,1693824984,1693824984,"[{'createdAt': {'$date': 1693327625000}, 'trackingCode': '6aa35a329cc1d48570cb1539d3c6e5db', 'status': '102', 'description': 'Informação do Envio enviado à Azul Cargo Express (CT-e emitido)\t', 'trackerType': '3b24fa7e14555a1912e5bc2198f8e075', 'from': '83979d96a4029e1bbf9a6f507d8681cb', 'to': '6adf97f83acf6453d4a6a4b1070f3754'}, {'createdAt': {'$date': 1693329300000}, 'trackingCode': '6aa35a329cc1d48570cb1539d3c6e5db', 'status': '136', 'description': 'Chegou na Unidade Azul Cargo Express\t', 'trackerType': '3b24fa7e14555a1912e5bc2198f8e075', 'from': 'ae1ff6dfb801936ed19c8295a92cdacc', 'to': '6adf97f83acf6453d4a6a4b1070f3754'}, {'createdAt': {'$date': 1693332131000}, 'trackingCode': '6aa35a329cc1d48570cb1539d3c6e5db', 'status': '142', 'description': 'Embarque no veículo para transferência ou em rota para entrega', 'trackerType': '3b24fa7e14555a1912e5bc2198f8e075', 'from': 'ae1ff6dfb801936ed19c8295a92cdacc', 'to': '6adf97f83acf6453d4a6a4b1070f3754'}, {'createdAt': {'$date': 1693332131000}, 'trackingCode': '6aa35a329cc1d48570cb1539d3c6e5db', 'status': '133', 'description': 'Saida Do Veiculo', 'trackerType': '3b24fa7e14555a1912e5bc2198f8e075', 'from': 'ae1ff6dfb801936ed19c8295a92cdacc', 'to': '6adf97f83acf6453d4a6a4b1070f3754'}, {'createdAt': {'$date': 1693336440000}, 'trackingCode': '6aa35a329cc1d48570cb1539d3c6e5db', 'status': '136', 'description': 'Chegou na Unidade Azul Cargo Express\t', 'trackerType': '3b24fa7e14555a1912e5bc2198f8e075', 'from': '83979d96a4029e1bbf9a6f507d8681cb', 'to': '6adf97f83acf6453d4a6a4b1070f3754'}, {'createdAt': {'$date': 1693375962000}, 'trackingCode': '6aa35a329cc1d48570cb1539d3c6e5db', 'status': '104', 'description': 'Deixou a unidade Azul Cargo Express\t', 'trackerType': '3b24fa7e14555a1912e5bc2198f8e075', 'from': '83979d96a4029e1bbf9a6f507d8681cb', 'to': '6adf97f83acf6453d4a6a4b1070f3754'}, {'createdAt': {'$date': 1693375976000}, 'trackingCode': '6aa35a329cc1d48570cb1539d3c6e5db', 'status': '134', 'description': 'Saída do voo\t', 'trackerType': '3b24fa7e14555a1912e5bc2198f8e075', 'from': '83979d96a4029e1bbf9a6f507d8681cb', 'to': '6adf97f83acf6453d4a6a4b1070f3754'}, {'createdAt': {'$date': 1693386840000}, 'trackingCode': '6aa35a329cc1d48570cb1539d3c6e5db', 'status': '137', 'description': 'Chegada do voo\t', 'trackerType': '3b24fa7e14555a1912e5bc2198f8e075', 'from': '1eaad630b48b36d5fc32e235aead1633', 'to': '6adf97f83acf6453d4a6a4b1070f3754'}, {'createdAt': {'$date': 1693405408000}, 'trackingCode': '6aa35a329cc1d48570cb1539d3c6e5db', 'status': '104', 'description': 'Deixou a unidade Azul Cargo Express\t', 'trackerType': '3b24fa7e14555a1912e5bc2198f8e075', 'from': '1eaad630b48b36d5fc32e235aead1633', 'to': '6adf97f83acf6453d4a6a4b1070f3754'}, {'createdAt': {'$date': 1693405411000}, 'trackingCode': '6aa35a329cc1d48570cb1539d3c6e5db', 'status': '134', 'description': 'Saída do voo\t', 'trackerType': '3b24fa7e14555a1912e5bc2198f8e075', 'from': '1eaad630b48b36d5fc32e235aead1633', 'to': '6adf97f83acf6453d4a6a4b1070f3754'}, {'createdAt': {'$date': 1693410060000}, 'trackingCode': '6aa35a329cc1d48570cb1539d3c6e5db', 'status': '137', 'description': 'Chegada do voo\t', 'trackerType': '3b24fa7e14555a1912e5bc2198f8e075', 'from': 'dd529bc29a2dfd264b6347d0d76f2e88', 'to': '6adf97f83acf6453d4a6a4b1070f3754'}, {'createdAt': {'$date': 1693468787000}, 'trackingCode': '6aa35a329cc1d48570cb1539d3c6e5db', 'status': '104', 'description': 'Deixou a unidade Azul Cargo Express\t', 'trackerType': '3b24fa7e14555a1912e5bc2198f8e075', 'from': 'dd529bc29a2dfd264b6347d0d76f2e88', 'to': '6adf97f83acf6453d4a6a4b1070f3754'}, {'createdAt': {'$date': 1693469040000}, 'trackingCode': '6aa35a329cc1d48570cb1539d3c6e5db', 'status': '133', 'description': 'Saida Do Veiculo', 'trackerType': '3b24fa7e14555a1912e5bc2198f8e075', 'from': 'dd529bc29a2dfd264b6347d0d76f2e88', 'to': '6adf97f83acf6453d4a6a4b1070f3754'}, {'createdAt': {'$date': 1693474432000}, 'trackingCode': '6aa35a329cc1d48570cb1539d3c6e5db', 'status': '01', 'description': 'Remessa entregue', 'trackerType': '3b24fa7e14555a1912e5bc2198f8e075', 'from': '6adf97f83acf6453d4a6a4b1070f3754', 'to': '6adf97f83acf6453d4a6a4b1070f3754'}]"
U,df6ddccfde771e8f7f2a13bc8c67811e,1690459875,1693824984,1693824984,"[{'createdAt': {'$date': 1690449260000}, 'trackingCode': 'e72f49ae32f71f150122d553e1cddc2e', 'status': '102', 'description': 'Informação do Envio enviado à Azul Cargo Express (CT-e emitido)\t', 'trackerType': '3b24fa7e14555a1912e5bc2198f8e075', 'from': '46258c82cb415cf66d7e1c822e6a6ed3', 'to': '6adf97f83acf6453d4a6a4b1070f3754'}, {'createdAt': {'$date': 1690452953000}, 'trackingCode': 'e72f49ae32f71f150122d553e1cddc2e', 'status': '142', 'description': 'Embarque no veículo para transferência ou em rota para entrega', 'trackerType': '3b24fa7e14555a1912e5bc2198f8e075', 'from': '46258c82cb415cf66d7e1c822e6a6ed3', 'to': '6adf97f83acf6453d4a6a4b1070f3754'}, {'createdAt': {'$date': 1690452957000}, 'trackingCode': 'e72f49ae32f71f150122d553e1cddc2e', 'status': '133', 'description': 'Saida Do Veiculo', 'trackerType': '3b24fa7e14555a1912e5bc2198f8e075', 'from': '46258c82cb415cf66d7e1c822e6a6ed3', 'to': '6adf97f83acf6453d4a6a4b1070f3754'}, {'createdAt': {'$date': 1690478248000}, 'trackingCode': 'e72f49ae32f71f150122d553e1cddc2e', 'status': '136', 'description': 'Chegou na Unidade Azul Cargo Express\t', 'trackerType': '3b24fa7e14555a1912e5bc2198f8e075', 'from': '6918fc8134573627793a462712ee6ad6', 'to': '6adf97f83acf6453d4a6a4b1070f3754'}, {'createdAt': {'$date': 1690482036000}, 'trackingCode': 'e72f49ae32f71f150122d553e1cddc2e', 'status': '142', 'description': 'Embarque no veículo para transferência ou em rota para entrega', 'trackerType': '3b24fa7e14555a1912e5bc2198f8e075', 'from': '6918fc8134573627793a462712ee6ad6', 'to': '6adf97f83acf6453d4a6a4b1070f3754'}, {'createdAt': {'$date': 1690482039000}, 'trackingCode': 'e72f49ae32f71f150122d553e1cddc2e', 'status': '133', 'description': 'Saida Do Veiculo', 'trackerType': '3b24fa7e14555a1912e5bc2198f8e075', 'from': '6918fc8134573627793a462712ee6ad6', 'to': '6adf97f83acf6453d4a6a4b1070f3754'}, {'createdAt': {'$date': 1690497840000}, 'trackingCode': 'e72f49ae32f71f150122d553e1cddc2e', 'status': '136', 'description': 'Chegou na Unidade Azul Cargo Express\t', 'trackerType': '3b24fa7e14555a1912e5bc2198f8e075', 'from': '06e06a17681fe072e310794a31a4259f', 'to': '6adf97f83acf6453d4a6a4b1070f3754'}, {'createdAt': {'$date': 1690522547000}, 'trackingCode': 'e72f49ae32f71f150122d553e1cddc2e', 'status': '104', 'description': 'Deixou a unidade Azul Cargo Express\t', 'trackerType': '3b24fa7e14555a1912e5bc2198f8e075', 'from': '06e06a17681fe072e310794a31a4259f', 'to': '6adf97f83acf6453d4a6a4b1070f3754'}, {'createdAt': {'$date': 1690522896000}, 'trackingCode': 'e72f49ae32f71f150122d553e1cddc2e', 'status': '134', 'description': 'Saída do voo\t', 'trackerType': '3b24fa7e14555a1912e5bc2198f8e075', 'from': '06e06a17681fe072e310794a31a4259f', 'to': '6adf97f83acf6453d4a6a4b1070f3754'}, {'createdAt': {'$date': 1690535940000}, 'trackingCode': 'e72f49ae32f71f150122d553e1cddc2e', 'status': '137', 'description': 'Chegada do voo\t', 'trackerType': '3b24fa7e14555a1912e5bc2198f8e075', 'from': '562d8d0897940216b3de4dc91237e651', 'to': '6adf97f83acf6453d4a6a4b1070f3754'}, {'createdAt': {'$date': 1690536832000}, 'trackingCode': 'e72f49ae32f71f150122d553e1cddc2e', 'status': '142', 'description': 'Embarque no veículo para transferência ou em rota para entrega', 'trackerType': '3b24fa7e14555a1912e5bc2198f8e075', 'from': '562d8d0897940216b3de4dc91237e651', 'to': '6adf97f83acf6453d4a6a4b1070f3754'}, {'createdAt': {'$date': 1690536836000}, 'trackingCode': 'e72f49ae32f71f150122d553e1cddc2e', 'status': '133', 'description': 'Saida Do Veiculo', 'trackerType': '3b24fa7e14555a1912e5bc2198f8e075', 'from': '562d8d0897940216b3de4dc91237e651', 'to': '6adf97f83acf6453d4a6a4b1070f3754'}, {'createdAt': {'$date': 1690543860000}, 'trackingCode': 'e72f49ae32f71f150122d553e1cddc2e', 'status': '136', 'description': 'Chegou na Unidade Azul Cargo Express\t', 'trackerType': '3b24fa7e14555a1912e5bc2198f8e075', 'from': '59c53433637fdf878b285097824fe45e', 'to': '6adf97f83acf6453d4a6a4b1070f3754'}, {'createdAt': {'$date': 1690546111000}, 'trackingCode': 'e72f49ae32f71f150122d553e1cddc2e', 'status': '104', 'description': 'Deixou a unidade Azul Cargo Express\t', 'trackerType': '3b24fa7e14555a1912e5bc2198f8e075', 'from': '59c53433637fdf878b285097824fe45e', 'to': '6adf97f83acf6453d4a6a4b1070f3754'}, {'createdAt': {'$date': 1690808706000}, 'trackingCode': 'e72f49ae32f71f150122d553e1cddc2e', 'status': '133', 'description': 'Saida Do Veiculo', 'trackerType': '3b24fa7e14555a1912e5bc2198f8e075', 'from': '59c53433637fdf878b285097824fe45e', 'to': '6adf97f83acf6453d4a6a4b1070f3754'}, {'createdAt': {'$date': 1690820704000}, 'trackingCode': 'e72f49ae32f71f150122d553e1cddc2e', 'status': '01', 'description': 'Remessa entregue', 'trackerType': '3b24fa7e14555a1912e5bc2198f8e075', 'from': '6adf97f83acf6453d4a6a4b1070f3754', 'to': '6adf97f83acf6453d4a6a4b1070f3754'}]"
U,a55a89f79933b4d51c81bb2c42d3a4e6,1692341550,1693824984,1693824984,"[{'createdAt': {'$date': 1692343476000}, 'trackingCode': '19f279d55b46599f2ced5a58e5043357', 'status': '15', 'description': 'O pacote já teve suas dimensões conferidas.', 'trackerType': 'a302942c7f755f858bd9a6c0c6be98fb', 'from': '78a32fcc48731cfdbb11966d312f5f4f', 'to': '6adf97f83acf6453d4a6a4b1070f3754'}, {'createdAt': {'$date': 1692343476000}, 'trackingCode': '19f279d55b46599f2ced5a58e5043357', 'status': '13', 'description': 'O pacote foi confirmado em uma base da Loggi e vai ser preparado para transferência.', 'trackerType': 'a302942c7f755f858bd9a6c0c6be98fb', 'from': '6adf97f83acf6453d4a6a4b1070f3754', 'to': '6adf97f83acf6453d4a6a4b1070f3754'}, {'createdAt': {'$date': 1692182346000}, 'trackingCode': '19f279d55b46599f2ced5a58e5043357', 'status': '1', 'description': 'A etiqueta de envio já foi criada e o pacote está pronto para a coleta.', 'trackerType': 'a302942c7f755f858bd9a6c0c6be98fb', 'from': '78a32fcc48731cfdbb11966d312f5f4f', 'to': '6adf97f83acf6453d4a6a4b1070f3754'}, {'createdAt': {'$date': 1692437940000}, 'trackingCode': '19f279d55b46599f2ced5a58e5043357', 'status': '16', 'description': 'O pacote está em transferência de uma base para outra.', 'trackerType': 'a302942c7f755f858bd9a6c0c6be98fb', 'from': '6adf97f83acf6453d4a6a4b1070f3754', 'to': '6adf97f83acf6453d4a6a4b1070f3754'}, {'createdAt': {'$date': 1692437843000}, 'trackingCode': '19f279d55b46599f2ced5a58e5043357', 'status': '3', 'description': 'O pacote está em uma base e, em breve, vai estar em transferência.', 'trackerType': 'a302942c7f755f858bd9a6c0c6be98fb', 'from': '6adf97f83acf6453d4a6a4b1070f3754', 'to': '6adf97f83acf6453d4a6a4b1070f3754'}, {'createdAt': {'$date': 1692457358000}, 'trackingCode': '19f279d55b46599f2ced5a58e5043357', 'status': '17', 'description': 'Tudo certo, o pacote está em uma base da Loggi.', 'trackerType': 'a302942c7f755f858bd9a6c0c6be98fb', 'from': 'ba7e1ad897f71901b1e8f1da70324a60', 'to': '6adf97f83acf6453d4a6a4b1070f3754'}, {'createdAt': {'$date': 1692457356000}, 'trackingCode': '19f279d55b46599f2ced5a58e5043357', 'status': '17', 'description': 'Tudo certo, o pacote está em uma base da Loggi.', 'trackerType': 'a302942c7f755f858bd9a6c0c6be98fb', 'from': '6adf97f83acf6453d4a6a4b1070f3754', 'to': '6adf97f83acf6453d4a6a4b1070f3754'}, {'createdAt': {'$date': 1692464777000}, 'trackingCode': '19f279d55b46599f2ced5a58e5043357', 'status': '11', 'description': 'O pacote está a caminho.', 'trackerType': 'a302942c7f755f858bd9a6c0c6be98fb', 'from': '6adf97f83acf6453d4a6a4b1070f3754', 'to': '6adf97f83acf6453d4a6a4b1070f3754'}, {'createdAt': {'$date': 1692660154000}, 'trackingCode': '19f279d55b46599f2ced5a58e5043357', 'status': '5', 'description': 'O pacote chegou ao destino final.', 'trackerType': 'a302942c7f755f858bd9a6c0c6be98fb', 'from': 'ba7e1ad897f71901b1e8f1da70324a60', 'to': '6adf97f83acf6453d4a6a4b1070f3754'}]"
U,4b900967c9f469d7977a8a529eb95168,1690313562,1693824984,1693824984,"[{'createdAt': {'$date': 1690182915000}, 'trackingCode': '3079c7aa04883ef63556e93b0d2dabd3', 'status': '16', 'description': 'Objeto recebido pelos Correios do Brasil', 'trackerType': '27bb7dfdbe0de2d482d1c37c3fe5bfe3', 'from': '8f858ee1067df0a89292373651e6c73e', 'to': '6adf97f83acf6453d4a6a4b1070f3754'}, {'createdAt': {'$date': 1689603960000}, 'trackingCode': '3079c7aa04883ef63556e93b0d2dabd3', 'status': '18', 'description': 'Objeto recebido na unidade de exportação no país de origem', 'trackerType': '27bb7dfdbe0de2d482d1c37c3fe5bfe3', 'from': 'f0aa1982f61314b9aab258c2f110ebab', 'to': '6adf97f83acf6453d4a6a4b1070f3754'}, {'createdAt': {'$date': 1689603960000}, 'trackingCode': '3079c7aa04883ef63556e93b0d2dabd3', 'status': '01', 'description': 'Objeto em trânsito - por favor aguarde', 'trackerType': '27bb7dfdbe0de2d482d1c37c3fe5bfe3', 'from': 'f0aa1982f61314b9aab258c2f110ebab', 'to': 'fab9ec2163f1d49c0421e3d6bb8e760b'}, {'createdAt': {'$date': 1689602700000}, 'trackingCode': '3079c7aa04883ef63556e93b0d2dabd3', 'status': '01', 'description': 'Objeto postado', 'trackerType': '27bb7dfdbe0de2d482d1c37c3fe5bfe3', 'from': 'f0aa1982f61314b9aab258c2f110ebab', 'to': '6adf97f83acf6453d4a6a4b1070f3754'}, {'createdAt': {'$date': 1690478578000}, 'trackingCode': '3079c7aa04883ef63556e93b0d2dabd3', 'status': '01', 'description': 'Objeto em trânsito - por favor aguarde', 'trackerType': '27bb7dfdbe0de2d482d1c37c3fe5bfe3', 'from': '19f61c9bfe1f048ab353e403dfde3103', 'to': '602dc02c57b3966644d1761d01a27a43'}, {'createdAt': {'$date': 1690477582000}, 'trackingCode': '3079c7aa04883ef63556e93b0d2dabd3', 'status': '10', 'description': 'Fiscalização aduaneira finalizada', 'trackerType': '27bb7dfdbe0de2d482d1c37c3fe5bfe3', 'from': '8f858ee1067df0a89292373651e6c73e', 'to': '6adf97f83acf6453d4a6a4b1070f3754'}, {'createdAt': {'$date': 1690782231000}, 'trackingCode': '3079c7aa04883ef63556e93b0d2dabd3', 'status': '01', 'description': 'Objeto em trânsito - por favor aguarde', 'trackerType': '27bb7dfdbe0de2d482d1c37c3fe5bfe3', 'from': '602dc02c57b3966644d1761d01a27a43', 'to': '6431f701316d4d6932729b9e14139829'}, {'createdAt': {'$date': 1690884438000}, 'trackingCode': '3079c7aa04883ef63556e93b0d2dabd3', 'status': '01', 'description': 'Objeto saiu para entrega ao destinatário', 'trackerType': '27bb7dfdbe0de2d482d1c37c3fe5bfe3', 'from': '6431f701316d4d6932729b9e14139829', 'to': '6adf97f83acf6453d4a6a4b1070f3754'}, {'createdAt': {'$date': 1690890977000}, 'trackingCode': '3079c7aa04883ef63556e93b0d2dabd3', 'status': '01', 'description': 'Objeto entregue ao destinatário', 'trackerType': '27bb7dfdbe0de2d482d1c37c3fe5bfe3', 'from': '6431f701316d4d6932729b9e14139829', 'to': '6adf97f83acf6453d4a6a4b1070f3754'}]"
U,ed2b05c03d3dd0a9937476e5a70d5d95,1692306425,1693824984,1693824984,"[{'createdAt': {'$date': 1692285854000}, 'trackingCode': 'e4aaedf93162885b65783ccdc2bd9aee', 'status': None, 'description': 'EMISSAO', 'trackerType': '202591c2658eb8db7d1c57e1273cd270', 'from': 'deee8ed0345dcb35f74c7c742c36f4e3', 'to': '6adf97f83acf6453d4a6a4b1070f3754'}, {'createdAt': {'$date': 1692288433000}, 'trackingCode': 'e4aaedf93162885b65783ccdc2bd9aee', 'status': None, 'description': 'TRANSFERENCIA', 'trackerType': '202591c2658eb8db7d1c57e1273cd270', 'from': 'deee8ed0345dcb35f74c7c742c36f4e3', 'to': '6adf97f83acf6453d4a6a4b1070f3754'}, {'createdAt': {'$date': 1692302662000}, 'trackingCode': 'e4aaedf93162885b65783ccdc2bd9aee', 'status': None, 'description': 'ENTRADA', 'trackerType': '202591c2658eb8db7d1c57e1273cd270', 'from': '089607e1466a53ee58164c9974d00976', 'to': '6adf97f83acf6453d4a6a4b1070f3754'}, {'createdAt': {'$date': 1692304288000}, 'trackingCode': 'e4aaedf93162885b65783ccdc2bd9aee', 'status': None, 'description': 'TRANSFERENCIA', 'trackerType': '202591c2658eb8db7d1c57e1273cd270', 'from': '089607e1466a53ee58164c9974d00976', 'to': '6adf97f83acf6453d4a6a4b1070f3754'}, {'createdAt': {'$date': 1692304289000}, 'trackingCode': 'e4aaedf93162885b65783ccdc2bd9aee', 'status': None, 'description': 'TRANSFERENCIA', 'trackerType': '202591c2658eb8db7d1c57e1273cd270', 'from': '089607e1466a53ee58164c9974d00976', 'to': '6adf97f83acf6453d4a6a4b1070f3754'}, {'createdAt': {'$date': 1692352577000}, 'trackingCode': 'e4aaedf93162885b65783ccdc2bd9aee', 'status': None, 'description': 'TRANSFERENCIA', 'trackerType': '202591c2658eb8db7d1c57e1273cd270', 'from': 'fac929278c0e5ba967802153ba729336', 'to': '6adf97f83acf6453d4a6a4b1070f3754'}, {'createdAt': {'$date': 1692435573000}, 'trackingCode': 'e4aaedf93162885b65783ccdc2bd9aee', 'status': None, 'description': 'TRANSFERIDO PARA UNIDADE', 'trackerType': '202591c2658eb8db7d1c57e1273cd270', 'from': 'bb06c77b0bda796758fb2d30ec897c06', 'to': '6adf97f83acf6453d4a6a4b1070f3754'}, {'createdAt': {'$date': 1692470816000}, 'trackingCode': 'e4aaedf93162885b65783ccdc2bd9aee', 'status': None, 'description': 'ENTRADA', 'trackerType': '202591c2658eb8db7d1c57e1273cd270', 'from': '971e249ca4af90aa0b044735d8fdd59e', 'to': '6adf97f83acf6453d4a6a4b1070f3754'}, {'createdAt': {'$date': 1692473387000}, 'trackingCode': 'e4aaedf93162885b65783ccdc2bd9aee', 'status': None, 'description': 'TRANSFERENCIA', 'trackerType': '202591c2658eb8db7d1c57e1273cd270', 'from': '971e249ca4af90aa0b044735d8fdd59e', 'to': '6adf97f83acf6453d4a6a4b1070f3754'}, {'createdAt': {'$date': 1692593644000}, 'trackingCode': 'e4aaedf93162885b65783ccdc2bd9aee', 'status': None, 'description': 'TRANSFERENCIA', 'trackerType': '202591c2658eb8db7d1c57e1273cd270', 'from': '971e249ca4af90aa0b044735d8fdd59e', 'to': '6adf97f83acf6453d4a6a4b1070f3754'}, {'createdAt': {'$date': 1692605634000}, 'trackingCode': 'e4aaedf93162885b65783ccdc2bd9aee', 'status': None, 'description': 'TRANSFERIDO PARA UNIDADE', 'trackerType': '202591c2658eb8db7d1c57e1273cd270', 'from': '971e249ca4af90aa0b044735d8fdd59e', 'to': '6adf97f83acf6453d4a6a4b1070f3754'}, {'createdAt': {'$date': 1692606649000}, 'trackingCode': 'e4aaedf93162885b65783ccdc2bd9aee', 'status': None, 'description': 'ENTRADA', 'trackerType': '202591c2658eb8db7d1c57e1273cd270', 'from': '360d0e13bab7fc04eb6db042d45764d3', 'to': '6adf97f83acf6453d4a6a4b1070f3754'}, {'createdAt': {'$date': 1692608458000}, 'trackingCode': 'e4aaedf93162885b65783ccdc2bd9aee', 'status': None, 'description': 'EM ROTA', 'trackerType': '202591c2658eb8db7d1c57e1273cd270', 'from': '360d0e13bab7fc04eb6db042d45764d3', 'to': '6adf97f83acf6453d4a6a4b1070f3754'}, {'createdAt': {'$date': 1692641264000}, 'trackingCode': 'e4aaedf93162885b65783ccdc2bd9aee', 'status': None, 'description': 'ENTREGUE', 'trackerType': '202591c2658eb8db7d1c57e1273cd270', 'from': '360d0e13bab7fc04eb6db042d45764d3', 'to': '6adf97f83acf6453d4a6a4b1070f3754'}]"
U,1aa20f3dfa941fe1c1f6f69118ba7504,1693323667,1693824984,1693824984,"[{'createdAt': {'$date': 1693211750000}, 'trackingCode': 'c98bc3dc0cc854bce542110426fc648d', 'status': '16', 'description': 'Objeto recebido pelos Correios do Brasil', 'trackerType': '27bb7dfdbe0de2d482d1c37c3fe5bfe3', 'from': '44d02c36e6691bb8faacd16784348114', 'to': '6adf97f83acf6453d4a6a4b1070f3754'}, {'createdAt': {'$date': 1692858354000}, 'trackingCode': 'c98bc3dc0cc854bce542110426fc648d', 'status': '01', 'description': 'Objeto postado', 'trackerType': '27bb7dfdbe0de2d482d1c37c3fe5bfe3', 'from': 'f0aa1982f61314b9aab258c2f110ebab', 'to': '6adf97f83acf6453d4a6a4b1070f3754'}, {'createdAt': {'$date': 1693408630000}, 'trackingCode': 'c98bc3dc0cc854bce542110426fc648d', 'status': '01', 'description': 'Objeto em trânsito - por favor aguarde', 'trackerType': '27bb7dfdbe0de2d482d1c37c3fe5bfe3', 'from': '44d02c36e6691bb8faacd16784348114', 'to': 'e0e884b320d7340e331862ed6772b798'}, {'createdAt': {'$date': 1693408629000}, 'trackingCode': 'c98bc3dc0cc854bce542110426fc648d', 'status': '10', 'description': 'Fiscalização aduaneira finalizada', 'trackerType': '27bb7dfdbe0de2d482d1c37c3fe5bfe3', 'from': '44d02c36e6691bb8faacd16784348114', 'to': '6adf97f83acf6453d4a6a4b1070f3754'}, {'createdAt': {'$date': 1693494129000}, 'trackingCode': 'c98bc3dc0cc854bce542110426fc648d', 'status': '01', 'description': 'Objeto em trânsito - por favor aguarde', 'trackerType': '27bb7dfdbe0de2d482d1c37c3fe5bfe3', 'from': 'e0e884b320d7340e331862ed6772b798', 'to': '937a99669dfe70075d75b65da27cbe0b'}, {'createdAt': {'$date': 1693570304000}, 'trackingCode': 'c98bc3dc0cc854bce542110426fc648d', 'status': '03', 'description': 'Objeto está em rota de entrega', 'trackerType': '27bb7dfdbe0de2d482d1c37c3fe5bfe3', 'from': '937a99669dfe70075d75b65da27cbe0b', 'to': '6adf97f83acf6453d4a6a4b1070f3754'}, {'createdAt': {'$date': 1693583984000}, 'trackingCode': 'c98bc3dc0cc854bce542110426fc648d', 'status': '01', 'description': 'Objeto entregue ao destinatário', 'trackerType': '27bb7dfdbe0de2d482d1c37c3fe5bfe3', 'from': '937a99669dfe70075d75b65da27cbe0b', 'to': '6adf97f83acf6453d4a6a4b1070f3754'}, {'createdAt': {'$date': 1693583940000}, 'trackingCode': 'c98bc3dc0cc854bce542110426fc648d', 'status': '58', 'description': 'Objeto será entregue em instantes', 'trackerType': '27bb7dfdbe0de2d482d1c37c3fe5bfe3', 'from': '937a99669dfe70075d75b65da27cbe0b', 'to': '6adf97f83acf6453d4a6a4b1070f3754'}]"
U,852d659ebccfccde96e6486993e54e98,1693246634,1693824984,1693824984,"[{'createdAt': {'$date': 1693230245000}, 'trackingCode': 'e5bc45c0c105a89da01839c10f3cbd18', 'status': None, 'description': 'EMISSAO', 'trackerType': '202591c2658eb8db7d1c57e1273cd270', 'from': '7f3845ce6f1f85f5fa10988db674d505', 'to': '6adf97f83acf6453d4a6a4b1070f3754'}, {'createdAt': {'$date': 1693239135000}, 'trackingCode': 'e5bc45c0c105a89da01839c10f3cbd18', 'status': None, 'description': 'TRANSFERENCIA', 'trackerType': '202591c2658eb8db7d1c57e1273cd270', 'from': '7f3845ce6f1f85f5fa10988db674d505', 'to': '6adf97f83acf6453d4a6a4b1070f3754'}, {'createdAt': {'$date': 1693246027000}, 'trackingCode': 'e5bc45c0c105a89da01839c10f3cbd18', 'status': None, 'description': 'TRANSFERENCIA', 'trackerType': '202591c2658eb8db7d1c57e1273cd270', 'from': '7f3845ce6f1f85f5fa10988db674d505', 'to': '6adf97f83acf6453d4a6a4b1070f3754'}, {'createdAt': {'$date': 1693279140000}, 'trackingCode': 'e5bc45c0c105a89da01839c10f3cbd18', 'status': None, 'description': 'ENTRADA', 'trackerType': '202591c2658eb8db7d1c57e1273cd270', 'from': 'fac929278c0e5ba967802153ba729336', 'to': '6adf97f83acf6453d4a6a4b1070f3754'}, {'createdAt': {'$date': 1693391274000}, 'trackingCode': 'e5bc45c0c105a89da01839c10f3cbd18', 'status': None, 'description': 'ENTRADA', 'trackerType': '202591c2658eb8db7d1c57e1273cd270', 'from': '2d34298bfc412ebfe6e66ca6b2487593', 'to': '6adf97f83acf6453d4a6a4b1070f3754'}, {'createdAt': {'$date': 1693394645000}, 'trackingCode': 'e5bc45c0c105a89da01839c10f3cbd18', 'status': None, 'description': 'EM ROTA', 'trackerType': '202591c2658eb8db7d1c57e1273cd270', 'from': '2d34298bfc412ebfe6e66ca6b2487593', 'to': '6adf97f83acf6453d4a6a4b1070f3754'}, {'createdAt': {'$date': 1693397270000}, 'trackingCode': 'e5bc45c0c105a89da01839c10f3cbd18', 'status': None, 'description': 'ENTREGUE', 'trackerType': '202591c2658eb8db7d1c57e1273cd270', 'from': '2d34298bfc412ebfe6e66ca6b2487593', 'to': '6adf97f83acf6453d4a6a4b1070f3754'}]"
U,738e9d7627e54b9325de16a1e075c493,1687868696,1693824984,1693824984,"[{'createdAt': {'$date': 1687862940000}, 'trackingCode': 'b409679fbd563db63321295e82653905', 'status': '2', 'description': None, 'trackerType': '2e7165ceb19f183e695ce49285a4c228', 'from': 'e681ccb67f5683ce6f48a6712156463f', 'to': '6adf97f83acf6453d4a6a4b1070f3754'}, {'createdAt': {'$date': 1687862940000}, 'trackingCode': 'b409679fbd563db63321295e82653905', 'status': '11', 'description': None, 'trackerType': '2e7165ceb19f183e695ce49285a4c228', 'from': 'e681ccb67f5683ce6f48a6712156463f', 'to': '07ee3bad02858e40446b99e9bc7bc60b'}, {'createdAt': {'$date': 1687863240000}, 'trackingCode': 'b409679fbd563db63321295e82653905', 'status': '1', 'description': None, 'trackerType': '2e7165ceb19f183e695ce49285a4c228', 'from': 'e681ccb67f5683ce6f48a6712156463f', 'to': '07ee3bad02858e40446b99e9bc7bc60b'}, {'createdAt': {'$date': 1687867920000}, 'trackingCode': 'b409679fbd563db63321295e82653905', 'status': '3', 'description': None, 'trackerType': '2e7165ceb19f183e695ce49285a4c228', 'from': 'e681ccb67f5683ce6f48a6712156463f', 'to': '07ee3bad02858e40446b99e9bc7bc60b'}, {'createdAt': {'$date': 1687868400000}, 'trackingCode': 'b409679fbd563db63321295e82653905', 'status': '3', 'description': None, 'trackerType': '2e7165ceb19f183e695ce49285a4c228', 'from': 'e681ccb67f5683ce6f48a6712156463f', 'to': '07ee3bad02858e40446b99e9bc7bc60b'}, {'createdAt': {'$date': 1687879380000}, 'trackingCode': 'b409679fbd563db63321295e82653905', 'status': '7', 'description': None, 'trackerType': '2e7165ceb19f183e695ce49285a4c228', 'from': '40a8712b29ac76182ed0c4f632b7d543', 'to': '07ee3bad02858e40446b99e9bc7bc60b'}, {'createdAt': {'$date': 1688363760000}, 'trackingCode': 'b409679fbd563db63321295e82653905', 'status': '3', 'description': None, 'trackerType': '2e7165ceb19f183e695ce49285a4c228', 'from': 'f48674ada942f6f2964cf618c7bab2e4', 'to': '07ee3bad02858e40446b99e9bc7bc60b'}, {'createdAt': {'$date': 1688367540000}, 'trackingCode': 'b409679fbd563db63321295e82653905', 'status': '7', 'description': None, 'trackerType': '2e7165ceb19f183e695ce49285a4c228', 'from': '40a8712b29ac76182ed0c4f632b7d543', 'to': '07ee3bad02858e40446b99e9bc7bc60b'}, {'createdAt': {'$date': 1688405820000}, 'trackingCode': 'b409679fbd563db63321295e82653905', 'status': '6', 'description': None, 'trackerType': '2e7165ceb19f183e695ce49285a4c228', 'from': '40a8712b29ac76182ed0c4f632b7d543', 'to': '07ee3bad02858e40446b99e9bc7bc60b'}, {'createdAt': {'$date': 1688461680000}, 'trackingCode': 'b409679fbd563db63321295e82653905', 'status': '9', 'description': None, 'trackerType': '2e7165ceb19f183e695ce49285a4c228', 'from': '07ee3bad02858e40446b99e9bc7bc60b', 'to': '6adf97f83acf6453d4a6a4b1070f3754'}, {'createdAt': {'$date': 1689551820000}, 'trackingCode': 'b409679fbd563db63321295e82653905', 'status': '12', 'description': 'Em Processo de Liberação Fiscal', 'trackerType': '2e7165ceb19f183e695ce49285a4c228', 'from': 'e681ccb67f5683ce6f48a6712156463f', 'to': 'e681ccb67f5683ce6f48a6712156463f'}, {'createdAt': {'$date': 1691767740000}, 'trackingCode': 'b409679fbd563db63321295e82653905', 'status': '1', 'description': None, 'trackerType': '2e7165ceb19f183e695ce49285a4c228', 'from': 'f48674ada942f6f2964cf618c7bab2e4', 'to': '07ee3bad02858e40446b99e9bc7bc60b'}]"
U,256194768ca1848b32c79056e2469a8c,1693210452,1693824984,1693824984,"[{'createdAt': {'$date': 1692961796000}, 'trackingCode': '70a0970cf171e8947e75a085d0491dae', 'status': '01', 'description': 'Objeto postado', 'trackerType': '27bb7dfdbe0de2d482d1c37c3fe5bfe3', 'from': 'f0aa1982f61314b9aab258c2f110ebab', 'to': '6adf97f83acf6453d4a6a4b1070f3754'}, {'createdAt': {'$date': 1693279591000}, 'trackingCode': '70a0970cf171e8947e75a085d0491dae', 'status': '16', 'description': 'Objeto recebido pelos Correios do Brasil', 'trackerType': '27bb7dfdbe0de2d482d1c37c3fe5bfe3', 'from': '44d02c36e6691bb8faacd16784348114', 'to': '6adf97f83acf6453d4a6a4b1070f3754'}, {'createdAt': {'$date': 1693330887000}, 'trackingCode': '70a0970cf171e8947e75a085d0491dae', 'status': '21', 'description': 'Encaminhado para fiscalização aduaneira', 'trackerType': '27bb7dfdbe0de2d482d1c37c3fe5bfe3', 'from': '44d02c36e6691bb8faacd16784348114', 'to': '6adf97f83acf6453d4a6a4b1070f3754'}, {'createdAt': {'$date': 1693495223000}, 'trackingCode': '70a0970cf171e8947e75a085d0491dae', 'status': '17', 'description': 'Aguardando pagamento', 'trackerType': '27bb7dfdbe0de2d482d1c37c3fe5bfe3', 'from': '44d02c36e6691bb8faacd16784348114', 'to': '6adf97f83acf6453d4a6a4b1070f3754'}]"
U,9668859a0b4a3af3285fa463fc8d32a8,1692439506,1693824984,1693824984,"[{'createdAt': {'$date': 1692434676000}, 'trackingCode': '4c9527ebb6edd2fd0c9573347b99910e', 'status': '102', 'description': 'Informação do Envio enviado à Azul Cargo Express (CT-e emitido)\t', 'trackerType': '3b24fa7e14555a1912e5bc2198f8e075', 'from': 'c88bb9c6416ace7d728008dcfa7d00f4', 'to': '6adf97f83acf6453d4a6a4b1070f3754'}, {'createdAt': {'$date': 1692443041000}, 'trackingCode': '4c9527ebb6edd2fd0c9573347b99910e', 'status': '104', 'description': 'Deixou a unidade Azul Cargo Express\t', 'trackerType': '3b24fa7e14555a1912e5bc2198f8e075', 'from': 'c88bb9c6416ace7d728008dcfa7d00f4', 'to': '6adf97f83acf6453d4a6a4b1070f3754'}, {'createdAt': {'$date': 1692446873000}, 'trackingCode': '4c9527ebb6edd2fd0c9573347b99910e', 'status': '134', 'description': 'Saída do voo\t', 'trackerType': '3b24fa7e14555a1912e5bc2198f8e075', 'from': 'c88bb9c6416ace7d728008dcfa7d00f4', 'to': '6adf97f83acf6453d4a6a4b1070f3754'}, {'createdAt': {'$date': 1692465420000}, 'trackingCode': '4c9527ebb6edd2fd0c9573347b99910e', 'status': '137', 'description': 'Chegada do voo\t', 'trackerType': '3b24fa7e14555a1912e5bc2198f8e075', 'from': 'dd5ab68e8a28e8286653b47eb785b5bb', 'to': '6adf97f83acf6453d4a6a4b1070f3754'}, {'createdAt': {'$date': 1692534948000}, 'trackingCode': '4c9527ebb6edd2fd0c9573347b99910e', 'status': '104', 'description': 'Deixou a unidade Azul Cargo Express\t', 'trackerType': '3b24fa7e14555a1912e5bc2198f8e075', 'from': 'dd5ab68e8a28e8286653b47eb785b5bb', 'to': '6adf97f83acf6453d4a6a4b1070f3754'}, {'createdAt': {'$date': 1692534952000}, 'trackingCode': '4c9527ebb6edd2fd0c9573347b99910e', 'status': '134', 'description': 'Saída do voo\t', 'trackerType': '3b24fa7e14555a1912e5bc2198f8e075', 'from': 'dd5ab68e8a28e8286653b47eb785b5bb', 'to': '6adf97f83acf6453d4a6a4b1070f3754'}, {'createdAt': {'$date': 1692544320000}, 'trackingCode': '4c9527ebb6edd2fd0c9573347b99910e', 'status': '137', 'description': 'Chegada do voo\t', 'trackerType': '3b24fa7e14555a1912e5bc2198f8e075', 'from': 'c801d0de3b8ef1dbb700afc05e1a6dbe', 'to': '6adf97f83acf6453d4a6a4b1070f3754'}, {'createdAt': {'$date': 1692621249000}, 'trackingCode': '4c9527ebb6edd2fd0c9573347b99910e', 'status': '104', 'description': 'Deixou a unidade Azul Cargo Express\t', 'trackerType': '3b24fa7e14555a1912e5bc2198f8e075', 'from': 'c801d0de3b8ef1dbb700afc05e1a6dbe', 'to': '6adf97f83acf6453d4a6a4b1070f3754'}, {'createdAt': {'$date': 1692684589000}, 'trackingCode': '4c9527ebb6edd2fd0c9573347b99910e', 'status': '133', 'description': 'Saida Do Veiculo', 'trackerType': '3b24fa7e14555a1912e5bc2198f8e075', 'from': 'c801d0de3b8ef1dbb700afc05e1a6dbe', 'to': '6adf97f83acf6453d4a6a4b1070f3754'}, {'createdAt': {'$date': 1692702684000}, 'trackingCode': '4c9527ebb6edd2fd0c9573347b99910e', 'status': '01', 'description': 'Remessa entregue', 'trackerType': '3b24fa7e14555a1912e5bc2198f8e075', 'from': '6adf97f83acf6453d4a6a4b1070f3754', 'to': '6adf97f83acf6453d4a6a4b1070f3754'}]"
U,5214fe7ba2c914e4ae7667dd0bd798e3,1692222152,1693824984,1693824984,"[{'createdAt': {'$date': 1692199466000}, 'trackingCode': '0a7b270496a1fed7fa359e1d1cd143d2', 'status': None, 'description': 'EMISSAO', 'trackerType': '202591c2658eb8db7d1c57e1273cd270', 'from': '360d0e13bab7fc04eb6db042d45764d3', 'to': '6adf97f83acf6453d4a6a4b1070f3754'}, {'createdAt': {'$date': 1692210994000}, 'trackingCode': '0a7b270496a1fed7fa359e1d1cd143d2', 'status': None, 'description': 'TRANSFERENCIA', 'trackerType': '202591c2658eb8db7d1c57e1273cd270', 'from': '360d0e13bab7fc04eb6db042d45764d3', 'to': '6adf97f83acf6453d4a6a4b1070f3754'}, {'createdAt': {'$date': 1692211821000}, 'trackingCode': '0a7b270496a1fed7fa359e1d1cd143d2', 'status': None, 'description': 'TRANSFERENCIA', 'trackerType': '202591c2658eb8db7d1c57e1273cd270', 'from': '360d0e13bab7fc04eb6db042d45764d3', 'to': '6adf97f83acf6453d4a6a4b1070f3754'}, {'createdAt': {'$date': 1692223976000}, 'trackingCode': '0a7b270496a1fed7fa359e1d1cd143d2', 'status': None, 'description': 'ENTRADA', 'trackerType': '202591c2658eb8db7d1c57e1273cd270', 'from': '971e249ca4af90aa0b044735d8fdd59e', 'to': '6adf97f83acf6453d4a6a4b1070f3754'}, {'createdAt': {'$date': 1692233213000}, 'trackingCode': '0a7b270496a1fed7fa359e1d1cd143d2', 'status': None, 'description': 'TRANSFERENCIA', 'trackerType': '202591c2658eb8db7d1c57e1273cd270', 'from': '971e249ca4af90aa0b044735d8fdd59e', 'to': '6adf97f83acf6453d4a6a4b1070f3754'}, {'createdAt': {'$date': 1692234976000}, 'trackingCode': '0a7b270496a1fed7fa359e1d1cd143d2', 'status': None, 'description': 'TRANSFERENCIA', 'trackerType': '202591c2658eb8db7d1c57e1273cd270', 'from': '971e249ca4af90aa0b044735d8fdd59e', 'to': '6adf97f83acf6453d4a6a4b1070f3754'}, {'createdAt': {'$date': 1692235198000}, 'trackingCode': '0a7b270496a1fed7fa359e1d1cd143d2', 'status': None, 'description': 'TRANSFERENCIA', 'trackerType': '202591c2658eb8db7d1c57e1273cd270', 'from': '971e249ca4af90aa0b044735d8fdd59e', 'to': '6adf97f83acf6453d4a6a4b1070f3754'}, {'createdAt': {'$date': 1692254081000}, 'trackingCode': '0a7b270496a1fed7fa359e1d1cd143d2', 'status': None, 'description': 'TRANSFERIDO PARA UNIDADE', 'trackerType': '202591c2658eb8db7d1c57e1273cd270', 'from': '971e249ca4af90aa0b044735d8fdd59e', 'to': '6adf97f83acf6453d4a6a4b1070f3754'}, {'createdAt': {'$date': 1692434964000}, 'trackingCode': '0a7b270496a1fed7fa359e1d1cd143d2', 'status': None, 'description': 'ENTRADA', 'trackerType': '202591c2658eb8db7d1c57e1273cd270', 'from': '84c77d7bc3fb1dd258da3c10bb2f8a27', 'to': '6adf97f83acf6453d4a6a4b1070f3754'}, {'createdAt': {'$date': 1692446499000}, 'trackingCode': '0a7b270496a1fed7fa359e1d1cd143d2', 'status': None, 'description': 'TRANSFERENCIA', 'trackerType': '202591c2658eb8db7d1c57e1273cd270', 'from': '84c77d7bc3fb1dd258da3c10bb2f8a27', 'to': '6adf97f83acf6453d4a6a4b1070f3754'}, {'createdAt': {'$date': 1692446509000}, 'trackingCode': '0a7b270496a1fed7fa359e1d1cd143d2', 'status': None, 'description': 'TRANSFERENCIA', 'trackerType': '202591c2658eb8db7d1c57e1273cd270', 'from': '84c77d7bc3fb1dd258da3c10bb2f8a27', 'to': '6adf97f83acf6453d4a6a4b1070f3754'}, {'createdAt': {'$date': 1692523500000}, 'trackingCode': '0a7b270496a1fed7fa359e1d1cd143d2', 'status': None, 'description': 'TRANSFERENCIA', 'trackerType': '202591c2658eb8db7d1c57e1273cd270', 'from': '84c77d7bc3fb1dd258da3c10bb2f8a27', 'to': '6adf97f83acf6453d4a6a4b1070f3754'}, {'createdAt': {'$date': 1692530332000}, 'trackingCode': '0a7b270496a1fed7fa359e1d1cd143d2', 'status': None, 'description': 'TRANSFERIDO PARA UNIDADE', 'trackerType': '202591c2658eb8db7d1c57e1273cd270', 'from': '84c77d7bc3fb1dd258da3c10bb2f8a27', 'to': '6adf97f83acf6453d4a6a4b1070f3754'}, {'createdAt': {'$date': 1692606948000}, 'trackingCode': '0a7b270496a1fed7fa359e1d1cd143d2', 'status': None, 'description': 'ENTRADA', 'trackerType': '202591c2658eb8db7d1c57e1273cd270', 'from': '8e09e994504e064242a2375f1892e5ee', 'to': '6adf97f83acf6453d4a6a4b1070f3754'}, {'createdAt': {'$date': 1692611238000}, 'trackingCode': '0a7b270496a1fed7fa359e1d1cd143d2', 'status': None, 'description': 'EM ROTA', 'trackerType': '202591c2658eb8db7d1c57e1273cd270', 'from': '8e09e994504e064242a2375f1892e5ee', 'to': '6adf97f83acf6453d4a6a4b1070f3754'}, {'createdAt': {'$date': 1692639652000}, 'trackingCode': '0a7b270496a1fed7fa359e1d1cd143d2', 'status': None, 'description': 'ENTREGUE', 'trackerType': '202591c2658eb8db7d1c57e1273cd270', 'from': '8e09e994504e064242a2375f1892e5ee', 'to': '6adf97f83acf6453d4a6a4b1070f3754'}]"
U,844513180d66ebc8069de7c927388604,1692894171,1693824984,1693824984,"[{'createdAt': {'$date': 1692875656000}, 'trackingCode': '3a1d3ca5d30c8641127f7ef5874649f4', 'status': None, 'description': 'EMISSAO', 'trackerType': '202591c2658eb8db7d1c57e1273cd270', 'from': 'ea5dd177a56868d009f7d89f5696b49a', 'to': '6adf97f83acf6453d4a6a4b1070f3754'}, {'createdAt': {'$date': 1692899951000}, 'trackingCode': '3a1d3ca5d30c8641127f7ef5874649f4', 'status': None, 'description': 'TRANSFERENCIA', 'trackerType': '202591c2658eb8db7d1c57e1273cd270', 'from': 'ea5dd177a56868d009f7d89f5696b49a', 'to': '6adf97f83acf6453d4a6a4b1070f3754'}, {'createdAt': {'$date': 1692924155000}, 'trackingCode': '3a1d3ca5d30c8641127f7ef5874649f4', 'status': None, 'description': 'ENTRADA', 'trackerType': '202591c2658eb8db7d1c57e1273cd270', 'from': '1d1c443b2c522e1aa7f7a17813a9557e', 'to': '6adf97f83acf6453d4a6a4b1070f3754'}, {'createdAt': {'$date': 1692925112000}, 'trackingCode': '3a1d3ca5d30c8641127f7ef5874649f4', 'status': None, 'description': 'TRANSFERENCIA', 'trackerType': '202591c2658eb8db7d1c57e1273cd270', 'from': '1d1c443b2c522e1aa7f7a17813a9557e', 'to': '6adf97f83acf6453d4a6a4b1070f3754'}, {'createdAt': {'$date': 1692932334000}, 'trackingCode': '3a1d3ca5d30c8641127f7ef5874649f4', 'status': None, 'description': 'TRANSFERENCIA', 'trackerType': '202591c2658eb8db7d1c57e1273cd270', 'from': 'fac929278c0e5ba967802153ba729336', 'to': '6adf97f83acf6453d4a6a4b1070f3754'}, {'createdAt': {'$date': 1692949181000}, 'trackingCode': '3a1d3ca5d30c8641127f7ef5874649f4', 'status': None, 'description': 'ENTRADA', 'trackerType': '202591c2658eb8db7d1c57e1273cd270', 'from': 'd1c9d4eb961a87051def7270d1ac0abb', 'to': '6adf97f83acf6453d4a6a4b1070f3754'}, {'createdAt': {'$date': 1692950559000}, 'trackingCode': '3a1d3ca5d30c8641127f7ef5874649f4', 'status': None, 'description': 'EM ROTA', 'trackerType': '202591c2658eb8db7d1c57e1273cd270', 'from': 'd1c9d4eb961a87051def7270d1ac0abb', 'to': '6adf97f83acf6453d4a6a4b1070f3754'}, {'createdAt': {'$date': 1692970797000}, 'trackingCode': '3a1d3ca5d30c8641127f7ef5874649f4', 'status': None, 'description': 'ENTREGUE', 'trackerType': '202591c2658eb8db7d1c57e1273cd270', 'from': 'd1c9d4eb961a87051def7270d1ac0abb', 'to': '6adf97f83acf6453d4a6a4b1070f3754'}]"
U,d653f5634ab26043a226949cea45a199,1690956257,1693824984,1693824984,"[{'createdAt': {'$date': 1690930083000}, 'trackingCode': 'b8c14f15fa8953dd28a488014605862f', 'status': None, 'description': 'EMISSAO', 'trackerType': '202591c2658eb8db7d1c57e1273cd270', 'from': 'c33e4ea1cfb7c47dd8b66d160e2eaeeb', 'to': '6adf97f83acf6453d4a6a4b1070f3754'}, {'createdAt': {'$date': 1690949867000}, 'trackingCode': 'b8c14f15fa8953dd28a488014605862f', 'status': None, 'description': 'TRANSFERENCIA', 'trackerType': '202591c2658eb8db7d1c57e1273cd270', 'from': 'c33e4ea1cfb7c47dd8b66d160e2eaeeb', 'to': '6adf97f83acf6453d4a6a4b1070f3754'}, {'createdAt': {'$date': 1690959281000}, 'trackingCode': 'b8c14f15fa8953dd28a488014605862f', 'status': None, 'description': 'ENTRADA', 'trackerType': '202591c2658eb8db7d1c57e1273cd270', 'from': '089607e1466a53ee58164c9974d00976', 'to': '6adf97f83acf6453d4a6a4b1070f3754'}, {'createdAt': {'$date': 1690962349000}, 'trackingCode': 'b8c14f15fa8953dd28a488014605862f', 'status': None, 'description': 'TRANSFERENCIA', 'trackerType': '202591c2658eb8db7d1c57e1273cd270', 'from': '898e12ca9ad5c99d74600b297158c9a9', 'to': '6adf97f83acf6453d4a6a4b1070f3754'}, {'createdAt': {'$date': 1690971414000}, 'trackingCode': 'b8c14f15fa8953dd28a488014605862f', 'status': None, 'description': 'TRANSFERENCIA', 'trackerType': '202591c2658eb8db7d1c57e1273cd270', 'from': 'fac929278c0e5ba967802153ba729336', 'to': '6adf97f83acf6453d4a6a4b1070f3754'}, {'createdAt': {'$date': 1690971572000}, 'trackingCode': 'b8c14f15fa8953dd28a488014605862f', 'status': None, 'description': 'TRANSFERENCIA', 'trackerType': '202591c2658eb8db7d1c57e1273cd270', 'from': 'fac929278c0e5ba967802153ba729336', 'to': '6adf97f83acf6453d4a6a4b1070f3754'}, {'createdAt': {'$date': 1690972743000}, 'trackingCode': 'b8c14f15fa8953dd28a488014605862f', 'status': None, 'description': 'TRANSFERENCIA', 'trackerType': '202591c2658eb8db7d1c57e1273cd270', 'from': 'fac929278c0e5ba967802153ba729336', 'to': '6adf97f83acf6453d4a6a4b1070f3754'}, {'createdAt': {'$date': 1691018338000}, 'trackingCode': 'b8c14f15fa8953dd28a488014605862f', 'status': None, 'description': 'TRANSFERIDO PARA UNIDADE', 'trackerType': '202591c2658eb8db7d1c57e1273cd270', 'from': 'bb06c77b0bda796758fb2d30ec897c06', 'to': '6adf97f83acf6453d4a6a4b1070f3754'}, {'createdAt': {'$date': 1691028909000}, 'trackingCode': 'b8c14f15fa8953dd28a488014605862f', 'status': None, 'description': 'ENTRADA', 'trackerType': '202591c2658eb8db7d1c57e1273cd270', 'from': '84c77d7bc3fb1dd258da3c10bb2f8a27', 'to': '6adf97f83acf6453d4a6a4b1070f3754'}, {'createdAt': {'$date': 1691032748000}, 'trackingCode': 'b8c14f15fa8953dd28a488014605862f', 'status': None, 'description': 'TRANSFERENCIA', 'trackerType': '202591c2658eb8db7d1c57e1273cd270', 'from': '84c77d7bc3fb1dd258da3c10bb2f8a27', 'to': '6adf97f83acf6453d4a6a4b1070f3754'}, {'createdAt': {'$date': 1691036755000}, 'trackingCode': 'b8c14f15fa8953dd28a488014605862f', 'status': None, 'description': 'TRANSFERENCIA', 'trackerType': '202591c2658eb8db7d1c57e1273cd270', 'from': '84c77d7bc3fb1dd258da3c10bb2f8a27', 'to': '6adf97f83acf6453d4a6a4b1070f3754'}, {'createdAt': {'$date': 1691054746000}, 'trackingCode': 'b8c14f15fa8953dd28a488014605862f', 'status': None, 'description': 'TRANSFERIDO PARA UNIDADE', 'trackerType': '202591c2658eb8db7d1c57e1273cd270', 'from': '84c77d7bc3fb1dd258da3c10bb2f8a27', 'to': '6adf97f83acf6453d4a6a4b1070f3754'}, {'createdAt': {'$date': 1691054765000}, 'trackingCode': 'b8c14f15fa8953dd28a488014605862f', 'status': None, 'description': 'TRANSFERIDO PARA UNIDADE', 'trackerType': '202591c2658eb8db7d1c57e1273cd270', 'from': '84c77d7bc3fb1dd258da3c10bb2f8a27', 'to': '6adf97f83acf6453d4a6a4b1070f3754'}, {'createdAt': {'$date': 1691062839000}, 'trackingCode': 'b8c14f15fa8953dd28a488014605862f', 'status': None, 'description': 'ENTRADA', 'trackerType': '202591c2658eb8db7d1c57e1273cd270', 'from': 'ff2a70e19dc81280b643aa46312a74b6', 'to': '6adf97f83acf6453d4a6a4b1070f3754'}, {'createdAt': {'$date': 1691062892000}, 'trackingCode': 'b8c14f15fa8953dd28a488014605862f', 'status': None, 'description': 'EM ROTA', 'trackerType': '202591c2658eb8db7d1c57e1273cd270', 'from': 'ff2a70e19dc81280b643aa46312a74b6', 'to': '6adf97f83acf6453d4a6a4b1070f3754'}, {'createdAt': {'$date': 1691164150000}, 'trackingCode': 'b8c14f15fa8953dd28a488014605862f', 'status': None, 'description': 'ENTREGUE', 'trackerType': '202591c2658eb8db7d1c57e1273cd270', 'from': 'ff2a70e19dc81280b643aa46312a74b6', 'to': '6adf97f83acf6453d4a6a4b1070f3754'}]"
U,f75b56ffe214600edd57a256f3cd9b1b,1691809128,1693824984,1693824984,"[{'createdAt': {'$date': 1691770957000}, 'trackingCode': 'a8e43ff5781e01e0fdb9857496a7cbcf', 'status': None, 'description': 'EMISSAO', 'trackerType': '202591c2658eb8db7d1c57e1273cd270', 'from': '169b66a010f4fab01bdea42568947f34', 'to': '6adf97f83acf6453d4a6a4b1070f3754'}, {'createdAt': {'$date': 1691775880000}, 'trackingCode': 'a8e43ff5781e01e0fdb9857496a7cbcf', 'status': None, 'description': 'TRANSFERENCIA', 'trackerType': '202591c2658eb8db7d1c57e1273cd270', 'from': '169b66a010f4fab01bdea42568947f34', 'to': '6adf97f83acf6453d4a6a4b1070f3754'}, {'createdAt': {'$date': 1691813093000}, 'trackingCode': 'a8e43ff5781e01e0fdb9857496a7cbcf', 'status': None, 'description': 'ENTRADA', 'trackerType': '202591c2658eb8db7d1c57e1273cd270', 'from': 'fac929278c0e5ba967802153ba729336', 'to': '6adf97f83acf6453d4a6a4b1070f3754'}, {'createdAt': {'$date': 1691820622000}, 'trackingCode': 'a8e43ff5781e01e0fdb9857496a7cbcf', 'status': None, 'description': 'TRANSFERENCIA', 'trackerType': '202591c2658eb8db7d1c57e1273cd270', 'from': 'fac929278c0e5ba967802153ba729336', 'to': '6adf97f83acf6453d4a6a4b1070f3754'}, {'createdAt': {'$date': 1691940811000}, 'trackingCode': 'a8e43ff5781e01e0fdb9857496a7cbcf', 'status': None, 'description': 'TRANSFERENCIA', 'trackerType': '202591c2658eb8db7d1c57e1273cd270', 'from': 'fac929278c0e5ba967802153ba729336', 'to': '6adf97f83acf6453d4a6a4b1070f3754'}, {'createdAt': {'$date': 1691996328000}, 'trackingCode': 'a8e43ff5781e01e0fdb9857496a7cbcf', 'status': None, 'description': 'TRANSFERIDO PARA UNIDADE', 'trackerType': '202591c2658eb8db7d1c57e1273cd270', 'from': 'bb06c77b0bda796758fb2d30ec897c06', 'to': '6adf97f83acf6453d4a6a4b1070f3754'}, {'createdAt': {'$date': 1692002380000}, 'trackingCode': 'a8e43ff5781e01e0fdb9857496a7cbcf', 'status': None, 'description': 'ENTRADA', 'trackerType': '202591c2658eb8db7d1c57e1273cd270', 'from': 'cea42657b7208972625c9fa072925406', 'to': '6adf97f83acf6453d4a6a4b1070f3754'}, {'createdAt': {'$date': 1692003451000}, 'trackingCode': 'a8e43ff5781e01e0fdb9857496a7cbcf', 'status': None, 'description': 'EM ROTA', 'trackerType': '202591c2658eb8db7d1c57e1273cd270', 'from': 'cea42657b7208972625c9fa072925406', 'to': '6adf97f83acf6453d4a6a4b1070f3754'}, {'createdAt': {'$date': 1692021168000}, 'trackingCode': 'a8e43ff5781e01e0fdb9857496a7cbcf', 'status': None, 'description': 'ENTREGUE', 'trackerType': '202591c2658eb8db7d1c57e1273cd270', 'from': 'cea42657b7208972625c9fa072925406', 'to': '6adf97f83acf6453d4a6a4b1070f3754'}]"
U,f19b1cda774465b01bde712b7ad70f2d,1689952126,1693824984,1693824984,"[{'createdAt': {'$date': 1689948319000}, 'trackingCode': 'f2841c7d5e24a3bebd3b2dc710563681', 'status': '102', 'description': 'Informação do Envio enviado à Azul Cargo Express (CT-e emitido)\t', 'trackerType': '3b24fa7e14555a1912e5bc2198f8e075', 'from': '27ec0187bfdc23f0fbe26e6c61c8c183', 'to': '6adf97f83acf6453d4a6a4b1070f3754'}, {'createdAt': {'$date': 1689967436000}, 'trackingCode': 'f2841c7d5e24a3bebd3b2dc710563681', 'status': '142', 'description': 'Embarque no veículo para transferência ou em rota para entrega', 'trackerType': '3b24fa7e14555a1912e5bc2198f8e075', 'from': '27ec0187bfdc23f0fbe26e6c61c8c183', 'to': '6adf97f83acf6453d4a6a4b1070f3754'}, {'createdAt': {'$date': 1689967436000}, 'trackingCode': 'f2841c7d5e24a3bebd3b2dc710563681', 'status': '133', 'description': 'Saida Do Veiculo', 'trackerType': '3b24fa7e14555a1912e5bc2198f8e075', 'from': '27ec0187bfdc23f0fbe26e6c61c8c183', 'to': '6adf97f83acf6453d4a6a4b1070f3754'}, {'createdAt': {'$date': 1689970683000}, 'trackingCode': 'f2841c7d5e24a3bebd3b2dc710563681', 'status': '136', 'description': 'Chegou na Unidade Azul Cargo Express\t', 'trackerType': '3b24fa7e14555a1912e5bc2198f8e075', 'from': '573117b689761102d4b2e82849b74e0b', 'to': '6adf97f83acf6453d4a6a4b1070f3754'}, {'createdAt': {'$date': 1690005276000}, 'trackingCode': 'f2841c7d5e24a3bebd3b2dc710563681', 'status': '104', 'description': 'Deixou a unidade Azul Cargo Express\t', 'trackerType': '3b24fa7e14555a1912e5bc2198f8e075', 'from': '573117b689761102d4b2e82849b74e0b', 'to': '6adf97f83acf6453d4a6a4b1070f3754'}, {'createdAt': {'$date': 1690005279000}, 'trackingCode': 'f2841c7d5e24a3bebd3b2dc710563681', 'status': '134', 'description': 'Saída do voo\t', 'trackerType': '3b24fa7e14555a1912e5bc2198f8e075', 'from': '573117b689761102d4b2e82849b74e0b', 'to': '6adf97f83acf6453d4a6a4b1070f3754'}, {'createdAt': {'$date': 1690026360000}, 'trackingCode': 'f2841c7d5e24a3bebd3b2dc710563681', 'status': '137', 'description': 'Chegada do voo\t', 'trackerType': '3b24fa7e14555a1912e5bc2198f8e075', 'from': '89cb1e2fcbb5b49ca53cf4157f671587', 'to': '6adf97f83acf6453d4a6a4b1070f3754'}, {'createdAt': {'$date': 1690183149000}, 'trackingCode': 'f2841c7d5e24a3bebd3b2dc710563681', 'status': '142', 'description': 'Embarque no veículo para transferência ou em rota para entrega', 'trackerType': '3b24fa7e14555a1912e5bc2198f8e075', 'from': '89cb1e2fcbb5b49ca53cf4157f671587', 'to': '6adf97f83acf6453d4a6a4b1070f3754'}, {'createdAt': {'$date': 1690183149000}, 'trackingCode': 'f2841c7d5e24a3bebd3b2dc710563681', 'status': '133', 'description': 'Saida Do Veiculo', 'trackerType': '3b24fa7e14555a1912e5bc2198f8e075', 'from': '89cb1e2fcbb5b49ca53cf4157f671587', 'to': '6adf97f83acf6453d4a6a4b1070f3754'}, {'createdAt': {'$date': 1690188240000}, 'trackingCode': 'f2841c7d5e24a3bebd3b2dc710563681', 'status': '136', 'description': 'Chegou na Unidade Azul Cargo Express\t', 'trackerType': '3b24fa7e14555a1912e5bc2198f8e075', 'from': 'f0e8887a9242ea3011d127685cd52aca', 'to': '6adf97f83acf6453d4a6a4b1070f3754'}, {'createdAt': {'$date': 1690190627000}, 'trackingCode': 'f2841c7d5e24a3bebd3b2dc710563681', 'status': '104', 'description': 'Deixou a unidade Azul Cargo Express\t', 'trackerType': '3b24fa7e14555a1912e5bc2198f8e075', 'from': 'f0e8887a9242ea3011d127685cd52aca', 'to': '6adf97f83acf6453d4a6a4b1070f3754'}, {'createdAt': {'$date': 1690190632000}, 'trackingCode': 'f2841c7d5e24a3bebd3b2dc710563681', 'status': '133', 'description': 'Saida Do Veiculo', 'trackerType': '3b24fa7e14555a1912e5bc2198f8e075', 'from': 'f0e8887a9242ea3011d127685cd52aca', 'to': '6adf97f83acf6453d4a6a4b1070f3754'}, {'createdAt': {'$date': 1690192800000}, 'trackingCode': 'f2841c7d5e24a3bebd3b2dc710563681', 'status': '01', 'description': 'Remessa entregue', 'trackerType': '3b24fa7e14555a1912e5bc2198f8e075', 'from': 'f0e8887a9242ea3011d127685cd52aca', 'to': '6adf97f83acf6453d4a6a4b1070f3754'}]"
U,c1055ff92421ddd42a9497982dc16c0b,1693104528,1693824984,1693824984,"[{'createdAt': {'$date': 1693040825000}, 'trackingCode': '1f06d2336f7f5094748dd1731a8e248f', 'status': None, 'description': 'EMISSAO', 'trackerType': '202591c2658eb8db7d1c57e1273cd270', 'from': '2150b0aa184e18a1c71eaff06beb5c8d', 'to': '6adf97f83acf6453d4a6a4b1070f3754'}, {'createdAt': {'$date': 1693237798000}, 'trackingCode': '1f06d2336f7f5094748dd1731a8e248f', 'status': None, 'description': 'TRANSFERENCIA', 'trackerType': '202591c2658eb8db7d1c57e1273cd270', 'from': '2150b0aa184e18a1c71eaff06beb5c8d', 'to': '6adf97f83acf6453d4a6a4b1070f3754'}, {'createdAt': {'$date': 1693271450000}, 'trackingCode': '1f06d2336f7f5094748dd1731a8e248f', 'status': None, 'description': 'ENTRADA', 'trackerType': '202591c2658eb8db7d1c57e1273cd270', 'from': 'fac929278c0e5ba967802153ba729336', 'to': '6adf97f83acf6453d4a6a4b1070f3754'}, {'createdAt': {'$date': 1693289029000}, 'trackingCode': '1f06d2336f7f5094748dd1731a8e248f', 'status': None, 'description': 'TRANSFERENCIA', 'trackerType': '202591c2658eb8db7d1c57e1273cd270', 'from': 'fac929278c0e5ba967802153ba729336', 'to': '6adf97f83acf6453d4a6a4b1070f3754'}, {'createdAt': {'$date': 1693304761000}, 'trackingCode': '1f06d2336f7f5094748dd1731a8e248f', 'status': None, 'description': 'TRANSFERENCIA', 'trackerType': '202591c2658eb8db7d1c57e1273cd270', 'from': 'fac929278c0e5ba967802153ba729336', 'to': '6adf97f83acf6453d4a6a4b1070f3754'}, {'createdAt': {'$date': 1693379763000}, 'trackingCode': '1f06d2336f7f5094748dd1731a8e248f', 'status': None, 'description': 'TRANSFERIDO PARA UNIDADE', 'trackerType': '202591c2658eb8db7d1c57e1273cd270', 'from': 'bb06c77b0bda796758fb2d30ec897c06', 'to': '6adf97f83acf6453d4a6a4b1070f3754'}, {'createdAt': {'$date': 1693405431000}, 'trackingCode': '1f06d2336f7f5094748dd1731a8e248f', 'status': None, 'description': 'ENTRADA', 'trackerType': '202591c2658eb8db7d1c57e1273cd270', 'from': '971e249ca4af90aa0b044735d8fdd59e', 'to': '6adf97f83acf6453d4a6a4b1070f3754'}, {'createdAt': {'$date': 1693414605000}, 'trackingCode': '1f06d2336f7f5094748dd1731a8e248f', 'status': None, 'description': 'TRANSFERENCIA', 'trackerType': '202591c2658eb8db7d1c57e1273cd270', 'from': '971e249ca4af90aa0b044735d8fdd59e', 'to': '6adf97f83acf6453d4a6a4b1070f3754'}, {'createdAt': {'$date': 1693455962000}, 'trackingCode': '1f06d2336f7f5094748dd1731a8e248f', 'status': None, 'description': 'TRANSFERENCIA', 'trackerType': '202591c2658eb8db7d1c57e1273cd270', 'from': '971e249ca4af90aa0b044735d8fdd59e', 'to': '6adf97f83acf6453d4a6a4b1070f3754'}, {'createdAt': {'$date': 1693469013000}, 'trackingCode': '1f06d2336f7f5094748dd1731a8e248f', 'status': None, 'description': 'TRANSFERIDO PARA UNIDADE', 'trackerType': '202591c2658eb8db7d1c57e1273cd270', 'from': '971e249ca4af90aa0b044735d8fdd59e', 'to': '6adf97f83acf6453d4a6a4b1070f3754'}, {'createdAt': {'$date': 1693470578000}, 'trackingCode': '1f06d2336f7f5094748dd1731a8e248f', 'status': None, 'description': 'ENTRADA', 'trackerType': '202591c2658eb8db7d1c57e1273cd270', 'from': '67042aba410ceac9dd30589ba041a0d7', 'to': '6adf97f83acf6453d4a6a4b1070f3754'}, {'createdAt': {'$date': 1693474334000}, 'trackingCode': '1f06d2336f7f5094748dd1731a8e248f', 'status': None, 'description': 'EM ROTA', 'trackerType': '202591c2658eb8db7d1c57e1273cd270', 'from': '67042aba410ceac9dd30589ba041a0d7', 'to': '6adf97f83acf6453d4a6a4b1070f3754'}, {'createdAt': {'$date': 1693486963000}, 'trackingCode': '1f06d2336f7f5094748dd1731a8e248f', 'status': None, 'description': 'ENTREGUE', 'trackerType': '202591c2658eb8db7d1c57e1273cd270', 'from': '67042aba410ceac9dd30589ba041a0d7', 'to': '6adf97f83acf6453d4a6a4b1070f3754'}]"
U,5dc95f873ae0987861ec0bd4e9441fd0,1693510378,1693824984,1693824984,"[{'createdAt': {'$date': 1693503139000}, 'trackingCode': '6a48b7d5c99fcabc31f3a04c8275b329', 'status': None, 'description': 'EMISSAO', 'trackerType': '202591c2658eb8db7d1c57e1273cd270', 'from': 'f575c3dd639e9fdc9fd3cd26b15f142b', 'to': '6adf97f83acf6453d4a6a4b1070f3754'}, {'createdAt': {'$date': 1693559971000}, 'trackingCode': '6a48b7d5c99fcabc31f3a04c8275b329', 'status': None, 'description': 'TRANSFERENCIA', 'trackerType': '202591c2658eb8db7d1c57e1273cd270', 'from': 'f575c3dd639e9fdc9fd3cd26b15f142b', 'to': '6adf97f83acf6453d4a6a4b1070f3754'}, {'createdAt': {'$date': 1693559987000}, 'trackingCode': '6a48b7d5c99fcabc31f3a04c8275b329', 'status': None, 'description': 'TRANSFERENCIA', 'trackerType': '202591c2658eb8db7d1c57e1273cd270', 'from': 'f575c3dd639e9fdc9fd3cd26b15f142b', 'to': '6adf97f83acf6453d4a6a4b1070f3754'}, {'createdAt': {'$date': 1693588527000}, 'trackingCode': '6a48b7d5c99fcabc31f3a04c8275b329', 'status': None, 'description': 'TRANSFERENCIA', 'trackerType': '202591c2658eb8db7d1c57e1273cd270', 'from': '889a5f0ab29f1483af54e2528caf047e', 'to': '6adf97f83acf6453d4a6a4b1070f3754'}, {'createdAt': {'$date': 1693619962000}, 'trackingCode': '6a48b7d5c99fcabc31f3a04c8275b329', 'status': None, 'description': 'ENTRADA', 'trackerType': '202591c2658eb8db7d1c57e1273cd270', 'from': '1d1c443b2c522e1aa7f7a17813a9557e', 'to': '6adf97f83acf6453d4a6a4b1070f3754'}, {'createdAt': {'$date': 1693620579000}, 'trackingCode': '6a48b7d5c99fcabc31f3a04c8275b329', 'status': None, 'description': 'TRANSFERENCIA', 'trackerType': '202591c2658eb8db7d1c57e1273cd270', 'from': '1d1c443b2c522e1aa7f7a17813a9557e', 'to': '6adf97f83acf6453d4a6a4b1070f3754'}, {'createdAt': {'$date': 1693670380000}, 'trackingCode': '6a48b7d5c99fcabc31f3a04c8275b329', 'status': None, 'description': 'TRANSFERENCIA', 'trackerType': '202591c2658eb8db7d1c57e1273cd270', 'from': 'fac929278c0e5ba967802153ba729336', 'to': '6adf97f83acf6453d4a6a4b1070f3754'}, {'createdAt': {'$date': 1693746417000}, 'trackingCode': '6a48b7d5c99fcabc31f3a04c8275b329', 'status': None, 'description': 'PARADO NA FISCALIZACAO', 'trackerType': '202591c2658eb8db7d1c57e1273cd270', 'from': '1887409277b8317cbfc0d44fff59fbfa', 'to': '6adf97f83acf6453d4a6a4b1070f3754'}]"
U,ee571bcc4ca58c3deb6bd09bd4ed6602,1693510378,1693824984,1693824984,"[{'createdAt': {'$date': 1693503346000}, 'trackingCode': '51d551b65d2cced9d2ee39cbc8c3011e', 'status': None, 'description': 'EMISSAO', 'trackerType': '202591c2658eb8db7d1c57e1273cd270', 'from': '78c2265d2a8ecdfff34c9a761cb63176', 'to': '6adf97f83acf6453d4a6a4b1070f3754'}, {'createdAt': {'$date': 1693584931000}, 'trackingCode': '51d551b65d2cced9d2ee39cbc8c3011e', 'status': None, 'description': 'TRANSFERENCIA', 'trackerType': '202591c2658eb8db7d1c57e1273cd270', 'from': '78c2265d2a8ecdfff34c9a761cb63176', 'to': '6adf97f83acf6453d4a6a4b1070f3754'}, {'createdAt': {'$date': 1693585091000}, 'trackingCode': '51d551b65d2cced9d2ee39cbc8c3011e', 'status': None, 'description': 'TRANSFERENCIA', 'trackerType': '202591c2658eb8db7d1c57e1273cd270', 'from': '78c2265d2a8ecdfff34c9a761cb63176', 'to': '6adf97f83acf6453d4a6a4b1070f3754'}, {'createdAt': {'$date': 1693626370000}, 'trackingCode': '51d551b65d2cced9d2ee39cbc8c3011e', 'status': None, 'description': 'ENTRADA', 'trackerType': '202591c2658eb8db7d1c57e1273cd270', 'from': '678eb27519e5bec839ae31ec9455ea1b', 'to': '6adf97f83acf6453d4a6a4b1070f3754'}, {'createdAt': {'$date': 1693628883000}, 'trackingCode': '51d551b65d2cced9d2ee39cbc8c3011e', 'status': None, 'description': 'TRANSFERENCIA', 'trackerType': '202591c2658eb8db7d1c57e1273cd270', 'from': '678eb27519e5bec839ae31ec9455ea1b', 'to': '6adf97f83acf6453d4a6a4b1070f3754'}, {'createdAt': {'$date': 1693631614000}, 'trackingCode': '51d551b65d2cced9d2ee39cbc8c3011e', 'status': None, 'description': 'TRANSFERENCIA', 'trackerType': '202591c2658eb8db7d1c57e1273cd270', 'from': '678eb27519e5bec839ae31ec9455ea1b', 'to': '6adf97f83acf6453d4a6a4b1070f3754'}, {'createdAt': {'$date': 1693655974000}, 'trackingCode': '51d551b65d2cced9d2ee39cbc8c3011e', 'status': None, 'description': 'TRANSFERIDO PARA UNIDADE', 'trackerType': '202591c2658eb8db7d1c57e1273cd270', 'from': '678eb27519e5bec839ae31ec9455ea1b', 'to': '6adf97f83acf6453d4a6a4b1070f3754'}, {'createdAt': {'$date': 1693670529000}, 'trackingCode': '51d551b65d2cced9d2ee39cbc8c3011e', 'status': None, 'description': 'ENTRADA', 'trackerType': '202591c2658eb8db7d1c57e1273cd270', 'from': 'fac929278c0e5ba967802153ba729336', 'to': '6adf97f83acf6453d4a6a4b1070f3754'}, {'createdAt': {'$date': 1693671128000}, 'trackingCode': '51d551b65d2cced9d2ee39cbc8c3011e', 'status': None, 'description': 'ENTRADA', 'trackerType': '202591c2658eb8db7d1c57e1273cd270', 'from': '866813c9a5f756fd2d824c2b492e80c6', 'to': '6adf97f83acf6453d4a6a4b1070f3754'}, {'createdAt': {'$date': 1693693992000}, 'trackingCode': '51d551b65d2cced9d2ee39cbc8c3011e', 'status': None, 'description': 'TRANSFERENCIA', 'trackerType': '202591c2658eb8db7d1c57e1273cd270', 'from': '866813c9a5f756fd2d824c2b492e80c6', 'to': '6adf97f83acf6453d4a6a4b1070f3754'}, {'createdAt': {'$date': 1693731560000}, 'trackingCode': '51d551b65d2cced9d2ee39cbc8c3011e', 'status': None, 'description': 'TRANSFERENCIA', 'trackerType': '202591c2658eb8db7d1c57e1273cd270', 'from': 'fac929278c0e5ba967802153ba729336', 'to': '6adf97f83acf6453d4a6a4b1070f3754'}, {'createdAt': {'$date': 1693772562000}, 'trackingCode': '51d551b65d2cced9d2ee39cbc8c3011e', 'status': None, 'description': 'TRANSFERIDO PARA UNIDADE', 'trackerType': '202591c2658eb8db7d1c57e1273cd270', 'from': 'bb06c77b0bda796758fb2d30ec897c06', 'to': '6adf97f83acf6453d4a6a4b1070f3754'}, {'createdAt': {'$date': 1693772576000}, 'trackingCode': '51d551b65d2cced9d2ee39cbc8c3011e', 'status': None, 'description': 'TRANSFERIDO PARA UNIDADE', 'trackerType': '202591c2658eb8db7d1c57e1273cd270', 'from': 'bb06c77b0bda796758fb2d30ec897c06', 'to': '6adf97f83acf6453d4a6a4b1070f3754'}, {'createdAt': {'$date': 1693791640000}, 'trackingCode': '51d551b65d2cced9d2ee39cbc8c3011e', 'status': None, 'description': 'ENTRADA', 'trackerType': '202591c2658eb8db7d1c57e1273cd270', 'from': 'd638da252e853581ee95ba532603c3cf', 'to': '6adf97f83acf6453d4a6a4b1070f3754'}, {'createdAt': {'$date': 1693794250000}, 'trackingCode': '51d551b65d2cced9d2ee39cbc8c3011e', 'status': None, 'description': 'TRANSFERENCIA', 'trackerType': '202591c2658eb8db7d1c57e1273cd270', 'from': 'd638da252e853581ee95ba532603c3cf', 'to': '6adf97f83acf6453d4a6a4b1070f3754'}]"
U,b2e8d9988ab9fe859d01c118912e5ede,1692091453,1693824984,1693824984,"[{'createdAt': {'$date': 1692031322000}, 'trackingCode': '4e14368d2a4e46617f7020fbab770edc', 'status': '01', 'description': 'Objeto entregue ao destinatário', 'trackerType': '27bb7dfdbe0de2d482d1c37c3fe5bfe3', 'from': '0f293a952ac9ca7c68bc34259ede7764', 'to': '6adf97f83acf6453d4a6a4b1070f3754'}, {'createdAt': {'$date': 1692026063000}, 'trackingCode': '4e14368d2a4e46617f7020fbab770edc', 'status': '01', 'description': 'Objeto saiu para entrega ao destinatário', 'trackerType': '27bb7dfdbe0de2d482d1c37c3fe5bfe3', 'from': '0f293a952ac9ca7c68bc34259ede7764', 'to': '6adf97f83acf6453d4a6a4b1070f3754'}, {'createdAt': {'$date': 1691838756000}, 'trackingCode': '4e14368d2a4e46617f7020fbab770edc', 'status': '07', 'description': 'Objeto não entregue - empresa sem expediente', 'trackerType': '27bb7dfdbe0de2d482d1c37c3fe5bfe3', 'from': '0f293a952ac9ca7c68bc34259ede7764', 'to': '6adf97f83acf6453d4a6a4b1070f3754'}, {'createdAt': {'$date': 1691820836000}, 'trackingCode': '4e14368d2a4e46617f7020fbab770edc', 'status': '01', 'description': 'Objeto em trânsito - por favor aguarde', 'trackerType': '27bb7dfdbe0de2d482d1c37c3fe5bfe3', 'from': 'd7fd547a14bcde970e5c0edf83bca3d6', 'to': '0f293a952ac9ca7c68bc34259ede7764'}, {'createdAt': {'$date': 1691791248000}, 'trackingCode': '4e14368d2a4e46617f7020fbab770edc', 'status': '01', 'description': 'Objeto em trânsito - por favor aguarde', 'trackerType': '27bb7dfdbe0de2d482d1c37c3fe5bfe3', 'from': '9c503ecc4f113471367063483aca15c7', 'to': 'd7fd547a14bcde970e5c0edf83bca3d6'}, {'createdAt': {'$date': 1691776078000}, 'trackingCode': '4e14368d2a4e46617f7020fbab770edc', 'status': '01', 'description': 'Objeto em trânsito - por favor aguarde', 'trackerType': '27bb7dfdbe0de2d482d1c37c3fe5bfe3', 'from': 'd854f3c2ef4670a8f144f04fe808a36c', 'to': '9c503ecc4f113471367063483aca15c7'}, {'createdAt': {'$date': 1691772380000}, 'trackingCode': '4e14368d2a4e46617f7020fbab770edc', 'status': '01', 'description': 'Objeto postado', 'trackerType': '27bb7dfdbe0de2d482d1c37c3fe5bfe3', 'from': 'd854f3c2ef4670a8f144f04fe808a36c', 'to': '6adf97f83acf6453d4a6a4b1070f3754'}]"
U,b2e190ab52dbf8929472a6404ebd2965,1690542008,1693824984,1693824984,"[{'createdAt': {'$date': 1690525161000}, 'trackingCode': '7f7e067cbe365bf65927c39039eb3233', 'status': '01', 'description': 'Objeto em trânsito - por favor aguarde', 'trackerType': '27bb7dfdbe0de2d482d1c37c3fe5bfe3', 'from': 'a757092f093878f4aac4abe0c0c4746e', 'to': 'd11a14e896ed1108ac15e50c60863c4d'}, {'createdAt': {'$date': 1690468690000}, 'trackingCode': '7f7e067cbe365bf65927c39039eb3233', 'status': '01', 'description': 'Objeto em trânsito - por favor aguarde', 'trackerType': '27bb7dfdbe0de2d482d1c37c3fe5bfe3', 'from': 'ebe23cae183f528d7b85514374c4539d', 'to': 'a757092f093878f4aac4abe0c0c4746e'}, {'createdAt': {'$date': 1690466615000}, 'trackingCode': '7f7e067cbe365bf65927c39039eb3233', 'status': '01', 'description': 'Objeto postado', 'trackerType': '27bb7dfdbe0de2d482d1c37c3fe5bfe3', 'from': 'ebe23cae183f528d7b85514374c4539d', 'to': '6adf97f83acf6453d4a6a4b1070f3754'}, {'createdAt': {'$date': 1690546253000}, 'trackingCode': '7f7e067cbe365bf65927c39039eb3233', 'status': '03', 'description': 'Objeto em correção de rota', 'trackerType': '27bb7dfdbe0de2d482d1c37c3fe5bfe3', 'from': '76ddd8cdc0d5e2591ebf9f780a09f128', 'to': '6adf97f83acf6453d4a6a4b1070f3754'}, {'createdAt': {'$date': 1690609553000}, 'trackingCode': '7f7e067cbe365bf65927c39039eb3233', 'status': '01', 'description': 'Objeto em trânsito - por favor aguarde', 'trackerType': '27bb7dfdbe0de2d482d1c37c3fe5bfe3', 'from': 'a757092f093878f4aac4abe0c0c4746e', 'to': 'd11a14e896ed1108ac15e50c60863c4d'}, {'createdAt': {'$date': 1690805547000}, 'trackingCode': '7f7e067cbe365bf65927c39039eb3233', 'status': '01', 'description': 'Objeto saiu para entrega ao destinatário', 'trackerType': '27bb7dfdbe0de2d482d1c37c3fe5bfe3', 'from': 'd11a14e896ed1108ac15e50c60863c4d', 'to': '6adf97f83acf6453d4a6a4b1070f3754'}, {'createdAt': {'$date': 1690799572000}, 'trackingCode': '7f7e067cbe365bf65927c39039eb3233', 'status': '01', 'description': 'Objeto em trânsito - por favor aguarde', 'trackerType': '27bb7dfdbe0de2d482d1c37c3fe5bfe3', 'from': '76ddd8cdc0d5e2591ebf9f780a09f128', 'to': 'd7fd547a14bcde970e5c0edf83bca3d6'}, {'createdAt': {'$date': 1690822841000}, 'trackingCode': '7f7e067cbe365bf65927c39039eb3233', 'status': '01', 'description': 'Objeto entregue ao destinatário', 'trackerType': '27bb7dfdbe0de2d482d1c37c3fe5bfe3', 'from': 'd11a14e896ed1108ac15e50c60863c4d', 'to': '6adf97f83acf6453d4a6a4b1070f3754'}, {'createdAt': {'$date': 1690554540000}, 'trackingCode': '7f7e067cbe365bf65927c39039eb3233', 'status': '01', 'description': 'Objeto entregue ao destinatário', 'trackerType': '27bb7dfdbe0de2d482d1c37c3fe5bfe3', 'from': '9d6db38cce3610b04d5fa6e6f605be89', 'to': '6adf97f83acf6453d4a6a4b1070f3754'}]"
U,fb94de366ffedec6d6c6ddff0c354888,1693510378,1693824984,1693824984,"[{'createdAt': {'$date': 1693499301000}, 'trackingCode': 'fd942837cac289f6236a4cf08bbb9d6d', 'status': None, 'description': 'EMISSAO', 'trackerType': '202591c2658eb8db7d1c57e1273cd270', 'from': '0b0d0c0200b5e05e6aa92aa4e9b1d8d7', 'to': '6adf97f83acf6453d4a6a4b1070f3754'}, {'createdAt': {'$date': 1693501251000}, 'trackingCode': 'fd942837cac289f6236a4cf08bbb9d6d', 'status': None, 'description': 'TRANSFERENCIA', 'trackerType': '202591c2658eb8db7d1c57e1273cd270', 'from': '0b0d0c0200b5e05e6aa92aa4e9b1d8d7', 'to': '6adf97f83acf6453d4a6a4b1070f3754'}, {'createdAt': {'$date': 1693592167000}, 'trackingCode': 'fd942837cac289f6236a4cf08bbb9d6d', 'status': None, 'description': 'TRANSFERENCIA', 'trackerType': '202591c2658eb8db7d1c57e1273cd270', 'from': '7b7bb4825d46e74dc53208b972130586', 'to': '6adf97f83acf6453d4a6a4b1070f3754'}, {'createdAt': {'$date': 1693643124000}, 'trackingCode': 'fd942837cac289f6236a4cf08bbb9d6d', 'status': None, 'description': 'ENTRADA', 'trackerType': '202591c2658eb8db7d1c57e1273cd270', 'from': 'fac929278c0e5ba967802153ba729336', 'to': '6adf97f83acf6453d4a6a4b1070f3754'}, {'createdAt': {'$date': 1693644405000}, 'trackingCode': 'fd942837cac289f6236a4cf08bbb9d6d', 'status': None, 'description': 'TRANSFERENCIA', 'trackerType': '202591c2658eb8db7d1c57e1273cd270', 'from': '484ba77375b97d1b928c2d4c5685c48b', 'to': '6adf97f83acf6453d4a6a4b1070f3754'}, {'createdAt': {'$date': 1693766088000}, 'trackingCode': 'fd942837cac289f6236a4cf08bbb9d6d', 'status': None, 'description': 'TRANSFERENCIA', 'trackerType': '202591c2658eb8db7d1c57e1273cd270', 'from': 'fac929278c0e5ba967802153ba729336', 'to': '6adf97f83acf6453d4a6a4b1070f3754'}, {'createdAt': {'$date': 1693766810000}, 'trackingCode': 'fd942837cac289f6236a4cf08bbb9d6d', 'status': None, 'description': 'TRANSFERENCIA', 'trackerType': '202591c2658eb8db7d1c57e1273cd270', 'from': 'fac929278c0e5ba967802153ba729336', 'to': '6adf97f83acf6453d4a6a4b1070f3754'}]"
U,670f9a0b8fdac852382683cf13437d74,1690978235,1693824984,1693824984,"[{'createdAt': {'$date': 1690846467000}, 'trackingCode': 'd0c048e527749a9623988b1865d372bf', 'status': '01', 'description': 'Objeto postado', 'trackerType': '27bb7dfdbe0de2d482d1c37c3fe5bfe3', 'from': 'f0aa1982f61314b9aab258c2f110ebab', 'to': '6adf97f83acf6453d4a6a4b1070f3754'}, {'createdAt': {'$date': 1691076558000}, 'trackingCode': 'd0c048e527749a9623988b1865d372bf', 'status': '01', 'description': 'Objeto em trânsito - por favor aguarde', 'trackerType': '27bb7dfdbe0de2d482d1c37c3fe5bfe3', 'from': '44d02c36e6691bb8faacd16784348114', 'to': '1f4ec826839b13b3dd1eb1de9e8688a6'}, {'createdAt': {'$date': 1691076557000}, 'trackingCode': 'd0c048e527749a9623988b1865d372bf', 'status': '10', 'description': 'Fiscalização aduaneira finalizada', 'trackerType': '27bb7dfdbe0de2d482d1c37c3fe5bfe3', 'from': '44d02c36e6691bb8faacd16784348114', 'to': '6adf97f83acf6453d4a6a4b1070f3754'}, {'createdAt': {'$date': 1691067941000}, 'trackingCode': 'd0c048e527749a9623988b1865d372bf', 'status': '16', 'description': 'Objeto recebido pelos Correios do Brasil', 'trackerType': '27bb7dfdbe0de2d482d1c37c3fe5bfe3', 'from': '44d02c36e6691bb8faacd16784348114', 'to': '6adf97f83acf6453d4a6a4b1070f3754'}, {'createdAt': {'$date': 1691203442000}, 'trackingCode': 'd0c048e527749a9623988b1865d372bf', 'status': '01', 'description': 'Objeto em trânsito - por favor aguarde', 'trackerType': '27bb7dfdbe0de2d482d1c37c3fe5bfe3', 'from': '1f4ec826839b13b3dd1eb1de9e8688a6', 'to': 'c314ee3147641ec113b38ba34f4cb7a3'}, {'createdAt': {'$date': 1691673836000}, 'trackingCode': 'd0c048e527749a9623988b1865d372bf', 'status': '01', 'description': 'Objeto em trânsito - por favor aguarde', 'trackerType': '27bb7dfdbe0de2d482d1c37c3fe5bfe3', 'from': 'c314ee3147641ec113b38ba34f4cb7a3', 'to': '839b30ff629e39aa8e09773f141e036e'}, {'createdAt': {'$date': 1692260416000}, 'trackingCode': 'd0c048e527749a9623988b1865d372bf', 'status': '01', 'description': 'Objeto saiu para entrega ao destinatário', 'trackerType': '27bb7dfdbe0de2d482d1c37c3fe5bfe3', 'from': '839b30ff629e39aa8e09773f141e036e', 'to': '6adf97f83acf6453d4a6a4b1070f3754'}, {'createdAt': {'$date': 1692278769000}, 'trackingCode': 'd0c048e527749a9623988b1865d372bf', 'status': '01', 'description': 'Objeto entregue ao destinatário', 'trackerType': '27bb7dfdbe0de2d482d1c37c3fe5bfe3', 'from': '839b30ff629e39aa8e09773f141e036e', 'to': '6adf97f83acf6453d4a6a4b1070f3754'}]"
U,5cbf3d8ddf9d4b04492b74e6bd271402,1691431353,1693824984,1693824984,"[{'createdAt': {'$date': 1691436137000}, 'trackingCode': 'b3d546889d58778ef500e56675dfeafa', 'status': '13', 'description': 'O pacote foi confirmado em uma base da Loggi e vai ser preparado para transferência.', 'trackerType': 'a302942c7f755f858bd9a6c0c6be98fb', 'from': 'eba3f6188b43455934a9dcba5d8f37cc', 'to': '6adf97f83acf6453d4a6a4b1070f3754'}, {'createdAt': {'$date': 1690943357000}, 'trackingCode': 'b3d546889d58778ef500e56675dfeafa', 'status': '1', 'description': 'A etiqueta de envio já foi criada e o pacote está pronto para a coleta.', 'trackerType': 'a302942c7f755f858bd9a6c0c6be98fb', 'from': 'eba3f6188b43455934a9dcba5d8f37cc', 'to': '6adf97f83acf6453d4a6a4b1070f3754'}, {'createdAt': {'$date': 1691477433000}, 'trackingCode': 'b3d546889d58778ef500e56675dfeafa', 'status': '16', 'description': 'O pacote está em transferência de uma base para outra.', 'trackerType': 'a302942c7f755f858bd9a6c0c6be98fb', 'from': '6adf97f83acf6453d4a6a4b1070f3754', 'to': '6adf97f83acf6453d4a6a4b1070f3754'}, {'createdAt': {'$date': 1691477421000}, 'trackingCode': 'b3d546889d58778ef500e56675dfeafa', 'status': '3', 'description': 'O pacote está em uma base e, em breve, vai estar em transferência.', 'trackerType': 'a302942c7f755f858bd9a6c0c6be98fb', 'from': '6adf97f83acf6453d4a6a4b1070f3754', 'to': '6adf97f83acf6453d4a6a4b1070f3754'}, {'createdAt': {'$date': 1691831466000}, 'trackingCode': 'b3d546889d58778ef500e56675dfeafa', 'status': '16', 'description': 'O pacote está em transferência de uma base para outra.', 'trackerType': 'a302942c7f755f858bd9a6c0c6be98fb', 'from': '6adf97f83acf6453d4a6a4b1070f3754', 'to': '6adf97f83acf6453d4a6a4b1070f3754'}, {'createdAt': {'$date': 1691821758000}, 'trackingCode': 'b3d546889d58778ef500e56675dfeafa', 'status': '3', 'description': 'O pacote está em uma base e, em breve, vai estar em transferência.', 'trackerType': 'a302942c7f755f858bd9a6c0c6be98fb', 'from': '6adf97f83acf6453d4a6a4b1070f3754', 'to': '6adf97f83acf6453d4a6a4b1070f3754'}, {'createdAt': {'$date': 1691693889000}, 'trackingCode': 'b3d546889d58778ef500e56675dfeafa', 'status': '17', 'description': 'Tudo certo, o pacote está em uma base da Loggi.', 'trackerType': 'a302942c7f755f858bd9a6c0c6be98fb', 'from': '9a5f1b924065b578493527753059860d', 'to': '6adf97f83acf6453d4a6a4b1070f3754'}, {'createdAt': {'$date': 1691635171000}, 'trackingCode': 'b3d546889d58778ef500e56675dfeafa', 'status': '16', 'description': 'O pacote está em transferência de uma base para outra.', 'trackerType': 'a302942c7f755f858bd9a6c0c6be98fb', 'from': '9a5f1b924065b578493527753059860d', 'to': '6adf97f83acf6453d4a6a4b1070f3754'}, {'createdAt': {'$date': 1691633396000}, 'trackingCode': 'b3d546889d58778ef500e56675dfeafa', 'status': '3', 'description': 'O pacote está em uma base e, em breve, vai estar em transferência.', 'trackerType': 'a302942c7f755f858bd9a6c0c6be98fb', 'from': '9a5f1b924065b578493527753059860d', 'to': '6adf97f83acf6453d4a6a4b1070f3754'}, {'createdAt': {'$date': 1691603846000}, 'trackingCode': 'b3d546889d58778ef500e56675dfeafa', 'status': '15', 'description': 'O pacote já teve suas dimensões conferidas.', 'trackerType': 'a302942c7f755f858bd9a6c0c6be98fb', 'from': '78a32fcc48731cfdbb11966d312f5f4f', 'to': '6adf97f83acf6453d4a6a4b1070f3754'}, {'createdAt': {'$date': 1691493260000}, 'trackingCode': 'b3d546889d58778ef500e56675dfeafa', 'status': '17', 'description': 'Tudo certo, o pacote está em uma base da Loggi.', 'trackerType': 'a302942c7f755f858bd9a6c0c6be98fb', 'from': '78a32fcc48731cfdbb11966d312f5f4f', 'to': '6adf97f83acf6453d4a6a4b1070f3754'}, {'createdAt': {'$date': 1691477420000}, 'trackingCode': 'b3d546889d58778ef500e56675dfeafa', 'status': '3', 'description': 'O pacote está em uma base e, em breve, vai estar em transferência.', 'trackerType': 'a302942c7f755f858bd9a6c0c6be98fb', 'from': '85af581096818836073879e23fe97ae0', 'to': '6adf97f83acf6453d4a6a4b1070f3754'}, {'createdAt': {'$date': 1691986782000}, 'trackingCode': 'b3d546889d58778ef500e56675dfeafa', 'status': '17', 'description': 'Tudo certo, o pacote está em uma base da Loggi.', 'trackerType': 'a302942c7f755f858bd9a6c0c6be98fb', 'from': '6adf97f83acf6453d4a6a4b1070f3754', 'to': '6adf97f83acf6453d4a6a4b1070f3754'}, {'createdAt': {'$date': 1692197027000}, 'trackingCode': 'b3d546889d58778ef500e56675dfeafa', 'status': '11', 'description': 'O pacote está a caminho.', 'trackerType': 'a302942c7f755f858bd9a6c0c6be98fb', 'from': '6adf97f83acf6453d4a6a4b1070f3754', 'to': '6adf97f83acf6453d4a6a4b1070f3754'}, {'createdAt': {'$date': 1693572509000}, 'trackingCode': 'b3d546889d58778ef500e56675dfeafa', 'status': '5', 'description': 'O pacote chegou ao destino final.', 'trackerType': 'a302942c7f755f858bd9a6c0c6be98fb', 'from': 'add5070fe3984fbc91d6b132c89b7ec0', 'to': '6adf97f83acf6453d4a6a4b1070f3754'}]"
U,3ec6ee0edf9d1276a8d0645e5e01ad88,1693499337,1693824984,1693811530,"[{'createdAt': {'$date': 1693508587000}, 'trackingCode': '655c68f112a535fb96bd876dc3043df4', 'status': '13', 'description': 'O pacote foi confirmado em uma base da Loggi e vai ser preparado para transferência.', 'trackerType': 'a302942c7f755f858bd9a6c0c6be98fb', 'from': '769bec8f32db78e3e5310a3c47193ce4', 'to': '6adf97f83acf6453d4a6a4b1070f3754'}, {'createdAt': {'$date': 1693490522000}, 'trackingCode': '655c68f112a535fb96bd876dc3043df4', 'status': '1', 'description': 'A etiqueta de envio já foi criada e o pacote está pronto para a coleta.', 'trackerType': 'a302942c7f755f858bd9a6c0c6be98fb', 'from': '769bec8f32db78e3e5310a3c47193ce4', 'to': '6adf97f83acf6453d4a6a4b1070f3754'}, {'createdAt': {'$date': 1693553844000}, 'trackingCode': '655c68f112a535fb96bd876dc3043df4', 'status': '16', 'description': 'O pacote está em transferência de uma base para outra.', 'trackerType': 'a302942c7f755f858bd9a6c0c6be98fb', 'from': '6adf97f83acf6453d4a6a4b1070f3754', 'to': '6adf97f83acf6453d4a6a4b1070f3754'}, {'createdAt': {'$date': 1693553841000}, 'trackingCode': '655c68f112a535fb96bd876dc3043df4', 'status': '3', 'description': 'O pacote está em uma base e, em breve, vai estar em transferência.', 'trackerType': 'a302942c7f755f858bd9a6c0c6be98fb', 'from': '6adf97f83acf6453d4a6a4b1070f3754', 'to': '6adf97f83acf6453d4a6a4b1070f3754'}, {'createdAt': {'$date': 1693591316000}, 'trackingCode': '655c68f112a535fb96bd876dc3043df4', 'status': '15', 'description': 'O pacote já teve suas dimensões conferidas.', 'trackerType': 'a302942c7f755f858bd9a6c0c6be98fb', 'from': '6adf97f83acf6453d4a6a4b1070f3754', 'to': '6adf97f83acf6453d4a6a4b1070f3754'}, {'createdAt': {'$date': 1693553840000}, 'trackingCode': '655c68f112a535fb96bd876dc3043df4', 'status': '3', 'description': 'O pacote está em uma base e, em breve, vai estar em transferência.', 'trackerType': 'a302942c7f755f858bd9a6c0c6be98fb', 'from': '4798ea2b0ab3b3c8e9edf3e4e2d9cc21', 'to': '6adf97f83acf6453d4a6a4b1070f3754'}, {'createdAt': {'$date': 1693645073000}, 'trackingCode': '655c68f112a535fb96bd876dc3043df4', 'status': '16', 'description': 'O pacote está em transferência de uma base para outra.', 'trackerType': 'a302942c7f755f858bd9a6c0c6be98fb', 'from': '6adf97f83acf6453d4a6a4b1070f3754', 'to': '6adf97f83acf6453d4a6a4b1070f3754'}, {'createdAt': {'$date': 1693644981000}, 'trackingCode': '655c68f112a535fb96bd876dc3043df4', 'status': '3', 'description': 'O pacote está em uma base e, em breve, vai estar em transferência.', 'trackerType': 'a302942c7f755f858bd9a6c0c6be98fb', 'from': '6adf97f83acf6453d4a6a4b1070f3754', 'to': '6adf97f83acf6453d4a6a4b1070f3754'}, {'createdAt': {'$date': 1693681073000}, 'trackingCode': '655c68f112a535fb96bd876dc3043df4', 'status': '17', 'description': 'Tudo certo, o pacote está em uma base da Loggi.', 'trackerType': 'a302942c7f755f858bd9a6c0c6be98fb', 'from': '6adf97f83acf6453d4a6a4b1070f3754', 'to': '6adf97f83acf6453d4a6a4b1070f3754'}, {'createdAt': {'$date': 1693644979000}, 'trackingCode': '655c68f112a535fb96bd876dc3043df4', 'status': '3', 'description': 'O pacote está em uma base e, em breve, vai estar em transferência.', 'trackerType': 'a302942c7f755f858bd9a6c0c6be98fb', 'from': '6b964d21239207b3bf4f4bc6b037b561', 'to': '6adf97f83acf6453d4a6a4b1070f3754'}, {'createdAt': {'$date': 1693691435000}, 'trackingCode': '655c68f112a535fb96bd876dc3043df4', 'status': '15', 'description': 'O pacote já teve suas dimensões conferidas.', 'trackerType': 'a302942c7f755f858bd9a6c0c6be98fb', 'from': '6b964d21239207b3bf4f4bc6b037b561', 'to': '6adf97f83acf6453d4a6a4b1070f3754'}, {'createdAt': {'$date': 1693819039000}, 'trackingCode': '655c68f112a535fb96bd876dc3043df4', 'status': '17', 'description': 'Tudo certo, o pacote está em uma base da Loggi.', 'trackerType': 'a302942c7f755f858bd9a6c0c6be98fb', 'from': '6adf97f83acf6453d4a6a4b1070f3754', 'to': '6adf97f83acf6453d4a6a4b1070f3754'}, {'createdAt': {'$date': 1693810838000}, 'trackingCode': '655c68f112a535fb96bd876dc3043df4', 'status': '16', 'description': 'O pacote está em transferência de uma base para outra.', 'trackerType': 'a302942c7f755f858bd9a6c0c6be98fb', 'from': '4798ea2b0ab3b3c8e9edf3e4e2d9cc21', 'to': '6adf97f83acf6453d4a6a4b1070f3754'}, {'createdAt': {'$date': 1693810516000}, 'trackingCode': '655c68f112a535fb96bd876dc3043df4', 'status': '3', 'description': 'O pacote está em uma base e, em breve, vai estar em transferência.', 'trackerType': 'a302942c7f755f858bd9a6c0c6be98fb', 'from': '6adf97f83acf6453d4a6a4b1070f3754', 'to': '6adf97f83acf6453d4a6a4b1070f3754'}, {'createdAt': {'$date': 1693826535000}, 'trackingCode': '655c68f112a535fb96bd876dc3043df4', 'status': '11', 'description': 'O pacote está a caminho.', 'trackerType': 'a302942c7f755f858bd9a6c0c6be98fb', 'from': '6adf97f83acf6453d4a6a4b1070f3754', 'to': '6adf97f83acf6453d4a6a4b1070f3754'}]"
U,3ec6ee0edf9d1276a8d0645e5e01ad88,1693499337,1693824984,1693824984,"[{'createdAt': {'$date': 1693508587000}, 'trackingCode': '655c68f112a535fb96bd876dc3043df4', 'status': '13', 'description': 'O pacote foi confirmado em uma base da Loggi e vai ser preparado para transferência.', 'trackerType': 'a302942c7f755f858bd9a6c0c6be98fb', 'from': '769bec8f32db78e3e5310a3c47193ce4', 'to': '6adf97f83acf6453d4a6a4b1070f3754'}, {'createdAt': {'$date': 1693490522000}, 'trackingCode': '655c68f112a535fb96bd876dc3043df4', 'status': '1', 'description': 'A etiqueta de envio já foi criada e o pacote está pronto para a coleta.', 'trackerType': 'a302942c7f755f858bd9a6c0c6be98fb', 'from': '769bec8f32db78e3e5310a3c47193ce4', 'to': '6adf97f83acf6453d4a6a4b1070f3754'}, {'createdAt': {'$date': 1693553844000}, 'trackingCode': '655c68f112a535fb96bd876dc3043df4', 'status': '16', 'description': 'O pacote está em transferência de uma base para outra.', 'trackerType': 'a302942c7f755f858bd9a6c0c6be98fb', 'from': '6adf97f83acf6453d4a6a4b1070f3754', 'to': '6adf97f83acf6453d4a6a4b1070f3754'}, {'createdAt': {'$date': 1693553841000}, 'trackingCode': '655c68f112a535fb96bd876dc3043df4', 'status': '3', 'description': 'O pacote está em uma base e, em breve, vai estar em transferência.', 'trackerType': 'a302942c7f755f858bd9a6c0c6be98fb', 'from': '6adf97f83acf6453d4a6a4b1070f3754', 'to': '6adf97f83acf6453d4a6a4b1070f3754'}, {'createdAt': {'$date': 1693591316000}, 'trackingCode': '655c68f112a535fb96bd876dc3043df4', 'status': '15', 'description': 'O pacote já teve suas dimensões conferidas.', 'trackerType': 'a302942c7f755f858bd9a6c0c6be98fb', 'from': '6adf97f83acf6453d4a6a4b1070f3754', 'to': '6adf97f83acf6453d4a6a4b1070f3754'}, {'createdAt': {'$date': 1693553840000}, 'trackingCode': '655c68f112a535fb96bd876dc3043df4', 'status': '3', 'description': 'O pacote está em uma base e, em breve, vai estar em transferência.', 'trackerType': 'a302942c7f755f858bd9a6c0c6be98fb', 'from': '4798ea2b0ab3b3c8e9edf3e4e2d9cc21', 'to': '6adf97f83acf6453d4a6a4b1070f3754'}, {'createdAt': {'$date': 1693645073000}, 'trackingCode': '655c68f112a535fb96bd876dc3043df4', 'status': '16', 'description': 'O pacote está em transferência de uma base para outra.', 'trackerType': 'a302942c7f755f858bd9a6c0c6be98fb', 'from': '6adf97f83acf6453d4a6a4b1070f3754', 'to': '6adf97f83acf6453d4a6a4b1070f3754'}, {'createdAt': {'$date': 1693644981000}, 'trackingCode': '655c68f112a535fb96bd876dc3043df4', 'status': '3', 'description': 'O pacote está em uma base e, em breve, vai estar em transferência.', 'trackerType': 'a302942c7f755f858bd9a6c0c6be98fb', 'from': '6adf97f83acf6453d4a6a4b1070f3754', 'to': '6adf97f83acf6453d4a6a4b1070f3754'}, {'createdAt': {'$date': 1693681073000}, 'trackingCode': '655c68f112a535fb96bd876dc3043df4', 'status': '17', 'description': 'Tudo certo, o pacote está em uma base da Loggi.', 'trackerType': 'a302942c7f755f858bd9a6c0c6be98fb', 'from': '6adf97f83acf6453d4a6a4b1070f3754', 'to': '6adf97f83acf6453d4a6a4b1070f3754'}, {'createdAt': {'$date': 1693644979000}, 'trackingCode': '655c68f112a535fb96bd876dc3043df4', 'status': '3', 'description': 'O pacote está em uma base e, em breve, vai estar em transferência.', 'trackerType': 'a302942c7f755f858bd9a6c0c6be98fb', 'from': '6b964d21239207b3bf4f4bc6b037b561', 'to': '6adf97f83acf6453d4a6a4b1070f3754'}, {'createdAt': {'$date': 1693691435000}, 'trackingCode': '655c68f112a535fb96bd876dc3043df4', 'status': '15', 'description': 'O pacote já teve suas dimensões conferidas.', 'trackerType': 'a302942c7f755f858bd9a6c0c6be98fb', 'from': '6b964d21239207b3bf4f4bc6b037b561', 'to': '6adf97f83acf6453d4a6a4b1070f3754'}, {'createdAt': {'$date': 1693819039000}, 'trackingCode': '655c68f112a535fb96bd876dc3043df4', 'status': '17', 'description': 'Tudo certo, o pacote está em uma base da Loggi.', 'trackerType': 'a302942c7f755f858bd9a6c0c6be98fb', 'from': '6adf97f83acf6453d4a6a4b1070f3754', 'to': '6adf97f83acf6453d4a6a4b1070f3754'}, {'createdAt': {'$date': 1693810838000}, 'trackingCode': '655c68f112a535fb96bd876dc3043df4', 'status': '16', 'description': 'O pacote está em transferência de uma base para outra.', 'trackerType': 'a302942c7f755f858bd9a6c0c6be98fb', 'from': '4798ea2b0ab3b3c8e9edf3e4e2d9cc21', 'to': '6adf97f83acf6453d4a6a4b1070f3754'}, {'createdAt': {'$date': 1693810516000}, 'trackingCode': '655c68f112a535fb96bd876dc3043df4', 'status': '3', 'description': 'O pacote está em uma base e, em breve, vai estar em transferência.', 'trackerType': 'a302942c7f755f858bd9a6c0c6be98fb', 'from': '6adf97f83acf6453d4a6a4b1070f3754', 'to': '6adf97f83acf6453d4a6a4b1070f3754'}, {'createdAt': {'$date': 1693826535000}, 'trackingCode': '655c68f112a535fb96bd876dc3043df4', 'status': '11', 'description': 'O pacote está a caminho.', 'trackerType': 'a302942c7f755f858bd9a6c0c6be98fb', 'from': '6adf97f83acf6453d4a6a4b1070f3754', 'to': '6adf97f83acf6453d4a6a4b1070f3754'}]"
U,1a169a5ce533a7d025fb98704064a3a7,1690902930,1693824984,1693824984,"[{'createdAt': {'$date': 1690886187000}, 'trackingCode': '8263fb72958c2bc1cf2adb048d3ae8e6', 'status': None, 'description': 'EMISSAO', 'trackerType': '202591c2658eb8db7d1c57e1273cd270', 'from': '3324efa163325aac68bf58ab5424dbbb', 'to': '6adf97f83acf6453d4a6a4b1070f3754'}, {'createdAt': {'$date': 1690892297000}, 'trackingCode': '8263fb72958c2bc1cf2adb048d3ae8e6', 'status': None, 'description': 'TRANSFERENCIA', 'trackerType': '202591c2658eb8db7d1c57e1273cd270', 'from': '3324efa163325aac68bf58ab5424dbbb', 'to': '6adf97f83acf6453d4a6a4b1070f3754'}, {'createdAt': {'$date': 1690892598000}, 'trackingCode': '8263fb72958c2bc1cf2adb048d3ae8e6', 'status': None, 'description': 'TRANSFERENCIA', 'trackerType': '202591c2658eb8db7d1c57e1273cd270', 'from': '3324efa163325aac68bf58ab5424dbbb', 'to': '6adf97f83acf6453d4a6a4b1070f3754'}, {'createdAt': {'$date': 1690940898000}, 'trackingCode': '8263fb72958c2bc1cf2adb048d3ae8e6', 'status': None, 'description': 'ENTRADA', 'trackerType': '202591c2658eb8db7d1c57e1273cd270', 'from': 'daa9dcb5feb8f8cb8a0504889945846b', 'to': '6adf97f83acf6453d4a6a4b1070f3754'}, {'createdAt': {'$date': 1690941171000}, 'trackingCode': '8263fb72958c2bc1cf2adb048d3ae8e6', 'status': None, 'description': 'ENTRADA', 'trackerType': '202591c2658eb8db7d1c57e1273cd270', 'from': 'fac929278c0e5ba967802153ba729336', 'to': '6adf97f83acf6453d4a6a4b1070f3754'}, {'createdAt': {'$date': 1690955580000}, 'trackingCode': '8263fb72958c2bc1cf2adb048d3ae8e6', 'status': None, 'description': 'TRANSFERENCIA', 'trackerType': '202591c2658eb8db7d1c57e1273cd270', 'from': 'daa9dcb5feb8f8cb8a0504889945846b', 'to': '6adf97f83acf6453d4a6a4b1070f3754'}, {'createdAt': {'$date': 1691027225000}, 'trackingCode': '8263fb72958c2bc1cf2adb048d3ae8e6', 'status': None, 'description': 'ENTRADA', 'trackerType': '202591c2658eb8db7d1c57e1273cd270', 'from': '45003339ffac286264b30fce83abb5ad', 'to': '6adf97f83acf6453d4a6a4b1070f3754'}, {'createdAt': {'$date': 1691036356000}, 'trackingCode': '8263fb72958c2bc1cf2adb048d3ae8e6', 'status': None, 'description': 'TRANSFERENCIA', 'trackerType': '202591c2658eb8db7d1c57e1273cd270', 'from': '45003339ffac286264b30fce83abb5ad', 'to': '6adf97f83acf6453d4a6a4b1070f3754'}, {'createdAt': {'$date': 1691037040000}, 'trackingCode': '8263fb72958c2bc1cf2adb048d3ae8e6', 'status': None, 'description': 'TRANSFERENCIA', 'trackerType': '202591c2658eb8db7d1c57e1273cd270', 'from': '45003339ffac286264b30fce83abb5ad', 'to': '6adf97f83acf6453d4a6a4b1070f3754'}, {'createdAt': {'$date': 1691037078000}, 'trackingCode': '8263fb72958c2bc1cf2adb048d3ae8e6', 'status': None, 'description': 'TRANSFERIDO PARA UNIDADE', 'trackerType': '202591c2658eb8db7d1c57e1273cd270', 'from': '45003339ffac286264b30fce83abb5ad', 'to': '6adf97f83acf6453d4a6a4b1070f3754'}, {'createdAt': {'$date': 1691048581000}, 'trackingCode': '8263fb72958c2bc1cf2adb048d3ae8e6', 'status': None, 'description': 'ENTRADA', 'trackerType': '202591c2658eb8db7d1c57e1273cd270', 'from': '190ad2163498d24d8195f6b630ebef60', 'to': '6adf97f83acf6453d4a6a4b1070f3754'}, {'createdAt': {'$date': 1691050348000}, 'trackingCode': '8263fb72958c2bc1cf2adb048d3ae8e6', 'status': None, 'description': 'EM ROTA', 'trackerType': '202591c2658eb8db7d1c57e1273cd270', 'from': '190ad2163498d24d8195f6b630ebef60', 'to': '6adf97f83acf6453d4a6a4b1070f3754'}, {'createdAt': {'$date': 1691057507000}, 'trackingCode': '8263fb72958c2bc1cf2adb048d3ae8e6', 'status': None, 'description': 'ENTREGUE', 'trackerType': '202591c2658eb8db7d1c57e1273cd270', 'from': '190ad2163498d24d8195f6b630ebef60', 'to': '6adf97f83acf6453d4a6a4b1070f3754'}]"
U,0639ee3f2c6b242ce48ce02e400cea45,1693624445,1693824984,1693824984,"[{'createdAt': {'$date': 1693607279000}, 'trackingCode': 'd8be43e5cf1ea458ebe4e6d9964e7950', 'status': '01', 'description': 'Objeto em trânsito - por favor aguarde', 'trackerType': '27bb7dfdbe0de2d482d1c37c3fe5bfe3', 'from': '66266e39728f3e0913be520c73819475', 'to': '56f38fab60af78602976d1d4cd5a66f4'}, {'createdAt': {'$date': 1693588201000}, 'trackingCode': 'd8be43e5cf1ea458ebe4e6d9964e7950', 'status': '01', 'description': 'Objeto em trânsito - por favor aguarde', 'trackerType': '27bb7dfdbe0de2d482d1c37c3fe5bfe3', 'from': '812eb6e844f6d90c0d6ec2b529c49837', 'to': '66266e39728f3e0913be520c73819475'}, {'createdAt': {'$date': 1693584574000}, 'trackingCode': 'd8be43e5cf1ea458ebe4e6d9964e7950', 'status': '01', 'description': 'Objeto postado', 'trackerType': '27bb7dfdbe0de2d482d1c37c3fe5bfe3', 'from': '812eb6e844f6d90c0d6ec2b529c49837', 'to': '6adf97f83acf6453d4a6a4b1070f3754'}, {'createdAt': {'$date': 1693638129000}, 'trackingCode': 'd8be43e5cf1ea458ebe4e6d9964e7950', 'status': '01', 'description': 'Objeto em trânsito - por favor aguarde', 'trackerType': '27bb7dfdbe0de2d482d1c37c3fe5bfe3', 'from': '56f38fab60af78602976d1d4cd5a66f4', 'to': 'cf9e728890d7666203587701333edba3'}]"
U,285874367adac953f6c59e2c5e48ec44,1692716607,1693824984,1693824984,"[{'createdAt': {'$date': 1692724912000}, 'trackingCode': '5fc53dd4d8036315fcd74c49211b2072', 'status': '13', 'description': 'O pacote foi confirmado em uma base da Loggi e vai ser preparado para transferência.', 'trackerType': 'a302942c7f755f858bd9a6c0c6be98fb', 'from': '769bec8f32db78e3e5310a3c47193ce4', 'to': '6adf97f83acf6453d4a6a4b1070f3754'}, {'createdAt': {'$date': 1692665713000}, 'trackingCode': '5fc53dd4d8036315fcd74c49211b2072', 'status': '1', 'description': 'A etiqueta de envio já foi criada e o pacote está pronto para a coleta.', 'trackerType': 'a302942c7f755f858bd9a6c0c6be98fb', 'from': '769bec8f32db78e3e5310a3c47193ce4', 'to': '6adf97f83acf6453d4a6a4b1070f3754'}, {'createdAt': {'$date': 1692776964000}, 'trackingCode': '5fc53dd4d8036315fcd74c49211b2072', 'status': '16', 'description': 'O pacote está em transferência de uma base para outra.', 'trackerType': 'a302942c7f755f858bd9a6c0c6be98fb', 'from': '6adf97f83acf6453d4a6a4b1070f3754', 'to': '6adf97f83acf6453d4a6a4b1070f3754'}, {'createdAt': {'$date': 1692776870000}, 'trackingCode': '5fc53dd4d8036315fcd74c49211b2072', 'status': '3', 'description': 'O pacote está em uma base e, em breve, vai estar em transferência.', 'trackerType': 'a302942c7f755f858bd9a6c0c6be98fb', 'from': '6adf97f83acf6453d4a6a4b1070f3754', 'to': '6adf97f83acf6453d4a6a4b1070f3754'}, {'createdAt': {'$date': 1692811207000}, 'trackingCode': '5fc53dd4d8036315fcd74c49211b2072', 'status': '15', 'description': 'O pacote já teve suas dimensões conferidas.', 'trackerType': 'a302942c7f755f858bd9a6c0c6be98fb', 'from': '4798ea2b0ab3b3c8e9edf3e4e2d9cc21', 'to': '6adf97f83acf6453d4a6a4b1070f3754'}, {'createdAt': {'$date': 1692934979000}, 'trackingCode': '5fc53dd4d8036315fcd74c49211b2072', 'status': '3', 'description': 'O pacote está em uma base e, em breve, vai estar em transferência.', 'trackerType': 'a302942c7f755f858bd9a6c0c6be98fb', 'from': '6adf97f83acf6453d4a6a4b1070f3754', 'to': '6adf97f83acf6453d4a6a4b1070f3754'}, {'createdAt': {'$date': 1692933571000}, 'trackingCode': '5fc53dd4d8036315fcd74c49211b2072', 'status': '15', 'description': 'O pacote já teve suas dimensões conferidas.', 'trackerType': 'a302942c7f755f858bd9a6c0c6be98fb', 'from': '78a32fcc48731cfdbb11966d312f5f4f', 'to': '6adf97f83acf6453d4a6a4b1070f3754'}, {'createdAt': {'$date': 1692944295000}, 'trackingCode': '5fc53dd4d8036315fcd74c49211b2072', 'status': '17', 'description': 'Tudo certo, o pacote está em uma base da Loggi.', 'trackerType': 'a302942c7f755f858bd9a6c0c6be98fb', 'from': '3403ecf4efa5b390e6dc9361df253a49', 'to': '6adf97f83acf6453d4a6a4b1070f3754'}, {'createdAt': {'$date': 1692937884000}, 'trackingCode': '5fc53dd4d8036315fcd74c49211b2072', 'status': '16', 'description': 'O pacote está em transferência de uma base para outra.', 'trackerType': 'a302942c7f755f858bd9a6c0c6be98fb', 'from': '3403ecf4efa5b390e6dc9361df253a49', 'to': '6adf97f83acf6453d4a6a4b1070f3754'}, {'createdAt': {'$date': 1692956546000}, 'trackingCode': '5fc53dd4d8036315fcd74c49211b2072', 'status': '11', 'description': 'O pacote está a caminho.', 'trackerType': 'a302942c7f755f858bd9a6c0c6be98fb', 'from': '6adf97f83acf6453d4a6a4b1070f3754', 'to': '6adf97f83acf6453d4a6a4b1070f3754'}, {'createdAt': {'$date': 1692966771000}, 'trackingCode': '5fc53dd4d8036315fcd74c49211b2072', 'status': '5', 'description': 'O pacote chegou ao destino final.', 'trackerType': 'a302942c7f755f858bd9a6c0c6be98fb', 'from': '6adf97f83acf6453d4a6a4b1070f3754', 'to': '6adf97f83acf6453d4a6a4b1070f3754'}]"
U,d2e9989ffc4667da3bc5e476d8233d84,1692147530,1693824984,1693811905,"[{'createdAt': {'$date': 1691953231000}, 'trackingCode': '91628138f1d84697df53122fde735dc1', 'status': '01', 'description': 'Objeto postado', 'trackerType': '27bb7dfdbe0de2d482d1c37c3fe5bfe3', 'from': 'f0aa1982f61314b9aab258c2f110ebab', 'to': '6adf97f83acf6453d4a6a4b1070f3754'}, {'createdAt': {'$date': 1692399969000}, 'trackingCode': '91628138f1d84697df53122fde735dc1', 'status': '16', 'description': 'Objeto recebido pelos Correios do Brasil', 'trackerType': '27bb7dfdbe0de2d482d1c37c3fe5bfe3', 'from': '44d02c36e6691bb8faacd16784348114', 'to': '6adf97f83acf6453d4a6a4b1070f3754'}, {'createdAt': {'$date': 1693632045000}, 'trackingCode': '91628138f1d84697df53122fde735dc1', 'status': '01', 'description': 'Objeto em trânsito - por favor aguarde', 'trackerType': '27bb7dfdbe0de2d482d1c37c3fe5bfe3', 'from': '44d02c36e6691bb8faacd16784348114', 'to': '9c503ecc4f113471367063483aca15c7'}, {'createdAt': {'$date': 1693632044000}, 'trackingCode': '91628138f1d84697df53122fde735dc1', 'status': '10', 'description': 'Fiscalização aduaneira finalizada', 'trackerType': '27bb7dfdbe0de2d482d1c37c3fe5bfe3', 'from': '44d02c36e6691bb8faacd16784348114', 'to': '6adf97f83acf6453d4a6a4b1070f3754'}, {'createdAt': {'$date': 1693789222000}, 'trackingCode': '91628138f1d84697df53122fde735dc1', 'status': '01', 'description': 'Objeto em trânsito - por favor aguarde', 'trackerType': '27bb7dfdbe0de2d482d1c37c3fe5bfe3', 'from': '9c503ecc4f113471367063483aca15c7', 'to': '931741247bff716a6978a36c48e838e1'}, {'createdAt': {'$date': 1693823358000}, 'trackingCode': '91628138f1d84697df53122fde735dc1', 'status': '01', 'description': 'Objeto saiu para entrega ao destinatário', 'trackerType': '27bb7dfdbe0de2d482d1c37c3fe5bfe3', 'from': '931741247bff716a6978a36c48e838e1', 'to': '6adf97f83acf6453d4a6a4b1070f3754'}]"
U,d2e9989ffc4667da3bc5e476d8233d84,1692147530,1693824984,1693824984,"[{'createdAt': {'$date': 1691953231000}, 'trackingCode': '91628138f1d84697df53122fde735dc1', 'status': '01', 'description': 'Objeto postado', 'trackerType': '27bb7dfdbe0de2d482d1c37c3fe5bfe3', 'from': 'f0aa1982f61314b9aab258c2f110ebab', 'to': '6adf97f83acf6453d4a6a4b1070f3754'}, {'createdAt': {'$date': 1692399969000}, 'trackingCode': '91628138f1d84697df53122fde735dc1', 'status': '16', 'description': 'Objeto recebido pelos Correios do Brasil', 'trackerType': '27bb7dfdbe0de2d482d1c37c3fe5bfe3', 'from': '44d02c36e6691bb8faacd16784348114', 'to': '6adf97f83acf6453d4a6a4b1070f3754'}, {'createdAt': {'$date': 1693632045000}, 'trackingCode': '91628138f1d84697df53122fde735dc1', 'status': '01', 'description': 'Objeto em trânsito - por favor aguarde', 'trackerType': '27bb7dfdbe0de2d482d1c37c3fe5bfe3', 'from': '44d02c36e6691bb8faacd16784348114', 'to': '9c503ecc4f113471367063483aca15c7'}, {'createdAt': {'$date': 1693632044000}, 'trackingCode': '91628138f1d84697df53122fde735dc1', 'status': '10', 'description': 'Fiscalização aduaneira finalizada', 'trackerType': '27bb7dfdbe0de2d482d1c37c3fe5bfe3', 'from': '44d02c36e6691bb8faacd16784348114', 'to': '6adf97f83acf6453d4a6a4b1070f3754'}, {'createdAt': {'$date': 1693789222000}, 'trackingCode': '91628138f1d84697df53122fde735dc1', 'status': '01', 'description': 'Objeto em trânsito - por favor aguarde', 'trackerType': '27bb7dfdbe0de2d482d1c37c3fe5bfe3', 'from': '9c503ecc4f113471367063483aca15c7', 'to': '931741247bff716a6978a36c48e838e1'}, {'createdAt': {'$date': 1693823358000}, 'trackingCode': '91628138f1d84697df53122fde735dc1', 'status': '01', 'description': 'Objeto saiu para entrega ao destinatário', 'trackerType': '27bb7dfdbe0de2d482d1c37c3fe5bfe3', 'from': '931741247bff716a6978a36c48e838e1', 'to': '6adf97f83acf6453d4a6a4b1070f3754'}]"
U,a2472111b6d2b756f8fcedda139b55fc,1692102320,1693824984,1693824984,"[{'createdAt': {'$date': 1692097158000}, 'trackingCode': 'a5360ce6cc1d7d21a187f313b81cc466', 'status': '01', 'description': 'Objeto postado', 'trackerType': '27bb7dfdbe0de2d482d1c37c3fe5bfe3', 'from': 'bbe050e6d82c16a5abda1b59a41527b3', 'to': '6adf97f83acf6453d4a6a4b1070f3754'}, {'createdAt': {'$date': 1692113607000}, 'trackingCode': 'a5360ce6cc1d7d21a187f313b81cc466', 'status': '01', 'description': 'Objeto em trânsito - por favor aguarde', 'trackerType': '27bb7dfdbe0de2d482d1c37c3fe5bfe3', 'from': 'bbe050e6d82c16a5abda1b59a41527b3', 'to': '1f4ec826839b13b3dd1eb1de9e8688a6'}, {'createdAt': {'$date': 1692288439000}, 'trackingCode': 'a5360ce6cc1d7d21a187f313b81cc466', 'status': '01', 'description': 'Objeto em trânsito - por favor aguarde', 'trackerType': '27bb7dfdbe0de2d482d1c37c3fe5bfe3', 'from': '1f4ec826839b13b3dd1eb1de9e8688a6', 'to': '1ddb857a8e6a69a03b36820473e1718e'}, {'createdAt': {'$date': 1692614623000}, 'trackingCode': 'a5360ce6cc1d7d21a187f313b81cc466', 'status': '01', 'description': 'Objeto em trânsito - por favor aguarde', 'trackerType': '27bb7dfdbe0de2d482d1c37c3fe5bfe3', 'from': '1ddb857a8e6a69a03b36820473e1718e', 'to': '17732a4e10ab17f52383613dc710d4da'}, {'createdAt': {'$date': 1692774196000}, 'trackingCode': 'a5360ce6cc1d7d21a187f313b81cc466', 'status': '01', 'description': 'Objeto saiu para entrega ao destinatário', 'trackerType': '27bb7dfdbe0de2d482d1c37c3fe5bfe3', 'from': '17732a4e10ab17f52383613dc710d4da', 'to': '6adf97f83acf6453d4a6a4b1070f3754'}, {'createdAt': {'$date': 1692787509000}, 'trackingCode': 'a5360ce6cc1d7d21a187f313b81cc466', 'status': '01', 'description': 'Objeto entregue ao destinatário', 'trackerType': '27bb7dfdbe0de2d482d1c37c3fe5bfe3', 'from': '17732a4e10ab17f52383613dc710d4da', 'to': '6adf97f83acf6453d4a6a4b1070f3754'}]"
U,ce51a14792a1004e43ebbbf3b7677710,1688577841,1693824984,1693824984,"[{'createdAt': {'$date': 1688572828000}, 'trackingCode': '92db5e31801202bc4ef0da32aa15a9f1', 'status': '01', 'description': 'Objeto postado', 'trackerType': '27bb7dfdbe0de2d482d1c37c3fe5bfe3', 'from': 'f0aa1982f61314b9aab258c2f110ebab', 'to': '6adf97f83acf6453d4a6a4b1070f3754'}, {'createdAt': {'$date': 1689001600000}, 'trackingCode': '92db5e31801202bc4ef0da32aa15a9f1', 'status': '16', 'description': 'Objeto recebido pelos Correios do Brasil', 'trackerType': '27bb7dfdbe0de2d482d1c37c3fe5bfe3', 'from': '44d02c36e6691bb8faacd16784348114', 'to': '6adf97f83acf6453d4a6a4b1070f3754'}, {'createdAt': {'$date': 1689192895000}, 'trackingCode': '92db5e31801202bc4ef0da32aa15a9f1', 'status': '01', 'description': 'Objeto em trânsito - por favor aguarde', 'trackerType': '27bb7dfdbe0de2d482d1c37c3fe5bfe3', 'from': '44d02c36e6691bb8faacd16784348114', 'to': 'c2fab76fc69da04c9a5ba68ce7969b21'}, {'createdAt': {'$date': 1689192894000}, 'trackingCode': '92db5e31801202bc4ef0da32aa15a9f1', 'status': '10', 'description': 'Fiscalização aduaneira finalizada', 'trackerType': '27bb7dfdbe0de2d482d1c37c3fe5bfe3', 'from': '44d02c36e6691bb8faacd16784348114', 'to': '6adf97f83acf6453d4a6a4b1070f3754'}, {'createdAt': {'$date': 1689708688000}, 'trackingCode': '92db5e31801202bc4ef0da32aa15a9f1', 'status': '01', 'description': 'Objeto em trânsito - por favor aguarde', 'trackerType': '27bb7dfdbe0de2d482d1c37c3fe5bfe3', 'from': 'c2fab76fc69da04c9a5ba68ce7969b21', 'to': 'b252e19ed2974b2e6dd586511038a5f2'}, {'createdAt': {'$date': 1689941836000}, 'trackingCode': '92db5e31801202bc4ef0da32aa15a9f1', 'status': '01', 'description': 'Objeto saiu para entrega ao destinatário', 'trackerType': '27bb7dfdbe0de2d482d1c37c3fe5bfe3', 'from': 'b252e19ed2974b2e6dd586511038a5f2', 'to': '6adf97f83acf6453d4a6a4b1070f3754'}, {'createdAt': {'$date': 1689948671000}, 'trackingCode': '92db5e31801202bc4ef0da32aa15a9f1', 'status': '01', 'description': 'Objeto entregue ao destinatário', 'trackerType': '27bb7dfdbe0de2d482d1c37c3fe5bfe3', 'from': 'b252e19ed2974b2e6dd586511038a5f2', 'to': '6adf97f83acf6453d4a6a4b1070f3754'}]"
U,acefcb4f0089a8cf1428b5a1c9a9341c,1692001424,1693824984,1693824984,"[{'createdAt': {'$date': 1691772010000}, 'trackingCode': '0e076c0e9ad885dd27fe33cca2434983', 'status': '01', 'description': 'Objeto entregue ao destinatário', 'trackerType': '27bb7dfdbe0de2d482d1c37c3fe5bfe3', 'from': 'fa9758b65cca06f3aae887f3a98c9fc1', 'to': '6adf97f83acf6453d4a6a4b1070f3754'}, {'createdAt': {'$date': 1691771761000}, 'trackingCode': '0e076c0e9ad885dd27fe33cca2434983', 'status': '58', 'description': 'Objeto será entregue em instantes', 'trackerType': '27bb7dfdbe0de2d482d1c37c3fe5bfe3', 'from': 'fa9758b65cca06f3aae887f3a98c9fc1', 'to': '6adf97f83acf6453d4a6a4b1070f3754'}, {'createdAt': {'$date': 1691764159000}, 'trackingCode': '0e076c0e9ad885dd27fe33cca2434983', 'status': '03', 'description': 'Objeto está em rota de entrega', 'trackerType': '27bb7dfdbe0de2d482d1c37c3fe5bfe3', 'from': 'fa9758b65cca06f3aae887f3a98c9fc1', 'to': '6adf97f83acf6453d4a6a4b1070f3754'}, {'createdAt': {'$date': 1691741050000}, 'trackingCode': '0e076c0e9ad885dd27fe33cca2434983', 'status': '01', 'description': 'Objeto em trânsito - por favor aguarde', 'trackerType': '27bb7dfdbe0de2d482d1c37c3fe5bfe3', 'from': 'a9b3bd46be7390826100cfcfd8f271ec', 'to': 'fa9758b65cca06f3aae887f3a98c9fc1'}, {'createdAt': {'$date': 1691670210000}, 'trackingCode': '0e076c0e9ad885dd27fe33cca2434983', 'status': '01', 'description': 'Objeto em trânsito - por favor aguarde', 'trackerType': '27bb7dfdbe0de2d482d1c37c3fe5bfe3', 'from': 'e2146467c22a3a9bafd26374f7b28e85', 'to': 'a9b3bd46be7390826100cfcfd8f271ec'}, {'createdAt': {'$date': 1691670206000}, 'trackingCode': '0e076c0e9ad885dd27fe33cca2434983', 'status': '03', 'description': 'Objeto em correção de rota', 'trackerType': '27bb7dfdbe0de2d482d1c37c3fe5bfe3', 'from': 'e2146467c22a3a9bafd26374f7b28e85', 'to': '6adf97f83acf6453d4a6a4b1070f3754'}, {'createdAt': {'$date': 1691618370000}, 'trackingCode': '0e076c0e9ad885dd27fe33cca2434983', 'status': '01', 'description': 'Objeto em trânsito - por favor aguarde', 'trackerType': '27bb7dfdbe0de2d482d1c37c3fe5bfe3', 'from': '9c503ecc4f113471367063483aca15c7', 'to': 'a9b3bd46be7390826100cfcfd8f271ec'}, {'createdAt': {'$date': 1691601237000}, 'trackingCode': '0e076c0e9ad885dd27fe33cca2434983', 'status': '01', 'description': 'Objeto em trânsito - por favor aguarde', 'trackerType': '27bb7dfdbe0de2d482d1c37c3fe5bfe3', 'from': '8bd29459e624b7340b644b910ffc4731', 'to': '9c503ecc4f113471367063483aca15c7'}, {'createdAt': {'$date': 1691600622000}, 'trackingCode': '0e076c0e9ad885dd27fe33cca2434983', 'status': '01', 'description': 'Objeto postado', 'trackerType': '27bb7dfdbe0de2d482d1c37c3fe5bfe3', 'from': '8bd29459e624b7340b644b910ffc4731', 'to': '6adf97f83acf6453d4a6a4b1070f3754'}]"
U,e574f8812db810e3c604c26dadce0aec,1693593315,1693824984,1693824984,"[{'createdAt': {'$date': 1693571040000}, 'trackingCode': '16663a85774b26367d39322e63e9eafd', 'status': '2', 'description': None, 'trackerType': '2e7165ceb19f183e695ce49285a4c228', 'from': '6b3c549d3d068b03da16a480f8818703', 'to': '6adf97f83acf6453d4a6a4b1070f3754'}, {'createdAt': {'$date': 1693571040000}, 'trackingCode': '16663a85774b26367d39322e63e9eafd', 'status': '11', 'description': None, 'trackerType': '2e7165ceb19f183e695ce49285a4c228', 'from': '6b3c549d3d068b03da16a480f8818703', 'to': 'ace283d6b6bd7f953d2990065d319826'}, {'createdAt': {'$date': 1693571100000}, 'trackingCode': '16663a85774b26367d39322e63e9eafd', 'status': '1', 'description': None, 'trackerType': '2e7165ceb19f183e695ce49285a4c228', 'from': 'd4498e452a9ae23e25cbf77bbf826be2', 'to': 'ace283d6b6bd7f953d2990065d319826'}, {'createdAt': {'$date': 1693571100000}, 'trackingCode': '16663a85774b26367d39322e63e9eafd', 'status': '1', 'description': None, 'trackerType': '2e7165ceb19f183e695ce49285a4c228', 'from': '6b3c549d3d068b03da16a480f8818703', 'to': 'd4498e452a9ae23e25cbf77bbf826be2'}, {'createdAt': {'$date': 1693582140000}, 'trackingCode': '16663a85774b26367d39322e63e9eafd', 'status': '3', 'description': None, 'trackerType': '2e7165ceb19f183e695ce49285a4c228', 'from': '6b3c549d3d068b03da16a480f8818703', 'to': 'd4498e452a9ae23e25cbf77bbf826be2'}, {'createdAt': {'$date': 1693587180000}, 'trackingCode': '16663a85774b26367d39322e63e9eafd', 'status': '3', 'description': None, 'trackerType': '2e7165ceb19f183e695ce49285a4c228', 'from': '6b3c549d3d068b03da16a480f8818703', 'to': 'd4498e452a9ae23e25cbf77bbf826be2'}, {'createdAt': {'$date': 1693599900000}, 'trackingCode': '16663a85774b26367d39322e63e9eafd', 'status': '7', 'description': None, 'trackerType': '2e7165ceb19f183e695ce49285a4c228', 'from': '40a8712b29ac76182ed0c4f632b7d543', 'to': 'd4498e452a9ae23e25cbf77bbf826be2'}, {'createdAt': {'$date': 1693614600000}, 'trackingCode': '16663a85774b26367d39322e63e9eafd', 'status': '6', 'description': None, 'trackerType': '2e7165ceb19f183e695ce49285a4c228', 'from': '40a8712b29ac76182ed0c4f632b7d543', 'to': 'd4498e452a9ae23e25cbf77bbf826be2'}, {'createdAt': {'$date': 1693645440000}, 'trackingCode': '16663a85774b26367d39322e63e9eafd', 'status': '1', 'description': None, 'trackerType': '2e7165ceb19f183e695ce49285a4c228', 'from': 'd4498e452a9ae23e25cbf77bbf826be2', 'to': 'ace283d6b6bd7f953d2990065d319826'}, {'createdAt': {'$date': 1693645500000}, 'trackingCode': '16663a85774b26367d39322e63e9eafd', 'status': '1', 'description': None, 'trackerType': '2e7165ceb19f183e695ce49285a4c228', 'from': 'd4498e452a9ae23e25cbf77bbf826be2', 'to': 'ace283d6b6bd7f953d2990065d319826'}, {'createdAt': {'$date': 1693653000000}, 'trackingCode': '16663a85774b26367d39322e63e9eafd', 'status': '3', 'description': None, 'trackerType': '2e7165ceb19f183e695ce49285a4c228', 'from': 'd4498e452a9ae23e25cbf77bbf826be2', 'to': 'ace283d6b6bd7f953d2990065d319826'}, {'createdAt': {'$date': 1693658880000}, 'trackingCode': '16663a85774b26367d39322e63e9eafd', 'status': '3', 'description': None, 'trackerType': '2e7165ceb19f183e695ce49285a4c228', 'from': 'd4498e452a9ae23e25cbf77bbf826be2', 'to': 'ace283d6b6bd7f953d2990065d319826'}, {'createdAt': {'$date': 1693670580000}, 'trackingCode': '16663a85774b26367d39322e63e9eafd', 'status': '7', 'description': None, 'trackerType': '2e7165ceb19f183e695ce49285a4c228', 'from': '40a8712b29ac76182ed0c4f632b7d543', 'to': 'ace283d6b6bd7f953d2990065d319826'}, {'createdAt': {'$date': 1693677240000}, 'trackingCode': '16663a85774b26367d39322e63e9eafd', 'status': '6', 'description': None, 'trackerType': '2e7165ceb19f183e695ce49285a4c228', 'from': '40a8712b29ac76182ed0c4f632b7d543', 'to': 'ace283d6b6bd7f953d2990065d319826'}]"
U,ff3b10f693298ca3e5874e0d3047f213,1693795697,1693824984,1693824984,"[{'createdAt': {'$date': 1693592318000}, 'trackingCode': 'ce828875e9e2b15aad0914a4089ed72e', 'status': '09', 'description': 'Objeto postado após o horário limite da unidade', 'trackerType': '27bb7dfdbe0de2d482d1c37c3fe5bfe3', 'from': 'd7fd547a14bcde970e5c0edf83bca3d6', 'to': '6adf97f83acf6453d4a6a4b1070f3754'}]"
U,5dea50b26fe0541ed6ea9cd98f3655cd,1692299276,1693824984,1693824984,"[{'createdAt': {'$date': 1692287524000}, 'trackingCode': '19cff7f8c38c7ea5f95b00b60e445caa', 'status': None, 'description': 'EMISSAO', 'trackerType': '202591c2658eb8db7d1c57e1273cd270', 'from': '889a5f0ab29f1483af54e2528caf047e', 'to': '6adf97f83acf6453d4a6a4b1070f3754'}, {'createdAt': {'$date': 1692291787000}, 'trackingCode': '19cff7f8c38c7ea5f95b00b60e445caa', 'status': None, 'description': 'TRANSFERENCIA', 'trackerType': '202591c2658eb8db7d1c57e1273cd270', 'from': '889a5f0ab29f1483af54e2528caf047e', 'to': '6adf97f83acf6453d4a6a4b1070f3754'}, {'createdAt': {'$date': 1692292671000}, 'trackingCode': '19cff7f8c38c7ea5f95b00b60e445caa', 'status': None, 'description': 'TRANSFERENCIA', 'trackerType': '202591c2658eb8db7d1c57e1273cd270', 'from': '889a5f0ab29f1483af54e2528caf047e', 'to': '6adf97f83acf6453d4a6a4b1070f3754'}, {'createdAt': {'$date': 1692376164000}, 'trackingCode': '19cff7f8c38c7ea5f95b00b60e445caa', 'status': None, 'description': 'ENTRADA', 'trackerType': '202591c2658eb8db7d1c57e1273cd270', 'from': '1d1c443b2c522e1aa7f7a17813a9557e', 'to': '6adf97f83acf6453d4a6a4b1070f3754'}, {'createdAt': {'$date': 1692377980000}, 'trackingCode': '19cff7f8c38c7ea5f95b00b60e445caa', 'status': None, 'description': 'TRANSFERENCIA', 'trackerType': '202591c2658eb8db7d1c57e1273cd270', 'from': '1d1c443b2c522e1aa7f7a17813a9557e', 'to': '6adf97f83acf6453d4a6a4b1070f3754'}, {'createdAt': {'$date': 1692401610000}, 'trackingCode': '19cff7f8c38c7ea5f95b00b60e445caa', 'status': None, 'description': 'ENTRADA', 'trackerType': '202591c2658eb8db7d1c57e1273cd270', 'from': '1d1c443b2c522e1aa7f7a17813a9557e', 'to': '6adf97f83acf6453d4a6a4b1070f3754'}, {'createdAt': {'$date': 1692401625000}, 'trackingCode': '19cff7f8c38c7ea5f95b00b60e445caa', 'status': None, 'description': 'ENTRADA', 'trackerType': '202591c2658eb8db7d1c57e1273cd270', 'from': 'fac929278c0e5ba967802153ba729336', 'to': '6adf97f83acf6453d4a6a4b1070f3754'}, {'createdAt': {'$date': 1692406690000}, 'trackingCode': '19cff7f8c38c7ea5f95b00b60e445caa', 'status': None, 'description': 'TRANSFERENCIA', 'trackerType': '202591c2658eb8db7d1c57e1273cd270', 'from': '1d1c443b2c522e1aa7f7a17813a9557e', 'to': '6adf97f83acf6453d4a6a4b1070f3754'}, {'createdAt': {'$date': 1692496609000}, 'trackingCode': '19cff7f8c38c7ea5f95b00b60e445caa', 'status': None, 'description': 'TRANSFERENCIA', 'trackerType': '202591c2658eb8db7d1c57e1273cd270', 'from': 'fac929278c0e5ba967802153ba729336', 'to': '6adf97f83acf6453d4a6a4b1070f3754'}, {'createdAt': {'$date': 1692584560000}, 'trackingCode': '19cff7f8c38c7ea5f95b00b60e445caa', 'status': None, 'description': 'TRANSFERENCIA', 'trackerType': '202591c2658eb8db7d1c57e1273cd270', 'from': 'fac929278c0e5ba967802153ba729336', 'to': '6adf97f83acf6453d4a6a4b1070f3754'}, {'createdAt': {'$date': 1692610018000}, 'trackingCode': '19cff7f8c38c7ea5f95b00b60e445caa', 'status': None, 'description': 'ENTRADA', 'trackerType': '202591c2658eb8db7d1c57e1273cd270', 'from': '5e3ccb5a81dbd302e2508f4ef9532858', 'to': '6adf97f83acf6453d4a6a4b1070f3754'}, {'createdAt': {'$date': 1692614719000}, 'trackingCode': '19cff7f8c38c7ea5f95b00b60e445caa', 'status': None, 'description': 'EM ROTA', 'trackerType': '202591c2658eb8db7d1c57e1273cd270', 'from': '5e3ccb5a81dbd302e2508f4ef9532858', 'to': '6adf97f83acf6453d4a6a4b1070f3754'}, {'createdAt': {'$date': 1692638799000}, 'trackingCode': '19cff7f8c38c7ea5f95b00b60e445caa', 'status': None, 'description': 'ENTREGUE', 'trackerType': '202591c2658eb8db7d1c57e1273cd270', 'from': '5e3ccb5a81dbd302e2508f4ef9532858', 'to': '6adf97f83acf6453d4a6a4b1070f3754'}]"
U,a380ec85fc9e2d421c85f25923486887,1689764428,1693824984,1693824984,"[{'createdAt': {'$date': 1689762111000}, 'trackingCode': '5ff5d8f2c683ce4683f75bbe05a21ddf', 'status': '102', 'description': 'Informação do Envio enviado à Azul Cargo Express (CT-e emitido)\t', 'trackerType': '3b24fa7e14555a1912e5bc2198f8e075', 'from': '8f8e7a6f236148e07e558594da27197c', 'to': '6adf97f83acf6453d4a6a4b1070f3754'}, {'createdAt': {'$date': 1689772103000}, 'trackingCode': '5ff5d8f2c683ce4683f75bbe05a21ddf', 'status': '104', 'description': 'Deixou a unidade Azul Cargo Express\t', 'trackerType': '3b24fa7e14555a1912e5bc2198f8e075', 'from': '8f8e7a6f236148e07e558594da27197c', 'to': '6adf97f83acf6453d4a6a4b1070f3754'}, {'createdAt': {'$date': 1689780139000}, 'trackingCode': '5ff5d8f2c683ce4683f75bbe05a21ddf', 'status': '134', 'description': 'Saída do voo\t', 'trackerType': '3b24fa7e14555a1912e5bc2198f8e075', 'from': '8f8e7a6f236148e07e558594da27197c', 'to': '6adf97f83acf6453d4a6a4b1070f3754'}, {'createdAt': {'$date': 1689799980000}, 'trackingCode': '5ff5d8f2c683ce4683f75bbe05a21ddf', 'status': '137', 'description': 'Chegada do voo\t', 'trackerType': '3b24fa7e14555a1912e5bc2198f8e075', 'from': '89cb1e2fcbb5b49ca53cf4157f671587', 'to': '6adf97f83acf6453d4a6a4b1070f3754'}, {'createdAt': {'$date': 1689846404000}, 'trackingCode': '5ff5d8f2c683ce4683f75bbe05a21ddf', 'status': '104', 'description': 'Deixou a unidade Azul Cargo Express\t', 'trackerType': '3b24fa7e14555a1912e5bc2198f8e075', 'from': '89cb1e2fcbb5b49ca53cf4157f671587', 'to': '6adf97f83acf6453d4a6a4b1070f3754'}, {'createdAt': {'$date': 1689846413000}, 'trackingCode': '5ff5d8f2c683ce4683f75bbe05a21ddf', 'status': '134', 'description': 'Saída do voo\t', 'trackerType': '3b24fa7e14555a1912e5bc2198f8e075', 'from': '89cb1e2fcbb5b49ca53cf4157f671587', 'to': '6adf97f83acf6453d4a6a4b1070f3754'}, {'createdAt': {'$date': 1689861060000}, 'trackingCode': '5ff5d8f2c683ce4683f75bbe05a21ddf', 'status': '137', 'description': 'Chegada do voo\t', 'trackerType': '3b24fa7e14555a1912e5bc2198f8e075', 'from': '562d8d0897940216b3de4dc91237e651', 'to': '6adf97f83acf6453d4a6a4b1070f3754'}, {'createdAt': {'$date': 1689903916000}, 'trackingCode': '5ff5d8f2c683ce4683f75bbe05a21ddf', 'status': '142', 'description': 'Embarque no veículo para transferência ou em rota para entrega', 'trackerType': '3b24fa7e14555a1912e5bc2198f8e075', 'from': '562d8d0897940216b3de4dc91237e651', 'to': '6adf97f83acf6453d4a6a4b1070f3754'}, {'createdAt': {'$date': 1689903916000}, 'trackingCode': '5ff5d8f2c683ce4683f75bbe05a21ddf', 'status': '133', 'description': 'Saida Do Veiculo', 'trackerType': '3b24fa7e14555a1912e5bc2198f8e075', 'from': '562d8d0897940216b3de4dc91237e651', 'to': '6adf97f83acf6453d4a6a4b1070f3754'}, {'createdAt': {'$date': 1689911030000}, 'trackingCode': '5ff5d8f2c683ce4683f75bbe05a21ddf', 'status': '136', 'description': 'Chegou na Unidade Azul Cargo Express\t', 'trackerType': '3b24fa7e14555a1912e5bc2198f8e075', 'from': '897850b2bbbdca879b19c67eb97ff330', 'to': '6adf97f83acf6453d4a6a4b1070f3754'}, {'createdAt': {'$date': 1689913532000}, 'trackingCode': '5ff5d8f2c683ce4683f75bbe05a21ddf', 'status': '104', 'description': 'Deixou a unidade Azul Cargo Express\t', 'trackerType': '3b24fa7e14555a1912e5bc2198f8e075', 'from': '897850b2bbbdca879b19c67eb97ff330', 'to': '6adf97f83acf6453d4a6a4b1070f3754'}, {'createdAt': {'$date': 1689925014000}, 'trackingCode': '5ff5d8f2c683ce4683f75bbe05a21ddf', 'status': '133', 'description': 'Saida Do Veiculo', 'trackerType': '3b24fa7e14555a1912e5bc2198f8e075', 'from': '897850b2bbbdca879b19c67eb97ff330', 'to': '6adf97f83acf6453d4a6a4b1070f3754'}, {'createdAt': {'$date': 1689958291000}, 'trackingCode': '5ff5d8f2c683ce4683f75bbe05a21ddf', 'status': '01', 'description': 'Remessa entregue', 'trackerType': '3b24fa7e14555a1912e5bc2198f8e075', 'from': '6adf97f83acf6453d4a6a4b1070f3754', 'to': '6adf97f83acf6453d4a6a4b1070f3754'}]"
U,3ecf13d2448f282472c8580c92b68561,1691176182,1693824984,1693824984,"[{'createdAt': {'$date': 1691160724000}, 'trackingCode': '1b50720eba467866219f2a844a84ebf6', 'status': '102', 'description': 'Informação do Envio enviado à Azul Cargo Express (CT-e emitido)\t', 'trackerType': '3b24fa7e14555a1912e5bc2198f8e075', 'from': 'd1a3acd98eaf494733db2e99ccc7061d', 'to': '6adf97f83acf6453d4a6a4b1070f3754'}, {'createdAt': {'$date': 1691169930000}, 'trackingCode': '1b50720eba467866219f2a844a84ebf6', 'status': '142', 'description': 'Embarque no veículo para transferência ou em rota para entrega', 'trackerType': '3b24fa7e14555a1912e5bc2198f8e075', 'from': 'd1a3acd98eaf494733db2e99ccc7061d', 'to': '6adf97f83acf6453d4a6a4b1070f3754'}, {'createdAt': {'$date': 1691169930000}, 'trackingCode': '1b50720eba467866219f2a844a84ebf6', 'status': '133', 'description': 'Saida Do Veiculo', 'trackerType': '3b24fa7e14555a1912e5bc2198f8e075', 'from': 'd1a3acd98eaf494733db2e99ccc7061d', 'to': '6adf97f83acf6453d4a6a4b1070f3754'}, {'createdAt': {'$date': 1691187960000}, 'trackingCode': '1b50720eba467866219f2a844a84ebf6', 'status': '136', 'description': 'Chegou na Unidade Azul Cargo Express\t', 'trackerType': '3b24fa7e14555a1912e5bc2198f8e075', 'from': '1eaad630b48b36d5fc32e235aead1633', 'to': '6adf97f83acf6453d4a6a4b1070f3754'}, {'createdAt': {'$date': 1691221900000}, 'trackingCode': '1b50720eba467866219f2a844a84ebf6', 'status': '104', 'description': 'Deixou a unidade Azul Cargo Express\t', 'trackerType': '3b24fa7e14555a1912e5bc2198f8e075', 'from': '1eaad630b48b36d5fc32e235aead1633', 'to': '6adf97f83acf6453d4a6a4b1070f3754'}, {'createdAt': {'$date': 1691221907000}, 'trackingCode': '1b50720eba467866219f2a844a84ebf6', 'status': '134', 'description': 'Saída do voo\t', 'trackerType': '3b24fa7e14555a1912e5bc2198f8e075', 'from': '1eaad630b48b36d5fc32e235aead1633', 'to': '6adf97f83acf6453d4a6a4b1070f3754'}, {'createdAt': {'$date': 1691231100000}, 'trackingCode': '1b50720eba467866219f2a844a84ebf6', 'status': '137', 'description': 'Chegada do voo\t', 'trackerType': '3b24fa7e14555a1912e5bc2198f8e075', 'from': '89cb1e2fcbb5b49ca53cf4157f671587', 'to': '6adf97f83acf6453d4a6a4b1070f3754'}, {'createdAt': {'$date': 1691260248000}, 'trackingCode': '1b50720eba467866219f2a844a84ebf6', 'status': '104', 'description': 'Deixou a unidade Azul Cargo Express\t', 'trackerType': '3b24fa7e14555a1912e5bc2198f8e075', 'from': '89cb1e2fcbb5b49ca53cf4157f671587', 'to': '6adf97f83acf6453d4a6a4b1070f3754'}, {'createdAt': {'$date': 1691260254000}, 'trackingCode': '1b50720eba467866219f2a844a84ebf6', 'status': '134', 'description': 'Saída do voo\t', 'trackerType': '3b24fa7e14555a1912e5bc2198f8e075', 'from': '89cb1e2fcbb5b49ca53cf4157f671587', 'to': '6adf97f83acf6453d4a6a4b1070f3754'}, {'createdAt': {'$date': 1691398860000}, 'trackingCode': '1b50720eba467866219f2a844a84ebf6', 'status': '137', 'description': 'Chegada do voo\t', 'trackerType': '3b24fa7e14555a1912e5bc2198f8e075', 'from': '3dd926dbf57ff34286360e5716332c6a', 'to': '6adf97f83acf6453d4a6a4b1070f3754'}, {'createdAt': {'$date': 1691517540000}, 'trackingCode': '1b50720eba467866219f2a844a84ebf6', 'status': '01', 'description': 'Remessa entregue', 'trackerType': '3b24fa7e14555a1912e5bc2198f8e075', 'from': '3dd926dbf57ff34286360e5716332c6a', 'to': '6adf97f83acf6453d4a6a4b1070f3754'}]"
U,d07ee7fd6eed3887068363b5ac6def21,1691071253,1693824984,1693824984,"[{'createdAt': {'$date': 1691061106000}, 'trackingCode': 'fca139589bc7fbee66ac0a6d7fd149cd', 'status': '01', 'description': 'Objeto saiu para entrega ao destinatário', 'trackerType': '27bb7dfdbe0de2d482d1c37c3fe5bfe3', 'from': '2e668a41a318cf7687430fac9a869099', 'to': '6adf97f83acf6453d4a6a4b1070f3754'}, {'createdAt': {'$date': 1690884993000}, 'trackingCode': 'fca139589bc7fbee66ac0a6d7fd149cd', 'status': '01', 'description': 'Objeto em trânsito - por favor aguarde', 'trackerType': '27bb7dfdbe0de2d482d1c37c3fe5bfe3', 'from': '9c503ecc4f113471367063483aca15c7', 'to': '2e668a41a318cf7687430fac9a869099'}, {'createdAt': {'$date': 1690810921000}, 'trackingCode': 'fca139589bc7fbee66ac0a6d7fd149cd', 'status': '01', 'description': 'Objeto em trânsito - por favor aguarde', 'trackerType': '27bb7dfdbe0de2d482d1c37c3fe5bfe3', 'from': '1f4ec826839b13b3dd1eb1de9e8688a6', 'to': '9c503ecc4f113471367063483aca15c7'}, {'createdAt': {'$date': 1690570918000}, 'trackingCode': 'fca139589bc7fbee66ac0a6d7fd149cd', 'status': '01', 'description': 'Objeto em trânsito - por favor aguarde', 'trackerType': '27bb7dfdbe0de2d482d1c37c3fe5bfe3', 'from': 'f5c4ce0dcc8ac6aeecf5762bb073ee55', 'to': '9c503ecc4f113471367063483aca15c7'}, {'createdAt': {'$date': 1690564973000}, 'trackingCode': 'fca139589bc7fbee66ac0a6d7fd149cd', 'status': '01', 'description': 'Objeto postado', 'trackerType': '27bb7dfdbe0de2d482d1c37c3fe5bfe3', 'from': 'f5c4ce0dcc8ac6aeecf5762bb073ee55', 'to': '6adf97f83acf6453d4a6a4b1070f3754'}, {'createdAt': {'$date': 1691085840000}, 'trackingCode': 'fca139589bc7fbee66ac0a6d7fd149cd', 'status': '01', 'description': 'Objeto entregue ao destinatário', 'trackerType': '27bb7dfdbe0de2d482d1c37c3fe5bfe3', 'from': '2e668a41a318cf7687430fac9a869099', 'to': '6adf97f83acf6453d4a6a4b1070f3754'}]"
U,5e35e81c65a93bc7e821a10d1580a648,1692222015,1693824984,1693824984,"[{'createdAt': {'$date': 1692201089000}, 'trackingCode': '7597dc90d0299b063e4b54853db80320', 'status': '09', 'description': 'Objeto postado após o horário limite da unidade', 'trackerType': '27bb7dfdbe0de2d482d1c37c3fe5bfe3', 'from': '41a8a1cbcb89fd04fbc3067dac949d7e', 'to': '6adf97f83acf6453d4a6a4b1070f3754'}, {'createdAt': {'$date': 1692284169000}, 'trackingCode': '7597dc90d0299b063e4b54853db80320', 'status': '01', 'description': 'Objeto em trânsito - por favor aguarde', 'trackerType': '27bb7dfdbe0de2d482d1c37c3fe5bfe3', 'from': '41a8a1cbcb89fd04fbc3067dac949d7e', 'to': 'd29b01170389a24f6563d4157d8a11ba'}, {'createdAt': {'$date': 1692321044000}, 'trackingCode': '7597dc90d0299b063e4b54853db80320', 'status': '01', 'description': 'Objeto em trânsito - por favor aguarde', 'trackerType': '27bb7dfdbe0de2d482d1c37c3fe5bfe3', 'from': 'd29b01170389a24f6563d4157d8a11ba', 'to': '28825c055248ae23d51ea1b51383a7d7'}, {'createdAt': {'$date': 1692354594000}, 'trackingCode': '7597dc90d0299b063e4b54853db80320', 'status': '01', 'description': 'Objeto saiu para entrega ao destinatário', 'trackerType': '27bb7dfdbe0de2d482d1c37c3fe5bfe3', 'from': '28825c055248ae23d51ea1b51383a7d7', 'to': '6adf97f83acf6453d4a6a4b1070f3754'}, {'createdAt': {'$date': 1692373916000}, 'trackingCode': '7597dc90d0299b063e4b54853db80320', 'status': '01', 'description': 'Objeto entregue ao destinatário', 'trackerType': '27bb7dfdbe0de2d482d1c37c3fe5bfe3', 'from': '28825c055248ae23d51ea1b51383a7d7', 'to': '6adf97f83acf6453d4a6a4b1070f3754'}]"
U,e597cd06e9959ee65d5fba54c16e8f73,1689031647,1693824984,1693824984,"[{'createdAt': {'$date': 1688990940000}, 'trackingCode': '4e6b0716df6b69142a6461a7e091778d', 'status': '01', 'description': 'Objeto em trânsito - por favor aguarde', 'trackerType': '27bb7dfdbe0de2d482d1c37c3fe5bfe3', 'from': 'f0aa1982f61314b9aab258c2f110ebab', 'to': 'fab9ec2163f1d49c0421e3d6bb8e760b'}, {'createdAt': {'$date': 1688989980000}, 'trackingCode': '4e6b0716df6b69142a6461a7e091778d', 'status': '18', 'description': 'Objeto recebido na unidade de exportação no país de origem', 'trackerType': '27bb7dfdbe0de2d482d1c37c3fe5bfe3', 'from': 'f0aa1982f61314b9aab258c2f110ebab', 'to': '6adf97f83acf6453d4a6a4b1070f3754'}, {'createdAt': {'$date': 1688989500000}, 'trackingCode': '4e6b0716df6b69142a6461a7e091778d', 'status': '01', 'description': 'Objeto postado', 'trackerType': '27bb7dfdbe0de2d482d1c37c3fe5bfe3', 'from': 'f0aa1982f61314b9aab258c2f110ebab', 'to': '6adf97f83acf6453d4a6a4b1070f3754'}, {'createdAt': {'$date': 1689697331000}, 'trackingCode': '4e6b0716df6b69142a6461a7e091778d', 'status': '16', 'description': 'Objeto recebido pelos Correios do Brasil', 'trackerType': '27bb7dfdbe0de2d482d1c37c3fe5bfe3', 'from': '8f858ee1067df0a89292373651e6c73e', 'to': '6adf97f83acf6453d4a6a4b1070f3754'}, {'createdAt': {'$date': 1690368060000}, 'trackingCode': '4e6b0716df6b69142a6461a7e091778d', 'status': '21', 'description': 'Encaminhado para fiscalização aduaneira', 'trackerType': '27bb7dfdbe0de2d482d1c37c3fe5bfe3', 'from': '44d02c36e6691bb8faacd16784348114', 'to': '6adf97f83acf6453d4a6a4b1070f3754'}, {'createdAt': {'$date': 1690395617000}, 'trackingCode': '4e6b0716df6b69142a6461a7e091778d', 'status': '17', 'description': 'Aguardando pagamento', 'trackerType': '27bb7dfdbe0de2d482d1c37c3fe5bfe3', 'from': '44d02c36e6691bb8faacd16784348114', 'to': '6adf97f83acf6453d4a6a4b1070f3754'}, {'createdAt': {'$date': 1693008116000}, 'trackingCode': '4e6b0716df6b69142a6461a7e091778d', 'status': '63', 'description': 'Pagamento não efetuado no prazo', 'trackerType': '27bb7dfdbe0de2d482d1c37c3fe5bfe3', 'from': '44d02c36e6691bb8faacd16784348114', 'to': '6adf97f83acf6453d4a6a4b1070f3754'}, {'createdAt': {'$date': 1693469400000}, 'trackingCode': '4e6b0716df6b69142a6461a7e091778d', 'status': '24', 'description': 'Devolução autorizada pela Receita Federal', 'trackerType': '27bb7dfdbe0de2d482d1c37c3fe5bfe3', 'from': '44d02c36e6691bb8faacd16784348114', 'to': '6adf97f83acf6453d4a6a4b1070f3754'}, {'createdAt': {'$date': 1693492151000}, 'trackingCode': '4e6b0716df6b69142a6461a7e091778d', 'status': '13', 'description': 'Objeto devolvido ao país de origem', 'trackerType': '27bb7dfdbe0de2d482d1c37c3fe5bfe3', 'from': '8f858ee1067df0a89292373651e6c73e', 'to': '6adf97f83acf6453d4a6a4b1070f3754'}, {'createdAt': {'$date': 1693492031000}, 'trackingCode': '4e6b0716df6b69142a6461a7e091778d', 'status': '01', 'description': 'Objeto em trânsito - por favor aguarde', 'trackerType': '27bb7dfdbe0de2d482d1c37c3fe5bfe3', 'from': '8f858ee1067df0a89292373651e6c73e', 'to': 'f0aa1982f61314b9aab258c2f110ebab'}]"
U,34d482315b0ccc6caddcfef8c66d50a5,1692012771,1693824984,1693824984,"[{'createdAt': {'$date': 1691400396000}, 'trackingCode': '49ff50ff8f227b0410a955daf1446841', 'status': '102', 'description': 'Informação do Envio enviado à Azul Cargo Express (CT-e emitido)\t', 'trackerType': '3b24fa7e14555a1912e5bc2198f8e075', 'from': '46258c82cb415cf66d7e1c822e6a6ed3', 'to': '6adf97f83acf6453d4a6a4b1070f3754'}, {'createdAt': {'$date': 1691403429000}, 'trackingCode': '49ff50ff8f227b0410a955daf1446841', 'status': '142', 'description': 'Embarque no veículo para transferência ou em rota para entrega', 'trackerType': '3b24fa7e14555a1912e5bc2198f8e075', 'from': '46258c82cb415cf66d7e1c822e6a6ed3', 'to': '6adf97f83acf6453d4a6a4b1070f3754'}, {'createdAt': {'$date': 1691403516000}, 'trackingCode': '49ff50ff8f227b0410a955daf1446841', 'status': '133', 'description': 'Saida Do Veiculo', 'trackerType': '3b24fa7e14555a1912e5bc2198f8e075', 'from': '46258c82cb415cf66d7e1c822e6a6ed3', 'to': '6adf97f83acf6453d4a6a4b1070f3754'}, {'createdAt': {'$date': 1691430898000}, 'trackingCode': '49ff50ff8f227b0410a955daf1446841', 'status': '136', 'description': 'Chegou na Unidade Azul Cargo Express\t', 'trackerType': '3b24fa7e14555a1912e5bc2198f8e075', 'from': '6918fc8134573627793a462712ee6ad6', 'to': '6adf97f83acf6453d4a6a4b1070f3754'}, {'createdAt': {'$date': 1691432613000}, 'trackingCode': '49ff50ff8f227b0410a955daf1446841', 'status': '142', 'description': 'Embarque no veículo para transferência ou em rota para entrega', 'trackerType': '3b24fa7e14555a1912e5bc2198f8e075', 'from': '6918fc8134573627793a462712ee6ad6', 'to': '6adf97f83acf6453d4a6a4b1070f3754'}, {'createdAt': {'$date': 1691432616000}, 'trackingCode': '49ff50ff8f227b0410a955daf1446841', 'status': '133', 'description': 'Saida Do Veiculo', 'trackerType': '3b24fa7e14555a1912e5bc2198f8e075', 'from': '6918fc8134573627793a462712ee6ad6', 'to': '6adf97f83acf6453d4a6a4b1070f3754'}, {'createdAt': {'$date': 1691444940000}, 'trackingCode': '49ff50ff8f227b0410a955daf1446841', 'status': '136', 'description': 'Chegou na Unidade Azul Cargo Express\t', 'trackerType': '3b24fa7e14555a1912e5bc2198f8e075', 'from': '06e06a17681fe072e310794a31a4259f', 'to': '6adf97f83acf6453d4a6a4b1070f3754'}, {'createdAt': {'$date': 1691466650000}, 'trackingCode': '49ff50ff8f227b0410a955daf1446841', 'status': '104', 'description': 'Deixou a unidade Azul Cargo Express\t', 'trackerType': '3b24fa7e14555a1912e5bc2198f8e075', 'from': '06e06a17681fe072e310794a31a4259f', 'to': '6adf97f83acf6453d4a6a4b1070f3754'}, {'createdAt': {'$date': 1691483052000}, 'trackingCode': '49ff50ff8f227b0410a955daf1446841', 'status': '134', 'description': 'Saída do voo\t', 'trackerType': '3b24fa7e14555a1912e5bc2198f8e075', 'from': '06e06a17681fe072e310794a31a4259f', 'to': '6adf97f83acf6453d4a6a4b1070f3754'}, {'createdAt': {'$date': 1691493540000}, 'trackingCode': '49ff50ff8f227b0410a955daf1446841', 'status': '137', 'description': 'Chegada do voo\t', 'trackerType': '3b24fa7e14555a1912e5bc2198f8e075', 'from': '89cb1e2fcbb5b49ca53cf4157f671587', 'to': '6adf97f83acf6453d4a6a4b1070f3754'}, {'createdAt': {'$date': 1691538309000}, 'trackingCode': '49ff50ff8f227b0410a955daf1446841', 'status': '104', 'description': 'Deixou a unidade Azul Cargo Express\t', 'trackerType': '3b24fa7e14555a1912e5bc2198f8e075', 'from': '89cb1e2fcbb5b49ca53cf4157f671587', 'to': '6adf97f83acf6453d4a6a4b1070f3754'}, {'createdAt': {'$date': 1691538326000}, 'trackingCode': '49ff50ff8f227b0410a955daf1446841', 'status': '134', 'description': 'Saída do voo\t', 'trackerType': '3b24fa7e14555a1912e5bc2198f8e075', 'from': '89cb1e2fcbb5b49ca53cf4157f671587', 'to': '6adf97f83acf6453d4a6a4b1070f3754'}, {'createdAt': {'$date': 1691552820000}, 'trackingCode': '49ff50ff8f227b0410a955daf1446841', 'status': '137', 'description': 'Chegada do voo\t', 'trackerType': '3b24fa7e14555a1912e5bc2198f8e075', 'from': 'b95a01ce7b26583d47b0183b5635549c', 'to': '6adf97f83acf6453d4a6a4b1070f3754'}, {'createdAt': {'$date': 1691554839000}, 'trackingCode': '49ff50ff8f227b0410a955daf1446841', 'status': '142', 'description': 'Embarque no veículo para transferência ou em rota para entrega', 'trackerType': '3b24fa7e14555a1912e5bc2198f8e075', 'from': 'b95a01ce7b26583d47b0183b5635549c', 'to': '6adf97f83acf6453d4a6a4b1070f3754'}, {'createdAt': {'$date': 1691554839000}, 'trackingCode': '49ff50ff8f227b0410a955daf1446841', 'status': '133', 'description': 'Saida Do Veiculo', 'trackerType': '3b24fa7e14555a1912e5bc2198f8e075', 'from': 'b95a01ce7b26583d47b0183b5635549c', 'to': '6adf97f83acf6453d4a6a4b1070f3754'}, {'createdAt': {'$date': 1691580840000}, 'trackingCode': '49ff50ff8f227b0410a955daf1446841', 'status': '136', 'description': 'Chegou na Unidade Azul Cargo Express\t', 'trackerType': '3b24fa7e14555a1912e5bc2198f8e075', 'from': '506681d858ce103baa57b43f31e17983', 'to': '6adf97f83acf6453d4a6a4b1070f3754'}, {'createdAt': {'$date': 1692088885000}, 'trackingCode': '49ff50ff8f227b0410a955daf1446841', 'status': '104', 'description': 'Deixou a unidade Azul Cargo Express\t', 'trackerType': '3b24fa7e14555a1912e5bc2198f8e075', 'from': '506681d858ce103baa57b43f31e17983', 'to': '6adf97f83acf6453d4a6a4b1070f3754'}, {'createdAt': {'$date': 1692092851000}, 'trackingCode': '49ff50ff8f227b0410a955daf1446841', 'status': '133', 'description': 'Saida Do Veiculo', 'trackerType': '3b24fa7e14555a1912e5bc2198f8e075', 'from': '506681d858ce103baa57b43f31e17983', 'to': '6adf97f83acf6453d4a6a4b1070f3754'}, {'createdAt': {'$date': 1692097949000}, 'trackingCode': '49ff50ff8f227b0410a955daf1446841', 'status': '01', 'description': 'Remessa entregue', 'trackerType': '3b24fa7e14555a1912e5bc2198f8e075', 'from': '6adf97f83acf6453d4a6a4b1070f3754', 'to': '6adf97f83acf6453d4a6a4b1070f3754'}]"
U,da724d6465287dd45975e33ad6d82534,1691805759,1693824984,1693824984,"[{'createdAt': {'$date': 1691796970000}, 'trackingCode': '7dbb0b0722e0182e52053ec454081e72', 'status': '14', 'description': 'A coleta do pacote foi feita e o processo de envio vai ser iniciado.', 'trackerType': 'a302942c7f755f858bd9a6c0c6be98fb', 'from': '3d176e3700b055e947033711908044fb', 'to': '6adf97f83acf6453d4a6a4b1070f3754'}, {'createdAt': {'$date': 1691609704000}, 'trackingCode': '7dbb0b0722e0182e52053ec454081e72', 'status': '1', 'description': 'A etiqueta de envio já foi criada e o pacote está pronto para a coleta.', 'trackerType': 'a302942c7f755f858bd9a6c0c6be98fb', 'from': '3d176e3700b055e947033711908044fb', 'to': '6adf97f83acf6453d4a6a4b1070f3754'}, {'createdAt': {'$date': 1691880438000}, 'trackingCode': '7dbb0b0722e0182e52053ec454081e72', 'status': '15', 'description': 'O pacote já teve suas dimensões conferidas.', 'trackerType': 'a302942c7f755f858bd9a6c0c6be98fb', 'from': '6adf97f83acf6453d4a6a4b1070f3754', 'to': '6adf97f83acf6453d4a6a4b1070f3754'}, {'createdAt': {'$date': 1691883321000}, 'trackingCode': '7dbb0b0722e0182e52053ec454081e72', 'status': '13', 'description': 'O pacote foi confirmado em uma base da Loggi e vai ser preparado para transferência.', 'trackerType': 'a302942c7f755f858bd9a6c0c6be98fb', 'from': '78a32fcc48731cfdbb11966d312f5f4f', 'to': '6adf97f83acf6453d4a6a4b1070f3754'}, {'createdAt': {'$date': 1691997530000}, 'trackingCode': '7dbb0b0722e0182e52053ec454081e72', 'status': '16', 'description': 'O pacote está em transferência de uma base para outra.', 'trackerType': 'a302942c7f755f858bd9a6c0c6be98fb', 'from': '6adf97f83acf6453d4a6a4b1070f3754', 'to': '6adf97f83acf6453d4a6a4b1070f3754'}, {'createdAt': {'$date': 1691996645000}, 'trackingCode': '7dbb0b0722e0182e52053ec454081e72', 'status': '3', 'description': 'O pacote está em uma base e, em breve, vai estar em transferência.', 'trackerType': 'a302942c7f755f858bd9a6c0c6be98fb', 'from': '6adf97f83acf6453d4a6a4b1070f3754', 'to': '6adf97f83acf6453d4a6a4b1070f3754'}, {'createdAt': {'$date': 1692012620000}, 'trackingCode': '7dbb0b0722e0182e52053ec454081e72', 'status': '17', 'description': 'Tudo certo, o pacote está em uma base da Loggi.', 'trackerType': 'a302942c7f755f858bd9a6c0c6be98fb', 'from': '86861fb88eef7616a70646b7cc8b4cc9', 'to': '6adf97f83acf6453d4a6a4b1070f3754'}, {'createdAt': {'$date': 1692029787000}, 'trackingCode': '7dbb0b0722e0182e52053ec454081e72', 'status': '5', 'description': 'O pacote chegou ao destino final.', 'trackerType': 'a302942c7f755f858bd9a6c0c6be98fb', 'from': '6adf97f83acf6453d4a6a4b1070f3754', 'to': '6adf97f83acf6453d4a6a4b1070f3754'}, {'createdAt': {'$date': 1692022244000}, 'trackingCode': '7dbb0b0722e0182e52053ec454081e72', 'status': '11', 'description': 'O pacote está a caminho.', 'trackerType': 'a302942c7f755f858bd9a6c0c6be98fb', 'from': '6adf97f83acf6453d4a6a4b1070f3754', 'to': '6adf97f83acf6453d4a6a4b1070f3754'}]"
U,9693a5339df99fb7d213b9c8a1294ce4,1690218255,1693824984,1693824984,"[{'createdAt': {'$date': 1690212499000}, 'trackingCode': 'c759346fefbb451912c69c93b0d4c9eb', 'status': None, 'description': 'EMISSAO', 'trackerType': '202591c2658eb8db7d1c57e1273cd270', 'from': '82916b2639ec11f1189dbafd9cd08ab4', 'to': '6adf97f83acf6453d4a6a4b1070f3754'}, {'createdAt': {'$date': 1690217892000}, 'trackingCode': 'c759346fefbb451912c69c93b0d4c9eb', 'status': None, 'description': 'TRANSFERENCIA', 'trackerType': '202591c2658eb8db7d1c57e1273cd270', 'from': '82916b2639ec11f1189dbafd9cd08ab4', 'to': '6adf97f83acf6453d4a6a4b1070f3754'}, {'createdAt': {'$date': 1690251666000}, 'trackingCode': 'c759346fefbb451912c69c93b0d4c9eb', 'status': None, 'description': 'ENTRADA', 'trackerType': '202591c2658eb8db7d1c57e1273cd270', 'from': 'fac929278c0e5ba967802153ba729336', 'to': '6adf97f83acf6453d4a6a4b1070f3754'}, {'createdAt': {'$date': 1690260698000}, 'trackingCode': 'c759346fefbb451912c69c93b0d4c9eb', 'status': None, 'description': 'TRANSFERENCIA', 'trackerType': '202591c2658eb8db7d1c57e1273cd270', 'from': '898e12ca9ad5c99d74600b297158c9a9', 'to': '6adf97f83acf6453d4a6a4b1070f3754'}, {'createdAt': {'$date': 1690275939000}, 'trackingCode': 'c759346fefbb451912c69c93b0d4c9eb', 'status': None, 'description': 'TRANSFERENCIA', 'trackerType': '202591c2658eb8db7d1c57e1273cd270', 'from': 'fac929278c0e5ba967802153ba729336', 'to': '6adf97f83acf6453d4a6a4b1070f3754'}, {'createdAt': {'$date': 1690276879000}, 'trackingCode': 'c759346fefbb451912c69c93b0d4c9eb', 'status': None, 'description': 'TRANSFERENCIA', 'trackerType': '202591c2658eb8db7d1c57e1273cd270', 'from': 'fac929278c0e5ba967802153ba729336', 'to': '6adf97f83acf6453d4a6a4b1070f3754'}, {'createdAt': {'$date': 1690277906000}, 'trackingCode': 'c759346fefbb451912c69c93b0d4c9eb', 'status': None, 'description': 'TRANSFERENCIA', 'trackerType': '202591c2658eb8db7d1c57e1273cd270', 'from': 'fac929278c0e5ba967802153ba729336', 'to': '6adf97f83acf6453d4a6a4b1070f3754'}, {'createdAt': {'$date': 1690358054000}, 'trackingCode': 'c759346fefbb451912c69c93b0d4c9eb', 'status': None, 'description': 'TRANSFERIDO PARA UNIDADE', 'trackerType': '202591c2658eb8db7d1c57e1273cd270', 'from': 'bb06c77b0bda796758fb2d30ec897c06', 'to': '6adf97f83acf6453d4a6a4b1070f3754'}, {'createdAt': {'$date': 1690363432000}, 'trackingCode': 'c759346fefbb451912c69c93b0d4c9eb', 'status': None, 'description': 'ENTRADA', 'trackerType': '202591c2658eb8db7d1c57e1273cd270', 'from': '2c1d0060f29477a3a25a3b5dbf765a6a', 'to': '6adf97f83acf6453d4a6a4b1070f3754'}, {'createdAt': {'$date': 1690363941000}, 'trackingCode': 'c759346fefbb451912c69c93b0d4c9eb', 'status': None, 'description': 'EM ROTA', 'trackerType': '202591c2658eb8db7d1c57e1273cd270', 'from': '2c1d0060f29477a3a25a3b5dbf765a6a', 'to': '6adf97f83acf6453d4a6a4b1070f3754'}, {'createdAt': {'$date': 1690386171000}, 'trackingCode': 'c759346fefbb451912c69c93b0d4c9eb', 'status': None, 'description': 'NUMERO NAO LOCALIZADO', 'trackerType': '202591c2658eb8db7d1c57e1273cd270', 'from': '2c1d0060f29477a3a25a3b5dbf765a6a', 'to': '6adf97f83acf6453d4a6a4b1070f3754'}, {'createdAt': {'$date': 1690452319000}, 'trackingCode': 'c759346fefbb451912c69c93b0d4c9eb', 'status': None, 'description': 'ENTRADA', 'trackerType': '202591c2658eb8db7d1c57e1273cd270', 'from': '2c1d0060f29477a3a25a3b5dbf765a6a', 'to': '6adf97f83acf6453d4a6a4b1070f3754'}, {'createdAt': {'$date': 1690452340000}, 'trackingCode': 'c759346fefbb451912c69c93b0d4c9eb', 'status': None, 'description': 'EM ROTA', 'trackerType': '202591c2658eb8db7d1c57e1273cd270', 'from': '2c1d0060f29477a3a25a3b5dbf765a6a', 'to': '6adf97f83acf6453d4a6a4b1070f3754'}, {'createdAt': {'$date': 1690464689000}, 'trackingCode': 'c759346fefbb451912c69c93b0d4c9eb', 'status': None, 'description': 'ENTREGUE', 'trackerType': '202591c2658eb8db7d1c57e1273cd270', 'from': '2c1d0060f29477a3a25a3b5dbf765a6a', 'to': '6adf97f83acf6453d4a6a4b1070f3754'}]"
U,efcc5a2ae264f0db755201b3c4b42031,1692793448,1693824984,1693824984,"[{'createdAt': {'$date': 1692787696000}, 'trackingCode': '9947b5566060543ea4c13a2c6028f86e', 'status': None, 'description': 'EMISSAO', 'trackerType': '202591c2658eb8db7d1c57e1273cd270', 'from': 'b85c1b30d1c6ae0fc6302f5fa94c3143', 'to': '6adf97f83acf6453d4a6a4b1070f3754'}, {'createdAt': {'$date': 1692811071000}, 'trackingCode': '9947b5566060543ea4c13a2c6028f86e', 'status': None, 'description': 'TRANSFERENCIA', 'trackerType': '202591c2658eb8db7d1c57e1273cd270', 'from': 'b85c1b30d1c6ae0fc6302f5fa94c3143', 'to': '6adf97f83acf6453d4a6a4b1070f3754'}, {'createdAt': {'$date': 1692817296000}, 'trackingCode': '9947b5566060543ea4c13a2c6028f86e', 'status': None, 'description': 'ENTRADA', 'trackerType': '202591c2658eb8db7d1c57e1273cd270', 'from': 'a745068cf094ced2d5688366862a4b39', 'to': '6adf97f83acf6453d4a6a4b1070f3754'}, {'createdAt': {'$date': 1692817432000}, 'trackingCode': '9947b5566060543ea4c13a2c6028f86e', 'status': None, 'description': 'TRANSFERENCIA', 'trackerType': '202591c2658eb8db7d1c57e1273cd270', 'from': 'a745068cf094ced2d5688366862a4b39', 'to': '6adf97f83acf6453d4a6a4b1070f3754'}, {'createdAt': {'$date': 1692861341000}, 'trackingCode': '9947b5566060543ea4c13a2c6028f86e', 'status': None, 'description': 'ENTRADA', 'trackerType': '202591c2658eb8db7d1c57e1273cd270', 'from': '1d1c443b2c522e1aa7f7a17813a9557e', 'to': '6adf97f83acf6453d4a6a4b1070f3754'}, {'createdAt': {'$date': 1692865511000}, 'trackingCode': '9947b5566060543ea4c13a2c6028f86e', 'status': None, 'description': 'TRANSFERENCIA', 'trackerType': '202591c2658eb8db7d1c57e1273cd270', 'from': '1d1c443b2c522e1aa7f7a17813a9557e', 'to': '6adf97f83acf6453d4a6a4b1070f3754'}, {'createdAt': {'$date': 1692874048000}, 'trackingCode': '9947b5566060543ea4c13a2c6028f86e', 'status': None, 'description': 'TRANSFERENCIA', 'trackerType': '202591c2658eb8db7d1c57e1273cd270', 'from': 'e91b166c1c839824c55ffc2204e0ed8a', 'to': '6adf97f83acf6453d4a6a4b1070f3754'}, {'createdAt': {'$date': 1692948802000}, 'trackingCode': '9947b5566060543ea4c13a2c6028f86e', 'status': None, 'description': 'ENTRADA', 'trackerType': '202591c2658eb8db7d1c57e1273cd270', 'from': 'a429ff8beba9dd0bf2950c51cda83c9a', 'to': '6adf97f83acf6453d4a6a4b1070f3754'}, {'createdAt': {'$date': 1692958072000}, 'trackingCode': '9947b5566060543ea4c13a2c6028f86e', 'status': None, 'description': 'EM ROTA', 'trackerType': '202591c2658eb8db7d1c57e1273cd270', 'from': 'a429ff8beba9dd0bf2950c51cda83c9a', 'to': '6adf97f83acf6453d4a6a4b1070f3754'}, {'createdAt': {'$date': 1692992460000}, 'trackingCode': '9947b5566060543ea4c13a2c6028f86e', 'status': None, 'description': 'ENTREGUE', 'trackerType': '202591c2658eb8db7d1c57e1273cd270', 'from': 'a429ff8beba9dd0bf2950c51cda83c9a', 'to': '6adf97f83acf6453d4a6a4b1070f3754'}]"
U,5da5422d73e91881344eda08195bbf17,1693323668,1693824984,1693824984,"[{'createdAt': {'$date': 1693217416000}, 'trackingCode': 'c8cc5e20a1d5c4a3f1a2a48ca8658958', 'status': '21', 'description': 'Encaminhado para fiscalização aduaneira', 'trackerType': '27bb7dfdbe0de2d482d1c37c3fe5bfe3', 'from': '44d02c36e6691bb8faacd16784348114', 'to': '6adf97f83acf6453d4a6a4b1070f3754'}, {'createdAt': {'$date': 1692986637000}, 'trackingCode': 'c8cc5e20a1d5c4a3f1a2a48ca8658958', 'status': '16', 'description': 'Objeto recebido pelos Correios do Brasil', 'trackerType': '27bb7dfdbe0de2d482d1c37c3fe5bfe3', 'from': '44d02c36e6691bb8faacd16784348114', 'to': '6adf97f83acf6453d4a6a4b1070f3754'}, {'createdAt': {'$date': 1692594920000}, 'trackingCode': 'c8cc5e20a1d5c4a3f1a2a48ca8658958', 'status': '01', 'description': 'Objeto postado', 'trackerType': '27bb7dfdbe0de2d482d1c37c3fe5bfe3', 'from': 'f0aa1982f61314b9aab258c2f110ebab', 'to': '6adf97f83acf6453d4a6a4b1070f3754'}, {'createdAt': {'$date': 1693374164000}, 'trackingCode': 'c8cc5e20a1d5c4a3f1a2a48ca8658958', 'status': '17', 'description': 'Aguardando pagamento', 'trackerType': '27bb7dfdbe0de2d482d1c37c3fe5bfe3', 'from': '44d02c36e6691bb8faacd16784348114', 'to': '6adf97f83acf6453d4a6a4b1070f3754'}]"
U,4ef82022eafa5beecfb1a4f5b832a75f,1691446651,1693824984,1693824984,"[{'createdAt': {'$date': 1691431532000}, 'trackingCode': 'bc5c3cfe4d801983adec3a25e21a9e07', 'status': None, 'description': 'EMISSAO', 'trackerType': '202591c2658eb8db7d1c57e1273cd270', 'from': 'c8562e5c588f745660cfa83537956663', 'to': '6adf97f83acf6453d4a6a4b1070f3754'}, {'createdAt': {'$date': 1691435884000}, 'trackingCode': 'bc5c3cfe4d801983adec3a25e21a9e07', 'status': None, 'description': 'ENTRADA', 'trackerType': '202591c2658eb8db7d1c57e1273cd270', 'from': 'c8562e5c588f745660cfa83537956663', 'to': '6adf97f83acf6453d4a6a4b1070f3754'}, {'createdAt': {'$date': 1691435950000}, 'trackingCode': 'bc5c3cfe4d801983adec3a25e21a9e07', 'status': None, 'description': 'TRANSFERENCIA', 'trackerType': '202591c2658eb8db7d1c57e1273cd270', 'from': 'c8562e5c588f745660cfa83537956663', 'to': '6adf97f83acf6453d4a6a4b1070f3754'}, {'createdAt': {'$date': 1691440950000}, 'trackingCode': 'bc5c3cfe4d801983adec3a25e21a9e07', 'status': None, 'description': 'ENTRADA', 'trackerType': '202591c2658eb8db7d1c57e1273cd270', 'from': '84c77d7bc3fb1dd258da3c10bb2f8a27', 'to': '6adf97f83acf6453d4a6a4b1070f3754'}, {'createdAt': {'$date': 1691450529000}, 'trackingCode': 'bc5c3cfe4d801983adec3a25e21a9e07', 'status': None, 'description': 'TRANSFERENCIA', 'trackerType': '202591c2658eb8db7d1c57e1273cd270', 'from': '84c77d7bc3fb1dd258da3c10bb2f8a27', 'to': '6adf97f83acf6453d4a6a4b1070f3754'}, {'createdAt': {'$date': 1691538987000}, 'trackingCode': 'bc5c3cfe4d801983adec3a25e21a9e07', 'status': None, 'description': 'TRANSFERENCIA', 'trackerType': '202591c2658eb8db7d1c57e1273cd270', 'from': '84c77d7bc3fb1dd258da3c10bb2f8a27', 'to': '6adf97f83acf6453d4a6a4b1070f3754'}, {'createdAt': {'$date': 1691619781000}, 'trackingCode': 'bc5c3cfe4d801983adec3a25e21a9e07', 'status': None, 'description': 'ENTRADA', 'trackerType': '202591c2658eb8db7d1c57e1273cd270', 'from': '678eb27519e5bec839ae31ec9455ea1b', 'to': '6adf97f83acf6453d4a6a4b1070f3754'}, {'createdAt': {'$date': 1691626945000}, 'trackingCode': 'bc5c3cfe4d801983adec3a25e21a9e07', 'status': None, 'description': 'TRANSFERENCIA', 'trackerType': '202591c2658eb8db7d1c57e1273cd270', 'from': '678eb27519e5bec839ae31ec9455ea1b', 'to': '6adf97f83acf6453d4a6a4b1070f3754'}, {'createdAt': {'$date': 1691677574000}, 'trackingCode': 'bc5c3cfe4d801983adec3a25e21a9e07', 'status': None, 'description': 'TRANSFERENCIA', 'trackerType': '202591c2658eb8db7d1c57e1273cd270', 'from': '678eb27519e5bec839ae31ec9455ea1b', 'to': '6adf97f83acf6453d4a6a4b1070f3754'}, {'createdAt': {'$date': 1691677721000}, 'trackingCode': 'bc5c3cfe4d801983adec3a25e21a9e07', 'status': None, 'description': 'TRANSFERENCIA', 'trackerType': '202591c2658eb8db7d1c57e1273cd270', 'from': '678eb27519e5bec839ae31ec9455ea1b', 'to': '6adf97f83acf6453d4a6a4b1070f3754'}, {'createdAt': {'$date': 1691689484000}, 'trackingCode': 'bc5c3cfe4d801983adec3a25e21a9e07', 'status': None, 'description': 'TRANSFERIDO PARA UNIDADE', 'trackerType': '202591c2658eb8db7d1c57e1273cd270', 'from': '678eb27519e5bec839ae31ec9455ea1b', 'to': '6adf97f83acf6453d4a6a4b1070f3754'}, {'createdAt': {'$date': 1691745356000}, 'trackingCode': 'bc5c3cfe4d801983adec3a25e21a9e07', 'status': None, 'description': 'ENTRADA', 'trackerType': '202591c2658eb8db7d1c57e1273cd270', 'from': '34f931fa2322e20b707ac3d597a33aee', 'to': '6adf97f83acf6453d4a6a4b1070f3754'}, {'createdAt': {'$date': 1691745371000}, 'trackingCode': 'bc5c3cfe4d801983adec3a25e21a9e07', 'status': None, 'description': 'EM ROTA', 'trackerType': '202591c2658eb8db7d1c57e1273cd270', 'from': '34f931fa2322e20b707ac3d597a33aee', 'to': '6adf97f83acf6453d4a6a4b1070f3754'}, {'createdAt': {'$date': 1691759285000}, 'trackingCode': 'bc5c3cfe4d801983adec3a25e21a9e07', 'status': None, 'description': 'ENTREGUE', 'trackerType': '202591c2658eb8db7d1c57e1273cd270', 'from': '34f931fa2322e20b707ac3d597a33aee', 'to': '6adf97f83acf6453d4a6a4b1070f3754'}]"
U,bfd77e9ae826ac3d9eb918d9737d5951,1691597317,1693824984,1693824984,"[{'createdAt': {'$date': 1691594613000}, 'trackingCode': 'bc0c76206965647cddfec63b4e83e5f5', 'status': None, 'description': 'EMISSAO', 'trackerType': '202591c2658eb8db7d1c57e1273cd270', 'from': '2f4bb3c66c1192616bb1e578b0117c13', 'to': '6adf97f83acf6453d4a6a4b1070f3754'}, {'createdAt': {'$date': 1691596602000}, 'trackingCode': 'bc0c76206965647cddfec63b4e83e5f5', 'status': None, 'description': 'TRANSFERENCIA', 'trackerType': '202591c2658eb8db7d1c57e1273cd270', 'from': '2f4bb3c66c1192616bb1e578b0117c13', 'to': '6adf97f83acf6453d4a6a4b1070f3754'}, {'createdAt': {'$date': 1691596633000}, 'trackingCode': 'bc0c76206965647cddfec63b4e83e5f5', 'status': None, 'description': 'TRANSFERENCIA', 'trackerType': '202591c2658eb8db7d1c57e1273cd270', 'from': '2f4bb3c66c1192616bb1e578b0117c13', 'to': '6adf97f83acf6453d4a6a4b1070f3754'}, {'createdAt': {'$date': 1691654194000}, 'trackingCode': 'bc0c76206965647cddfec63b4e83e5f5', 'status': None, 'description': 'ENTRADA', 'trackerType': '202591c2658eb8db7d1c57e1273cd270', 'from': '089607e1466a53ee58164c9974d00976', 'to': '6adf97f83acf6453d4a6a4b1070f3754'}, {'createdAt': {'$date': 1691655015000}, 'trackingCode': 'bc0c76206965647cddfec63b4e83e5f5', 'status': None, 'description': 'ENTRADA', 'trackerType': '202591c2658eb8db7d1c57e1273cd270', 'from': '866813c9a5f756fd2d824c2b492e80c6', 'to': '6adf97f83acf6453d4a6a4b1070f3754'}, {'createdAt': {'$date': 1691658294000}, 'trackingCode': 'bc0c76206965647cddfec63b4e83e5f5', 'status': None, 'description': 'TRANSFERENCIA', 'trackerType': '202591c2658eb8db7d1c57e1273cd270', 'from': '866813c9a5f756fd2d824c2b492e80c6', 'to': '6adf97f83acf6453d4a6a4b1070f3754'}, {'createdAt': {'$date': 1691668244000}, 'trackingCode': 'bc0c76206965647cddfec63b4e83e5f5', 'status': None, 'description': 'TRANSFERENCIA', 'trackerType': '202591c2658eb8db7d1c57e1273cd270', 'from': 'fac929278c0e5ba967802153ba729336', 'to': '6adf97f83acf6453d4a6a4b1070f3754'}, {'createdAt': {'$date': 1691716107000}, 'trackingCode': 'bc0c76206965647cddfec63b4e83e5f5', 'status': None, 'description': 'TRANSFERIDO PARA UNIDADE', 'trackerType': '202591c2658eb8db7d1c57e1273cd270', 'from': 'bb06c77b0bda796758fb2d30ec897c06', 'to': '6adf97f83acf6453d4a6a4b1070f3754'}, {'createdAt': {'$date': 1691746389000}, 'trackingCode': 'bc0c76206965647cddfec63b4e83e5f5', 'status': None, 'description': 'ENTRADA', 'trackerType': '202591c2658eb8db7d1c57e1273cd270', 'from': 'd638da252e853581ee95ba532603c3cf', 'to': '6adf97f83acf6453d4a6a4b1070f3754'}, {'createdAt': {'$date': 1691755625000}, 'trackingCode': 'bc0c76206965647cddfec63b4e83e5f5', 'status': None, 'description': 'TRANSFERENCIA', 'trackerType': '202591c2658eb8db7d1c57e1273cd270', 'from': 'd638da252e853581ee95ba532603c3cf', 'to': '6adf97f83acf6453d4a6a4b1070f3754'}, {'createdAt': {'$date': 1691782598000}, 'trackingCode': 'bc0c76206965647cddfec63b4e83e5f5', 'status': None, 'description': 'TRANSFERENCIA', 'trackerType': '202591c2658eb8db7d1c57e1273cd270', 'from': 'd638da252e853581ee95ba532603c3cf', 'to': '6adf97f83acf6453d4a6a4b1070f3754'}, {'createdAt': {'$date': 1691863588000}, 'trackingCode': 'bc0c76206965647cddfec63b4e83e5f5', 'status': None, 'description': 'ENTRADA', 'trackerType': '202591c2658eb8db7d1c57e1273cd270', 'from': '5c648b2e71d9c1665188a34f4945e115', 'to': '6adf97f83acf6453d4a6a4b1070f3754'}, {'createdAt': {'$date': 1692000912000}, 'trackingCode': 'bc0c76206965647cddfec63b4e83e5f5', 'status': None, 'description': 'EM ROTA', 'trackerType': '202591c2658eb8db7d1c57e1273cd270', 'from': '5c648b2e71d9c1665188a34f4945e115', 'to': '6adf97f83acf6453d4a6a4b1070f3754'}, {'createdAt': {'$date': 1692085548000}, 'trackingCode': 'bc0c76206965647cddfec63b4e83e5f5', 'status': None, 'description': 'ENTREGUE', 'trackerType': '202591c2658eb8db7d1c57e1273cd270', 'from': '5c648b2e71d9c1665188a34f4945e115', 'to': '6adf97f83acf6453d4a6a4b1070f3754'}]"
U,f67dc7c1c620b4fa27919f777b4e854d,1693104918,1693824984,1693824984,"[{'createdAt': {'$date': 1692979845000}, 'trackingCode': 'e503aab723b69a3d039cb6d064425a81', 'status': '102', 'description': 'Informação do Envio enviado à Azul Cargo Express (CT-e emitido)\t', 'trackerType': '3b24fa7e14555a1912e5bc2198f8e075', 'from': '0d706e453668f4d9a0c57ae81f923e51', 'to': '6adf97f83acf6453d4a6a4b1070f3754'}, {'createdAt': {'$date': 1692987521000}, 'trackingCode': 'e503aab723b69a3d039cb6d064425a81', 'status': '142', 'description': 'Embarque no veículo para transferência ou em rota para entrega', 'trackerType': '3b24fa7e14555a1912e5bc2198f8e075', 'from': '0d706e453668f4d9a0c57ae81f923e51', 'to': '6adf97f83acf6453d4a6a4b1070f3754'}, {'createdAt': {'$date': 1692987521000}, 'trackingCode': 'e503aab723b69a3d039cb6d064425a81', 'status': '133', 'description': 'Saida Do Veiculo', 'trackerType': '3b24fa7e14555a1912e5bc2198f8e075', 'from': '0d706e453668f4d9a0c57ae81f923e51', 'to': '6adf97f83acf6453d4a6a4b1070f3754'}, {'createdAt': {'$date': 1693000560000}, 'trackingCode': 'e503aab723b69a3d039cb6d064425a81', 'status': '136', 'description': 'Chegou na Unidade Azul Cargo Express\t', 'trackerType': '3b24fa7e14555a1912e5bc2198f8e075', 'from': '3d546c03f720c3a373b7193c931ff429', 'to': '6adf97f83acf6453d4a6a4b1070f3754'}, {'createdAt': {'$date': 1693049827000}, 'trackingCode': 'e503aab723b69a3d039cb6d064425a81', 'status': '104', 'description': 'Deixou a unidade Azul Cargo Express\t', 'trackerType': '3b24fa7e14555a1912e5bc2198f8e075', 'from': '3d546c03f720c3a373b7193c931ff429', 'to': '6adf97f83acf6453d4a6a4b1070f3754'}, {'createdAt': {'$date': 1693049833000}, 'trackingCode': 'e503aab723b69a3d039cb6d064425a81', 'status': '134', 'description': 'Saída do voo\t', 'trackerType': '3b24fa7e14555a1912e5bc2198f8e075', 'from': '3d546c03f720c3a373b7193c931ff429', 'to': '6adf97f83acf6453d4a6a4b1070f3754'}, {'createdAt': {'$date': 1693060620000}, 'trackingCode': 'e503aab723b69a3d039cb6d064425a81', 'status': '137', 'description': 'Chegada do voo\t', 'trackerType': '3b24fa7e14555a1912e5bc2198f8e075', 'from': '1eaad630b48b36d5fc32e235aead1633', 'to': '6adf97f83acf6453d4a6a4b1070f3754'}, {'createdAt': {'$date': 1693201408000}, 'trackingCode': 'e503aab723b69a3d039cb6d064425a81', 'status': '142', 'description': 'Embarque no veículo para transferência ou em rota para entrega', 'trackerType': '3b24fa7e14555a1912e5bc2198f8e075', 'from': '1eaad630b48b36d5fc32e235aead1633', 'to': '6adf97f83acf6453d4a6a4b1070f3754'}, {'createdAt': {'$date': 1693201408000}, 'trackingCode': 'e503aab723b69a3d039cb6d064425a81', 'status': '133', 'description': 'Saida Do Veiculo', 'trackerType': '3b24fa7e14555a1912e5bc2198f8e075', 'from': '1eaad630b48b36d5fc32e235aead1633', 'to': '6adf97f83acf6453d4a6a4b1070f3754'}, {'createdAt': {'$date': 1693241640000}, 'trackingCode': 'e503aab723b69a3d039cb6d064425a81', 'status': '136', 'description': 'Chegou na Unidade Azul Cargo Express\t', 'trackerType': '3b24fa7e14555a1912e5bc2198f8e075', 'from': '0fe6893be1432d9671fd65f8a092e40e', 'to': '6adf97f83acf6453d4a6a4b1070f3754'}, {'createdAt': {'$date': 1693241720000}, 'trackingCode': 'e503aab723b69a3d039cb6d064425a81', 'status': '104', 'description': 'Deixou a unidade Azul Cargo Express\t', 'trackerType': '3b24fa7e14555a1912e5bc2198f8e075', 'from': '0fe6893be1432d9671fd65f8a092e40e', 'to': '6adf97f83acf6453d4a6a4b1070f3754'}, {'createdAt': {'$date': 1693241746000}, 'trackingCode': 'e503aab723b69a3d039cb6d064425a81', 'status': '133', 'description': 'Saida Do Veiculo', 'trackerType': '3b24fa7e14555a1912e5bc2198f8e075', 'from': '0fe6893be1432d9671fd65f8a092e40e', 'to': '6adf97f83acf6453d4a6a4b1070f3754'}, {'createdAt': {'$date': 1693243703000}, 'trackingCode': 'e503aab723b69a3d039cb6d064425a81', 'status': '01', 'description': 'Remessa entregue', 'trackerType': '3b24fa7e14555a1912e5bc2198f8e075', 'from': '6adf97f83acf6453d4a6a4b1070f3754', 'to': '6adf97f83acf6453d4a6a4b1070f3754'}]"
U,78f171496b1324212b89542c523ce6c0,1692306426,1693824984,1693824984,"[{'createdAt': {'$date': 1692290407000}, 'trackingCode': 'db0ece974f57b5ef87f56894a532b047', 'status': None, 'description': 'EMISSAO', 'trackerType': '202591c2658eb8db7d1c57e1273cd270', 'from': '5e2d88f43e26374cc68da1b77172bb63', 'to': '6adf97f83acf6453d4a6a4b1070f3754'}, {'createdAt': {'$date': 1692298171000}, 'trackingCode': 'db0ece974f57b5ef87f56894a532b047', 'status': None, 'description': 'TRANSFERENCIA', 'trackerType': '202591c2658eb8db7d1c57e1273cd270', 'from': '5e2d88f43e26374cc68da1b77172bb63', 'to': '6adf97f83acf6453d4a6a4b1070f3754'}, {'createdAt': {'$date': 1692503729000}, 'trackingCode': 'db0ece974f57b5ef87f56894a532b047', 'status': None, 'description': 'TRANSFERENCIA', 'trackerType': '202591c2658eb8db7d1c57e1273cd270', 'from': 'e81f9b321e898f638477f1f13bf81c38', 'to': '6adf97f83acf6453d4a6a4b1070f3754'}, {'createdAt': {'$date': 1692597153000}, 'trackingCode': 'db0ece974f57b5ef87f56894a532b047', 'status': None, 'description': 'TRANSFERENCIA', 'trackerType': '202591c2658eb8db7d1c57e1273cd270', 'from': 'fac929278c0e5ba967802153ba729336', 'to': '6adf97f83acf6453d4a6a4b1070f3754'}, {'createdAt': {'$date': 1692606051000}, 'trackingCode': 'db0ece974f57b5ef87f56894a532b047', 'status': None, 'description': 'ENTRADA', 'trackerType': '202591c2658eb8db7d1c57e1273cd270', 'from': '120169b395757cdf90575ecccf3debc7', 'to': '6adf97f83acf6453d4a6a4b1070f3754'}, {'createdAt': {'$date': 1692701752000}, 'trackingCode': 'db0ece974f57b5ef87f56894a532b047', 'status': None, 'description': 'EM ROTA', 'trackerType': '202591c2658eb8db7d1c57e1273cd270', 'from': '120169b395757cdf90575ecccf3debc7', 'to': '6adf97f83acf6453d4a6a4b1070f3754'}, {'createdAt': {'$date': 1692729437000}, 'trackingCode': 'db0ece974f57b5ef87f56894a532b047', 'status': None, 'description': 'ENTREGUE', 'trackerType': '202591c2658eb8db7d1c57e1273cd270', 'from': '120169b395757cdf90575ecccf3debc7', 'to': '6adf97f83acf6453d4a6a4b1070f3754'}]"
U,a50affa1734532588508e7e8ce80afd2,1691150875,1693824984,1693824984,"[{'createdAt': {'$date': 1691145095000}, 'trackingCode': '6c90a1b0cb864dd32a2ef5b200713e85', 'status': None, 'description': 'EMISSAO', 'trackerType': '202591c2658eb8db7d1c57e1273cd270', 'from': '60878373e3461186c70b2d31e9833cbe', 'to': '6adf97f83acf6453d4a6a4b1070f3754'}, {'createdAt': {'$date': 1691157490000}, 'trackingCode': '6c90a1b0cb864dd32a2ef5b200713e85', 'status': None, 'description': 'TRANSFERENCIA', 'trackerType': '202591c2658eb8db7d1c57e1273cd270', 'from': '60878373e3461186c70b2d31e9833cbe', 'to': '6adf97f83acf6453d4a6a4b1070f3754'}, {'createdAt': {'$date': 1691166600000}, 'trackingCode': '6c90a1b0cb864dd32a2ef5b200713e85', 'status': None, 'description': 'TRANSFERENCIA', 'trackerType': '202591c2658eb8db7d1c57e1273cd270', 'from': '60878373e3461186c70b2d31e9833cbe', 'to': '6adf97f83acf6453d4a6a4b1070f3754'}, {'createdAt': {'$date': 1691197641000}, 'trackingCode': '6c90a1b0cb864dd32a2ef5b200713e85', 'status': None, 'description': 'ENTRADA', 'trackerType': '202591c2658eb8db7d1c57e1273cd270', 'from': 'fac929278c0e5ba967802153ba729336', 'to': '6adf97f83acf6453d4a6a4b1070f3754'}, {'createdAt': {'$date': 1691227320000}, 'trackingCode': '6c90a1b0cb864dd32a2ef5b200713e85', 'status': None, 'description': 'TRANSFERENCIA', 'trackerType': '202591c2658eb8db7d1c57e1273cd270', 'from': 'daa9dcb5feb8f8cb8a0504889945846b', 'to': '6adf97f83acf6453d4a6a4b1070f3754'}, {'createdAt': {'$date': 1691402434000}, 'trackingCode': '6c90a1b0cb864dd32a2ef5b200713e85', 'status': None, 'description': 'ENTRADA', 'trackerType': '202591c2658eb8db7d1c57e1273cd270', 'from': '077d4a261bc7fb4bae73e48cc15d4ec8', 'to': '6adf97f83acf6453d4a6a4b1070f3754'}, {'createdAt': {'$date': 1691424058000}, 'trackingCode': '6c90a1b0cb864dd32a2ef5b200713e85', 'status': None, 'description': 'EM ROTA', 'trackerType': '202591c2658eb8db7d1c57e1273cd270', 'from': '077d4a261bc7fb4bae73e48cc15d4ec8', 'to': '6adf97f83acf6453d4a6a4b1070f3754'}, {'createdAt': {'$date': 1691437919000}, 'trackingCode': '6c90a1b0cb864dd32a2ef5b200713e85', 'status': None, 'description': 'ENTREGUE', 'trackerType': '202591c2658eb8db7d1c57e1273cd270', 'from': '077d4a261bc7fb4bae73e48cc15d4ec8', 'to': '6adf97f83acf6453d4a6a4b1070f3754'}]"
U,4f4fc92d0eb93b9c263d305486c12db3,1691174097,1693824984,1693824984,"[{'createdAt': {'$date': 1691169669000}, 'trackingCode': '118d229920776b988644835f21635070', 'status': None, 'description': 'EMISSAO', 'trackerType': '202591c2658eb8db7d1c57e1273cd270', 'from': 'c58978e08ce8f001c823f9f536b0261e', 'to': '6adf97f83acf6453d4a6a4b1070f3754'}, {'createdAt': {'$date': 1691170220000}, 'trackingCode': '118d229920776b988644835f21635070', 'status': None, 'description': 'TRANSFERENCIA', 'trackerType': '202591c2658eb8db7d1c57e1273cd270', 'from': 'c58978e08ce8f001c823f9f536b0261e', 'to': '6adf97f83acf6453d4a6a4b1070f3754'}, {'createdAt': {'$date': 1691204436000}, 'trackingCode': '118d229920776b988644835f21635070', 'status': None, 'description': 'ENTRADA', 'trackerType': '202591c2658eb8db7d1c57e1273cd270', 'from': 'fac929278c0e5ba967802153ba729336', 'to': '6adf97f83acf6453d4a6a4b1070f3754'}, {'createdAt': {'$date': 1691299144000}, 'trackingCode': '118d229920776b988644835f21635070', 'status': None, 'description': 'TRANSFERENCIA', 'trackerType': '202591c2658eb8db7d1c57e1273cd270', 'from': 'fac929278c0e5ba967802153ba729336', 'to': '6adf97f83acf6453d4a6a4b1070f3754'}, {'createdAt': {'$date': 1691335885000}, 'trackingCode': '118d229920776b988644835f21635070', 'status': None, 'description': 'TRANSFERENCIA', 'trackerType': '202591c2658eb8db7d1c57e1273cd270', 'from': 'fac929278c0e5ba967802153ba729336', 'to': '6adf97f83acf6453d4a6a4b1070f3754'}, {'createdAt': {'$date': 1691379352000}, 'trackingCode': '118d229920776b988644835f21635070', 'status': None, 'description': 'TRANSFERENCIA', 'trackerType': '202591c2658eb8db7d1c57e1273cd270', 'from': 'fac929278c0e5ba967802153ba729336', 'to': '6adf97f83acf6453d4a6a4b1070f3754'}, {'createdAt': {'$date': 1691379377000}, 'trackingCode': '118d229920776b988644835f21635070', 'status': None, 'description': 'TRANSFERIDO PARA UNIDADE', 'trackerType': '202591c2658eb8db7d1c57e1273cd270', 'from': 'fac929278c0e5ba967802153ba729336', 'to': '6adf97f83acf6453d4a6a4b1070f3754'}, {'createdAt': {'$date': 1691396671000}, 'trackingCode': '118d229920776b988644835f21635070', 'status': None, 'description': 'ENTRADA', 'trackerType': '202591c2658eb8db7d1c57e1273cd270', 'from': 'eb69b02e9510a50dd0e18d9951de0272', 'to': '6adf97f83acf6453d4a6a4b1070f3754'}, {'createdAt': {'$date': 1691397641000}, 'trackingCode': '118d229920776b988644835f21635070', 'status': None, 'description': 'EM ROTA', 'trackerType': '202591c2658eb8db7d1c57e1273cd270', 'from': 'eb69b02e9510a50dd0e18d9951de0272', 'to': '6adf97f83acf6453d4a6a4b1070f3754'}, {'createdAt': {'$date': 1691403635000}, 'trackingCode': '118d229920776b988644835f21635070', 'status': None, 'description': 'ENTREGUE', 'trackerType': '202591c2658eb8db7d1c57e1273cd270', 'from': 'eb69b02e9510a50dd0e18d9951de0272', 'to': '6adf97f83acf6453d4a6a4b1070f3754'}]"
U,84ebf5b0134c1f1247df22bae313bcf3,1693510378,1693824984,1693794346,"[{'createdAt': {'$date': 1693501119000}, 'trackingCode': '03703c95632c98f055205a6d7bdb3ed3', 'status': None, 'description': 'EMISSAO', 'trackerType': '202591c2658eb8db7d1c57e1273cd270', 'from': '63c3f67dd0a0513f28dd3837940b64e9', 'to': '6adf97f83acf6453d4a6a4b1070f3754'}, {'createdAt': {'$date': 1693505805000}, 'trackingCode': '03703c95632c98f055205a6d7bdb3ed3', 'status': None, 'description': 'TRANSFERENCIA', 'trackerType': '202591c2658eb8db7d1c57e1273cd270', 'from': '63c3f67dd0a0513f28dd3837940b64e9', 'to': '6adf97f83acf6453d4a6a4b1070f3754'}, {'createdAt': {'$date': 1693533662000}, 'trackingCode': '03703c95632c98f055205a6d7bdb3ed3', 'status': None, 'description': 'ENTRADA', 'trackerType': '202591c2658eb8db7d1c57e1273cd270', 'from': 'fac929278c0e5ba967802153ba729336', 'to': '6adf97f83acf6453d4a6a4b1070f3754'}, {'createdAt': {'$date': 1693537922000}, 'trackingCode': '03703c95632c98f055205a6d7bdb3ed3', 'status': None, 'description': 'ENTRADA', 'trackerType': '202591c2658eb8db7d1c57e1273cd270', 'from': '68737091b7365ce88e01def77f108310', 'to': '6adf97f83acf6453d4a6a4b1070f3754'}, {'createdAt': {'$date': 1693538008000}, 'trackingCode': '03703c95632c98f055205a6d7bdb3ed3', 'status': None, 'description': 'TRANSFERENCIA', 'trackerType': '202591c2658eb8db7d1c57e1273cd270', 'from': '68737091b7365ce88e01def77f108310', 'to': '6adf97f83acf6453d4a6a4b1070f3754'}, {'createdAt': {'$date': 1693652344000}, 'trackingCode': '03703c95632c98f055205a6d7bdb3ed3', 'status': None, 'description': 'ENTRADA', 'trackerType': '202591c2658eb8db7d1c57e1273cd270', 'from': '9f3ccba46fe8b1bac51c830352a9ad1c', 'to': '6adf97f83acf6453d4a6a4b1070f3754'}, {'createdAt': {'$date': 1693820913000}, 'trackingCode': '03703c95632c98f055205a6d7bdb3ed3', 'status': None, 'description': 'EM ROTA', 'trackerType': '202591c2658eb8db7d1c57e1273cd270', 'from': '9f3ccba46fe8b1bac51c830352a9ad1c', 'to': '6adf97f83acf6453d4a6a4b1070f3754'}]"
U,ca8b23a6f3b40e0269f480ef0c2581ff,1692367311,1693824984,1693824984,"[{'createdAt': {'$date': 1692366785000}, 'trackingCode': '9561b5acb3744c10f55a2958c4f99e82', 'status': '102', 'description': 'Informação do Envio enviado à Azul Cargo Express (CT-e emitido)\t', 'trackerType': '3b24fa7e14555a1912e5bc2198f8e075', 'from': '4ae24dbb10f9404919996a35ecf1a652', 'to': '6adf97f83acf6453d4a6a4b1070f3754'}, {'createdAt': {'$date': 1692367387000}, 'trackingCode': '9561b5acb3744c10f55a2958c4f99e82', 'status': '104', 'description': 'Deixou a unidade Azul Cargo Express\t', 'trackerType': '3b24fa7e14555a1912e5bc2198f8e075', 'from': '4ae24dbb10f9404919996a35ecf1a652', 'to': '6adf97f83acf6453d4a6a4b1070f3754'}, {'createdAt': {'$date': 1692369057000}, 'trackingCode': '9561b5acb3744c10f55a2958c4f99e82', 'status': '104', 'description': 'Deixou a unidade Azul Cargo Express\t', 'trackerType': '3b24fa7e14555a1912e5bc2198f8e075', 'from': '4ae24dbb10f9404919996a35ecf1a652', 'to': '6adf97f83acf6453d4a6a4b1070f3754'}, {'createdAt': {'$date': 1692369143000}, 'trackingCode': '9561b5acb3744c10f55a2958c4f99e82', 'status': '134', 'description': 'Saída do voo\t', 'trackerType': '3b24fa7e14555a1912e5bc2198f8e075', 'from': '4ae24dbb10f9404919996a35ecf1a652', 'to': '6adf97f83acf6453d4a6a4b1070f3754'}, {'createdAt': {'$date': 1692385080000}, 'trackingCode': '9561b5acb3744c10f55a2958c4f99e82', 'status': '137', 'description': 'Chegada do voo\t', 'trackerType': '3b24fa7e14555a1912e5bc2198f8e075', 'from': '89cb1e2fcbb5b49ca53cf4157f671587', 'to': '6adf97f83acf6453d4a6a4b1070f3754'}, {'createdAt': {'$date': 1692438117000}, 'trackingCode': '9561b5acb3744c10f55a2958c4f99e82', 'status': '104', 'description': 'Deixou a unidade Azul Cargo Express\t', 'trackerType': '3b24fa7e14555a1912e5bc2198f8e075', 'from': '89cb1e2fcbb5b49ca53cf4157f671587', 'to': '6adf97f83acf6453d4a6a4b1070f3754'}, {'createdAt': {'$date': 1692438121000}, 'trackingCode': '9561b5acb3744c10f55a2958c4f99e82', 'status': '134', 'description': 'Saída do voo\t', 'trackerType': '3b24fa7e14555a1912e5bc2198f8e075', 'from': '89cb1e2fcbb5b49ca53cf4157f671587', 'to': '6adf97f83acf6453d4a6a4b1070f3754'}, {'createdAt': {'$date': 1692445260000}, 'trackingCode': '9561b5acb3744c10f55a2958c4f99e82', 'status': '137', 'description': 'Chegada do voo\t', 'trackerType': '3b24fa7e14555a1912e5bc2198f8e075', 'from': '06e06a17681fe072e310794a31a4259f', 'to': '6adf97f83acf6453d4a6a4b1070f3754'}, {'createdAt': {'$date': 1692446460000}, 'trackingCode': '9561b5acb3744c10f55a2958c4f99e82', 'status': '137', 'description': 'Chegada do voo\t', 'trackerType': '3b24fa7e14555a1912e5bc2198f8e075', 'from': '06e06a17681fe072e310794a31a4259f', 'to': '6adf97f83acf6453d4a6a4b1070f3754'}, {'createdAt': {'$date': 1692547726000}, 'trackingCode': '9561b5acb3744c10f55a2958c4f99e82', 'status': '104', 'description': 'Deixou a unidade Azul Cargo Express\t', 'trackerType': '3b24fa7e14555a1912e5bc2198f8e075', 'from': '06e06a17681fe072e310794a31a4259f', 'to': '6adf97f83acf6453d4a6a4b1070f3754'}, {'createdAt': {'$date': 1692547728000}, 'trackingCode': '9561b5acb3744c10f55a2958c4f99e82', 'status': '134', 'description': 'Saída do voo\t', 'trackerType': '3b24fa7e14555a1912e5bc2198f8e075', 'from': '06e06a17681fe072e310794a31a4259f', 'to': '6adf97f83acf6453d4a6a4b1070f3754'}, {'createdAt': {'$date': 1692606660000}, 'trackingCode': '9561b5acb3744c10f55a2958c4f99e82', 'status': '137', 'description': 'Chegada do voo\t', 'trackerType': '3b24fa7e14555a1912e5bc2198f8e075', 'from': 'c068277c0c6c1466ace72f6e913817d1', 'to': '6adf97f83acf6453d4a6a4b1070f3754'}, {'createdAt': {'$date': 1692606780000}, 'trackingCode': '9561b5acb3744c10f55a2958c4f99e82', 'status': '137', 'description': 'Chegada do voo\t', 'trackerType': '3b24fa7e14555a1912e5bc2198f8e075', 'from': 'c068277c0c6c1466ace72f6e913817d1', 'to': '6adf97f83acf6453d4a6a4b1070f3754'}, {'createdAt': {'$date': 1692606900000}, 'trackingCode': '9561b5acb3744c10f55a2958c4f99e82', 'status': '137', 'description': 'Chegada do voo\t', 'trackerType': '3b24fa7e14555a1912e5bc2198f8e075', 'from': 'c068277c0c6c1466ace72f6e913817d1', 'to': '6adf97f83acf6453d4a6a4b1070f3754'}, {'createdAt': {'$date': 1692607080000}, 'trackingCode': '9561b5acb3744c10f55a2958c4f99e82', 'status': '137', 'description': 'Chegada do voo\t', 'trackerType': '3b24fa7e14555a1912e5bc2198f8e075', 'from': 'c068277c0c6c1466ace72f6e913817d1', 'to': '6adf97f83acf6453d4a6a4b1070f3754'}, {'createdAt': {'$date': 1692801982000}, 'trackingCode': '9561b5acb3744c10f55a2958c4f99e82', 'status': '104', 'description': 'Deixou a unidade Azul Cargo Express\t', 'trackerType': '3b24fa7e14555a1912e5bc2198f8e075', 'from': 'c068277c0c6c1466ace72f6e913817d1', 'to': '6adf97f83acf6453d4a6a4b1070f3754'}, {'createdAt': {'$date': 1692802010000}, 'trackingCode': '9561b5acb3744c10f55a2958c4f99e82', 'status': '133', 'description': 'Saida Do Veiculo', 'trackerType': '3b24fa7e14555a1912e5bc2198f8e075', 'from': 'c068277c0c6c1466ace72f6e913817d1', 'to': '6adf97f83acf6453d4a6a4b1070f3754'}, {'createdAt': {'$date': 1692802509000}, 'trackingCode': '9561b5acb3744c10f55a2958c4f99e82', 'status': '01', 'description': 'Remessa entregue', 'trackerType': '3b24fa7e14555a1912e5bc2198f8e075', 'from': '6adf97f83acf6453d4a6a4b1070f3754', 'to': '6adf97f83acf6453d4a6a4b1070f3754'}]"
U,84ebf5b0134c1f1247df22bae313bcf3,1693510378,1693824984,1693824984,"[{'createdAt': {'$date': 1693501119000}, 'trackingCode': '03703c95632c98f055205a6d7bdb3ed3', 'status': None, 'description': 'EMISSAO', 'trackerType': '202591c2658eb8db7d1c57e1273cd270', 'from': '63c3f67dd0a0513f28dd3837940b64e9', 'to': '6adf97f83acf6453d4a6a4b1070f3754'}, {'createdAt': {'$date': 1693505805000}, 'trackingCode': '03703c95632c98f055205a6d7bdb3ed3', 'status': None, 'description': 'TRANSFERENCIA', 'trackerType': '202591c2658eb8db7d1c57e1273cd270', 'from': '63c3f67dd0a0513f28dd3837940b64e9', 'to': '6adf97f83acf6453d4a6a4b1070f3754'}, {'createdAt': {'$date': 1693533662000}, 'trackingCode': '03703c95632c98f055205a6d7bdb3ed3', 'status': None, 'description': 'ENTRADA', 'trackerType': '202591c2658eb8db7d1c57e1273cd270', 'from': 'fac929278c0e5ba967802153ba729336', 'to': '6adf97f83acf6453d4a6a4b1070f3754'}, {'createdAt': {'$date': 1693537922000}, 'trackingCode': '03703c95632c98f055205a6d7bdb3ed3', 'status': None, 'description': 'ENTRADA', 'trackerType': '202591c2658eb8db7d1c57e1273cd270', 'from': '68737091b7365ce88e01def77f108310', 'to': '6adf97f83acf6453d4a6a4b1070f3754'}, {'createdAt': {'$date': 1693538008000}, 'trackingCode': '03703c95632c98f055205a6d7bdb3ed3', 'status': None, 'description': 'TRANSFERENCIA', 'trackerType': '202591c2658eb8db7d1c57e1273cd270', 'from': '68737091b7365ce88e01def77f108310', 'to': '6adf97f83acf6453d4a6a4b1070f3754'}, {'createdAt': {'$date': 1693652344000}, 'trackingCode': '03703c95632c98f055205a6d7bdb3ed3', 'status': None, 'description': 'ENTRADA', 'trackerType': '202591c2658eb8db7d1c57e1273cd270', 'from': '9f3ccba46fe8b1bac51c830352a9ad1c', 'to': '6adf97f83acf6453d4a6a4b1070f3754'}, {'createdAt': {'$date': 1693820913000}, 'trackingCode': '03703c95632c98f055205a6d7bdb3ed3', 'status': None, 'description': 'EM ROTA', 'trackerType': '202591c2658eb8db7d1c57e1273cd270', 'from': '9f3ccba46fe8b1bac51c830352a9ad1c', 'to': '6adf97f83acf6453d4a6a4b1070f3754'}]"
U,56ddb57090875bcc8e316206a6b0aa8f,1690228925,1693824984,1693824984,"[{'createdAt': {'$date': 1690225376000}, 'trackingCode': 'd3af5a6ab2cee4927bd589132344b5d7', 'status': None, 'description': 'EMISSAO', 'trackerType': '202591c2658eb8db7d1c57e1273cd270', 'from': '543966166c19e455d3b4207b984a9a41', 'to': '6adf97f83acf6453d4a6a4b1070f3754'}, {'createdAt': {'$date': 1690225565000}, 'trackingCode': 'd3af5a6ab2cee4927bd589132344b5d7', 'status': None, 'description': 'ENTRADA', 'trackerType': '202591c2658eb8db7d1c57e1273cd270', 'from': '543966166c19e455d3b4207b984a9a41', 'to': '6adf97f83acf6453d4a6a4b1070f3754'}, {'createdAt': {'$date': 1690225592000}, 'trackingCode': 'd3af5a6ab2cee4927bd589132344b5d7', 'status': None, 'description': 'TRANSFERENCIA', 'trackerType': '202591c2658eb8db7d1c57e1273cd270', 'from': '543966166c19e455d3b4207b984a9a41', 'to': '6adf97f83acf6453d4a6a4b1070f3754'}, {'createdAt': {'$date': 1690337749000}, 'trackingCode': 'd3af5a6ab2cee4927bd589132344b5d7', 'status': None, 'description': 'ENTRADA', 'trackerType': '202591c2658eb8db7d1c57e1273cd270', 'from': 'e368014bf2cbe85287b2c333808b25de', 'to': '6adf97f83acf6453d4a6a4b1070f3754'}, {'createdAt': {'$date': 1690338102000}, 'trackingCode': 'd3af5a6ab2cee4927bd589132344b5d7', 'status': None, 'description': 'TRANSFERENCIA', 'trackerType': '202591c2658eb8db7d1c57e1273cd270', 'from': 'e368014bf2cbe85287b2c333808b25de', 'to': '6adf97f83acf6453d4a6a4b1070f3754'}, {'createdAt': {'$date': 1690344513000}, 'trackingCode': 'd3af5a6ab2cee4927bd589132344b5d7', 'status': None, 'description': 'TRANSFERENCIA', 'trackerType': '202591c2658eb8db7d1c57e1273cd270', 'from': 'e368014bf2cbe85287b2c333808b25de', 'to': '6adf97f83acf6453d4a6a4b1070f3754'}, {'createdAt': {'$date': 1690414981000}, 'trackingCode': 'd3af5a6ab2cee4927bd589132344b5d7', 'status': None, 'description': 'ENTRADA', 'trackerType': '202591c2658eb8db7d1c57e1273cd270', 'from': '089607e1466a53ee58164c9974d00976', 'to': '6adf97f83acf6453d4a6a4b1070f3754'}, {'createdAt': {'$date': 1690419541000}, 'trackingCode': 'd3af5a6ab2cee4927bd589132344b5d7', 'status': None, 'description': 'TRANSFERENCIA', 'trackerType': '202591c2658eb8db7d1c57e1273cd270', 'from': '089607e1466a53ee58164c9974d00976', 'to': '6adf97f83acf6453d4a6a4b1070f3754'}, {'createdAt': {'$date': 1690454144000}, 'trackingCode': 'd3af5a6ab2cee4927bd589132344b5d7', 'status': None, 'description': 'TRANSFERENCIA', 'trackerType': '202591c2658eb8db7d1c57e1273cd270', 'from': 'daa9dcb5feb8f8cb8a0504889945846b', 'to': '6adf97f83acf6453d4a6a4b1070f3754'}, {'createdAt': {'$date': 1690458575000}, 'trackingCode': 'd3af5a6ab2cee4927bd589132344b5d7', 'status': None, 'description': 'TRANSFERIDO PARA UNIDADE', 'trackerType': '202591c2658eb8db7d1c57e1273cd270', 'from': 'e368014bf2cbe85287b2c333808b25de', 'to': '6adf97f83acf6453d4a6a4b1070f3754'}, {'createdAt': {'$date': 1690536327000}, 'trackingCode': 'd3af5a6ab2cee4927bd589132344b5d7', 'status': None, 'description': 'ENTRADA', 'trackerType': '202591c2658eb8db7d1c57e1273cd270', 'from': 'ea5dd177a56868d009f7d89f5696b49a', 'to': '6adf97f83acf6453d4a6a4b1070f3754'}, {'createdAt': {'$date': 1690537377000}, 'trackingCode': 'd3af5a6ab2cee4927bd589132344b5d7', 'status': None, 'description': 'EM ROTA', 'trackerType': '202591c2658eb8db7d1c57e1273cd270', 'from': 'ea5dd177a56868d009f7d89f5696b49a', 'to': '6adf97f83acf6453d4a6a4b1070f3754'}, {'createdAt': {'$date': 1690554415000}, 'trackingCode': 'd3af5a6ab2cee4927bd589132344b5d7', 'status': None, 'description': 'ENTREGUE', 'trackerType': '202591c2658eb8db7d1c57e1273cd270', 'from': 'ea5dd177a56868d009f7d89f5696b49a', 'to': '6adf97f83acf6453d4a6a4b1070f3754'}]"
U,96ab4cbd5e2daefb0ebeb9cf77ec7952,1690830295,1693824984,1693824984,"[{'createdAt': {'$date': 1690824241000}, 'trackingCode': 'c13b9510fe3fc0be5da3c0838eb74145', 'status': None, 'description': 'EMISSAO', 'trackerType': '202591c2658eb8db7d1c57e1273cd270', 'from': '9110f70c5d2e009a0641ad161adf0226', 'to': '6adf97f83acf6453d4a6a4b1070f3754'}, {'createdAt': {'$date': 1690824926000}, 'trackingCode': 'c13b9510fe3fc0be5da3c0838eb74145', 'status': None, 'description': 'TRANSFERENCIA', 'trackerType': '202591c2658eb8db7d1c57e1273cd270', 'from': '9110f70c5d2e009a0641ad161adf0226', 'to': '6adf97f83acf6453d4a6a4b1070f3754'}, {'createdAt': {'$date': 1690826114000}, 'trackingCode': 'c13b9510fe3fc0be5da3c0838eb74145', 'status': None, 'description': 'TRANSFERENCIA', 'trackerType': '202591c2658eb8db7d1c57e1273cd270', 'from': '9110f70c5d2e009a0641ad161adf0226', 'to': '6adf97f83acf6453d4a6a4b1070f3754'}, {'createdAt': {'$date': 1690862606000}, 'trackingCode': 'c13b9510fe3fc0be5da3c0838eb74145', 'status': None, 'description': 'ENTRADA', 'trackerType': '202591c2658eb8db7d1c57e1273cd270', 'from': 'fac929278c0e5ba967802153ba729336', 'to': '6adf97f83acf6453d4a6a4b1070f3754'}, {'createdAt': {'$date': 1690921207000}, 'trackingCode': 'c13b9510fe3fc0be5da3c0838eb74145', 'status': None, 'description': 'TRANSFERENCIA', 'trackerType': '202591c2658eb8db7d1c57e1273cd270', 'from': 'fac929278c0e5ba967802153ba729336', 'to': '6adf97f83acf6453d4a6a4b1070f3754'}, {'createdAt': {'$date': 1690923155000}, 'trackingCode': 'c13b9510fe3fc0be5da3c0838eb74145', 'status': None, 'description': 'TRANSFERENCIA', 'trackerType': '202591c2658eb8db7d1c57e1273cd270', 'from': 'fac929278c0e5ba967802153ba729336', 'to': '6adf97f83acf6453d4a6a4b1070f3754'}, {'createdAt': {'$date': 1690923180000}, 'trackingCode': 'c13b9510fe3fc0be5da3c0838eb74145', 'status': None, 'description': 'TRANSFERIDO PARA UNIDADE', 'trackerType': '202591c2658eb8db7d1c57e1273cd270', 'from': 'fac929278c0e5ba967802153ba729336', 'to': '6adf97f83acf6453d4a6a4b1070f3754'}, {'createdAt': {'$date': 1690960591000}, 'trackingCode': 'c13b9510fe3fc0be5da3c0838eb74145', 'status': None, 'description': 'ENTRADA', 'trackerType': '202591c2658eb8db7d1c57e1273cd270', 'from': 'd1c9d4eb961a87051def7270d1ac0abb', 'to': '6adf97f83acf6453d4a6a4b1070f3754'}, {'createdAt': {'$date': 1690964995000}, 'trackingCode': 'c13b9510fe3fc0be5da3c0838eb74145', 'status': None, 'description': 'EM ROTA', 'trackerType': '202591c2658eb8db7d1c57e1273cd270', 'from': 'd1c9d4eb961a87051def7270d1ac0abb', 'to': '6adf97f83acf6453d4a6a4b1070f3754'}, {'createdAt': {'$date': 1690980848000}, 'trackingCode': 'c13b9510fe3fc0be5da3c0838eb74145', 'status': None, 'description': 'ENTREGUE', 'trackerType': '202591c2658eb8db7d1c57e1273cd270', 'from': 'd1c9d4eb961a87051def7270d1ac0abb', 'to': '6adf97f83acf6453d4a6a4b1070f3754'}]"
U,ebcc8bcaca52e471e79d989deaeb796f,1693305435,1693824985,1693811905,"[{'createdAt': {'$date': 1693235904000}, 'trackingCode': '576b9b0578c51787a199e70d355258e6', 'status': '09', 'description': 'Objeto postado após o horário limite da unidade', 'trackerType': '27bb7dfdbe0de2d482d1c37c3fe5bfe3', 'from': '99188ad3a9ac34f635fbbe25eda6bacf', 'to': '6adf97f83acf6453d4a6a4b1070f3754'}, {'createdAt': {'$date': 1693309302000}, 'trackingCode': '576b9b0578c51787a199e70d355258e6', 'status': '01', 'description': 'Objeto em trânsito - por favor aguarde', 'trackerType': '27bb7dfdbe0de2d482d1c37c3fe5bfe3', 'from': '99188ad3a9ac34f635fbbe25eda6bacf', 'to': 'a5cca99d677af10d5a3f6e966233f9c9'}, {'createdAt': {'$date': 1693403369000}, 'trackingCode': '576b9b0578c51787a199e70d355258e6', 'status': '01', 'description': 'Objeto em trânsito - por favor aguarde', 'trackerType': '27bb7dfdbe0de2d482d1c37c3fe5bfe3', 'from': '3132331e7939acaee8dab2eedf264361', 'to': 'a9b3bd46be7390826100cfcfd8f271ec'}, {'createdAt': {'$date': 1693664922000}, 'trackingCode': '576b9b0578c51787a199e70d355258e6', 'status': '01', 'description': 'Objeto em trânsito - por favor aguarde', 'trackerType': '27bb7dfdbe0de2d482d1c37c3fe5bfe3', 'from': 'a9b3bd46be7390826100cfcfd8f271ec', 'to': '44510b0a3dd172e5743cd30f5ca6a411'}, {'createdAt': {'$date': 1693820573000}, 'trackingCode': '576b9b0578c51787a199e70d355258e6', 'status': '01', 'description': 'Objeto saiu para entrega ao destinatário', 'trackerType': '27bb7dfdbe0de2d482d1c37c3fe5bfe3', 'from': '44510b0a3dd172e5743cd30f5ca6a411', 'to': '6adf97f83acf6453d4a6a4b1070f3754'}]"
U,ea279be29012724582e93cc0cce61000,1692445909,1693824985,1693824985,"[{'createdAt': {'$date': 1692431357000}, 'trackingCode': '2bd7fdb49f6144dcc28f7a17668df8fa', 'status': '16', 'description': 'Objeto recebido pelos Correios do Brasil', 'trackerType': '27bb7dfdbe0de2d482d1c37c3fe5bfe3', 'from': '8f858ee1067df0a89292373651e6c73e', 'to': '6adf97f83acf6453d4a6a4b1070f3754'}, {'createdAt': {'$date': 1692032700000}, 'trackingCode': '2bd7fdb49f6144dcc28f7a17668df8fa', 'status': '01', 'description': 'Objeto em trânsito - por favor aguarde', 'trackerType': '27bb7dfdbe0de2d482d1c37c3fe5bfe3', 'from': 'f0aa1982f61314b9aab258c2f110ebab', 'to': 'fab9ec2163f1d49c0421e3d6bb8e760b'}, {'createdAt': {'$date': 1692032580000}, 'trackingCode': '2bd7fdb49f6144dcc28f7a17668df8fa', 'status': '18', 'description': 'Objeto recebido na unidade de exportação no país de origem', 'trackerType': '27bb7dfdbe0de2d482d1c37c3fe5bfe3', 'from': 'f0aa1982f61314b9aab258c2f110ebab', 'to': '6adf97f83acf6453d4a6a4b1070f3754'}, {'createdAt': {'$date': 1692032280000}, 'trackingCode': '2bd7fdb49f6144dcc28f7a17668df8fa', 'status': '01', 'description': 'Objeto postado', 'trackerType': '27bb7dfdbe0de2d482d1c37c3fe5bfe3', 'from': 'f0aa1982f61314b9aab258c2f110ebab', 'to': '6adf97f83acf6453d4a6a4b1070f3754'}, {'createdAt': {'$date': 1692613757000}, 'trackingCode': '2bd7fdb49f6144dcc28f7a17668df8fa', 'status': '01', 'description': 'Objeto em trânsito - por favor aguarde', 'trackerType': '27bb7dfdbe0de2d482d1c37c3fe5bfe3', 'from': '19f61c9bfe1f048ab353e403dfde3103', 'to': '66266e39728f3e0913be520c73819475'}, {'createdAt': {'$date': 1692611639000}, 'trackingCode': '2bd7fdb49f6144dcc28f7a17668df8fa', 'status': '10', 'description': 'Fiscalização aduaneira finalizada', 'trackerType': '27bb7dfdbe0de2d482d1c37c3fe5bfe3', 'from': '8f858ee1067df0a89292373651e6c73e', 'to': '6adf97f83acf6453d4a6a4b1070f3754'}, {'createdAt': {'$date': 1692868253000}, 'trackingCode': '2bd7fdb49f6144dcc28f7a17668df8fa', 'status': '01', 'description': 'Objeto em trânsito - por favor aguarde', 'trackerType': '27bb7dfdbe0de2d482d1c37c3fe5bfe3', 'from': '66266e39728f3e0913be520c73819475', 'to': '066b4e4565048526d042f21a19b24a74'}, {'createdAt': {'$date': 1692954858000}, 'trackingCode': '2bd7fdb49f6144dcc28f7a17668df8fa', 'status': '01', 'description': 'Objeto saiu para entrega ao destinatário', 'trackerType': '27bb7dfdbe0de2d482d1c37c3fe5bfe3', 'from': '066b4e4565048526d042f21a19b24a74', 'to': '6adf97f83acf6453d4a6a4b1070f3754'}, {'createdAt': {'$date': 1692964346000}, 'trackingCode': '2bd7fdb49f6144dcc28f7a17668df8fa', 'status': '01', 'description': 'Objeto entregue ao destinatário', 'trackerType': '27bb7dfdbe0de2d482d1c37c3fe5bfe3', 'from': '066b4e4565048526d042f21a19b24a74', 'to': '6adf97f83acf6453d4a6a4b1070f3754'}]"
U,ebcc8bcaca52e471e79d989deaeb796f,1693305435,1693824985,1693824985,"[{'createdAt': {'$date': 1693235904000}, 'trackingCode': '576b9b0578c51787a199e70d355258e6', 'status': '09', 'description': 'Objeto postado após o horário limite da unidade', 'trackerType': '27bb7dfdbe0de2d482d1c37c3fe5bfe3', 'from': '99188ad3a9ac34f635fbbe25eda6bacf', 'to': '6adf97f83acf6453d4a6a4b1070f3754'}, {'createdAt': {'$date': 1693309302000}, 'trackingCode': '576b9b0578c51787a199e70d355258e6', 'status': '01', 'description': 'Objeto em trânsito - por favor aguarde', 'trackerType': '27bb7dfdbe0de2d482d1c37c3fe5bfe3', 'from': '99188ad3a9ac34f635fbbe25eda6bacf', 'to': 'a5cca99d677af10d5a3f6e966233f9c9'}, {'createdAt': {'$date': 1693403369000}, 'trackingCode': '576b9b0578c51787a199e70d355258e6', 'status': '01', 'description': 'Objeto em trânsito - por favor aguarde', 'trackerType': '27bb7dfdbe0de2d482d1c37c3fe5bfe3', 'from': '3132331e7939acaee8dab2eedf264361', 'to': 'a9b3bd46be7390826100cfcfd8f271ec'}, {'createdAt': {'$date': 1693664922000}, 'trackingCode': '576b9b0578c51787a199e70d355258e6', 'status': '01', 'description': 'Objeto em trânsito - por favor aguarde', 'trackerType': '27bb7dfdbe0de2d482d1c37c3fe5bfe3', 'from': 'a9b3bd46be7390826100cfcfd8f271ec', 'to': '44510b0a3dd172e5743cd30f5ca6a411'}, {'createdAt': {'$date': 1693820573000}, 'trackingCode': '576b9b0578c51787a199e70d355258e6', 'status': '01', 'description': 'Objeto saiu para entrega ao destinatário', 'trackerType': '27bb7dfdbe0de2d482d1c37c3fe5bfe3', 'from': '44510b0a3dd172e5743cd30f5ca6a411', 'to': '6adf97f83acf6453d4a6a4b1070f3754'}]"
U,a4c8577caa543b05919d22361fedcca0,1692119218,1693824985,1693824985,"[{'createdAt': {'$date': 1692111855000}, 'trackingCode': '844f2211c1cea4c3f8e81e91e0fc9e41', 'status': None, 'description': 'EMISSAO', 'trackerType': '202591c2658eb8db7d1c57e1273cd270', 'from': 'b10d0e97e095d10e73bd4b24be9dfd7b', 'to': '6adf97f83acf6453d4a6a4b1070f3754'}, {'createdAt': {'$date': 1692118019000}, 'trackingCode': '844f2211c1cea4c3f8e81e91e0fc9e41', 'status': None, 'description': 'TRANSFERENCIA', 'trackerType': '202591c2658eb8db7d1c57e1273cd270', 'from': 'b10d0e97e095d10e73bd4b24be9dfd7b', 'to': '6adf97f83acf6453d4a6a4b1070f3754'}, {'createdAt': {'$date': 1692345590000}, 'trackingCode': '844f2211c1cea4c3f8e81e91e0fc9e41', 'status': None, 'description': 'ENTRADA', 'trackerType': '202591c2658eb8db7d1c57e1273cd270', 'from': 'fac929278c0e5ba967802153ba729336', 'to': '6adf97f83acf6453d4a6a4b1070f3754'}, {'createdAt': {'$date': 1692355712000}, 'trackingCode': '844f2211c1cea4c3f8e81e91e0fc9e41', 'status': None, 'description': 'TRANSFERENCIA', 'trackerType': '202591c2658eb8db7d1c57e1273cd270', 'from': 'fac929278c0e5ba967802153ba729336', 'to': '6adf97f83acf6453d4a6a4b1070f3754'}, {'createdAt': {'$date': 1692371691000}, 'trackingCode': '844f2211c1cea4c3f8e81e91e0fc9e41', 'status': None, 'description': 'TRANSFERENCIA', 'trackerType': '202591c2658eb8db7d1c57e1273cd270', 'from': 'fac929278c0e5ba967802153ba729336', 'to': '6adf97f83acf6453d4a6a4b1070f3754'}, {'createdAt': {'$date': 1692782151000}, 'trackingCode': '844f2211c1cea4c3f8e81e91e0fc9e41', 'status': None, 'description': 'TRANSFERIDO PARA UNIDADE', 'trackerType': '202591c2658eb8db7d1c57e1273cd270', 'from': 'bb06c77b0bda796758fb2d30ec897c06', 'to': '6adf97f83acf6453d4a6a4b1070f3754'}, {'createdAt': {'$date': 1692806795000}, 'trackingCode': '844f2211c1cea4c3f8e81e91e0fc9e41', 'status': None, 'description': 'ENTRADA', 'trackerType': '202591c2658eb8db7d1c57e1273cd270', 'from': '465ed0749c8c28723e9281743c48be53', 'to': '6adf97f83acf6453d4a6a4b1070f3754'}, {'createdAt': {'$date': 1692824730000}, 'trackingCode': '844f2211c1cea4c3f8e81e91e0fc9e41', 'status': None, 'description': 'TRANSFERENCIA', 'trackerType': '202591c2658eb8db7d1c57e1273cd270', 'from': '465ed0749c8c28723e9281743c48be53', 'to': '6adf97f83acf6453d4a6a4b1070f3754'}, {'createdAt': {'$date': 1692826407000}, 'trackingCode': '844f2211c1cea4c3f8e81e91e0fc9e41', 'status': None, 'description': 'TRANSFERENCIA', 'trackerType': '202591c2658eb8db7d1c57e1273cd270', 'from': '465ed0749c8c28723e9281743c48be53', 'to': '6adf97f83acf6453d4a6a4b1070f3754'}, {'createdAt': {'$date': 1692827150000}, 'trackingCode': '844f2211c1cea4c3f8e81e91e0fc9e41', 'status': None, 'description': 'TRANSFERENCIA', 'trackerType': '202591c2658eb8db7d1c57e1273cd270', 'from': '465ed0749c8c28723e9281743c48be53', 'to': '6adf97f83acf6453d4a6a4b1070f3754'}, {'createdAt': {'$date': 1692861587000}, 'trackingCode': '844f2211c1cea4c3f8e81e91e0fc9e41', 'status': None, 'description': 'TRANSFERIDO PARA UNIDADE', 'trackerType': '202591c2658eb8db7d1c57e1273cd270', 'from': '465ed0749c8c28723e9281743c48be53', 'to': '6adf97f83acf6453d4a6a4b1070f3754'}, {'createdAt': {'$date': 1692881754000}, 'trackingCode': '844f2211c1cea4c3f8e81e91e0fc9e41', 'status': None, 'description': 'ENTRADA', 'trackerType': '202591c2658eb8db7d1c57e1273cd270', 'from': '6f4c71266b23fb59098ff982abf2b725', 'to': '6adf97f83acf6453d4a6a4b1070f3754'}, {'createdAt': {'$date': 1692941986000}, 'trackingCode': '844f2211c1cea4c3f8e81e91e0fc9e41', 'status': None, 'description': 'EM ROTA', 'trackerType': '202591c2658eb8db7d1c57e1273cd270', 'from': '6f4c71266b23fb59098ff982abf2b725', 'to': '6adf97f83acf6453d4a6a4b1070f3754'}, {'createdAt': {'$date': 1692965830000}, 'trackingCode': '844f2211c1cea4c3f8e81e91e0fc9e41', 'status': None, 'description': 'ENTREGUE', 'trackerType': '202591c2658eb8db7d1c57e1273cd270', 'from': '6f4c71266b23fb59098ff982abf2b725', 'to': '6adf97f83acf6453d4a6a4b1070f3754'}]"
U,c86ce9fdaead93c5ca121735c6056b06,1691012529,1693824985,1693824985,"[{'createdAt': {'$date': 1690464578000}, 'trackingCode': '345ad184c67cc05ec265eb856537da56', 'status': '102', 'description': 'Informação do Envio enviado à Azul Cargo Express (CT-e emitido)\t', 'trackerType': '3b24fa7e14555a1912e5bc2198f8e075', 'from': '8bf0c443abde51ec29a29a207e4fe204', 'to': '6adf97f83acf6453d4a6a4b1070f3754'}, {'createdAt': {'$date': 1690479177000}, 'trackingCode': '345ad184c67cc05ec265eb856537da56', 'status': '104', 'description': 'Deixou a unidade Azul Cargo Express\t', 'trackerType': '3b24fa7e14555a1912e5bc2198f8e075', 'from': '8bf0c443abde51ec29a29a207e4fe204', 'to': '6adf97f83acf6453d4a6a4b1070f3754'}, {'createdAt': {'$date': 1690479180000}, 'trackingCode': '345ad184c67cc05ec265eb856537da56', 'status': '134', 'description': 'Saída do voo\t', 'trackerType': '3b24fa7e14555a1912e5bc2198f8e075', 'from': '8bf0c443abde51ec29a29a207e4fe204', 'to': '6adf97f83acf6453d4a6a4b1070f3754'}, {'createdAt': {'$date': 1690496040000}, 'trackingCode': '345ad184c67cc05ec265eb856537da56', 'status': '137', 'description': 'Chegada do voo\t', 'trackerType': '3b24fa7e14555a1912e5bc2198f8e075', 'from': '89cb1e2fcbb5b49ca53cf4157f671587', 'to': '6adf97f83acf6453d4a6a4b1070f3754'}, {'createdAt': {'$date': 1690536711000}, 'trackingCode': '345ad184c67cc05ec265eb856537da56', 'status': '104', 'description': 'Deixou a unidade Azul Cargo Express\t', 'trackerType': '3b24fa7e14555a1912e5bc2198f8e075', 'from': '89cb1e2fcbb5b49ca53cf4157f671587', 'to': '6adf97f83acf6453d4a6a4b1070f3754'}, {'createdAt': {'$date': 1690536720000}, 'trackingCode': '345ad184c67cc05ec265eb856537da56', 'status': '134', 'description': 'Saída do voo\t', 'trackerType': '3b24fa7e14555a1912e5bc2198f8e075', 'from': '89cb1e2fcbb5b49ca53cf4157f671587', 'to': '6adf97f83acf6453d4a6a4b1070f3754'}, {'createdAt': {'$date': 1690557480000}, 'trackingCode': '345ad184c67cc05ec265eb856537da56', 'status': '137', 'description': 'Chegada do voo\t', 'trackerType': '3b24fa7e14555a1912e5bc2198f8e075', 'from': '1eaad630b48b36d5fc32e235aead1633', 'to': '6adf97f83acf6453d4a6a4b1070f3754'}, {'createdAt': {'$date': 1690801485000}, 'trackingCode': '345ad184c67cc05ec265eb856537da56', 'status': '142', 'description': 'Embarque no veículo para transferência ou em rota para entrega', 'trackerType': '3b24fa7e14555a1912e5bc2198f8e075', 'from': '1eaad630b48b36d5fc32e235aead1633', 'to': '6adf97f83acf6453d4a6a4b1070f3754'}, {'createdAt': {'$date': 1690801485000}, 'trackingCode': '345ad184c67cc05ec265eb856537da56', 'status': '133', 'description': 'Saida Do Veiculo', 'trackerType': '3b24fa7e14555a1912e5bc2198f8e075', 'from': '1eaad630b48b36d5fc32e235aead1633', 'to': '6adf97f83acf6453d4a6a4b1070f3754'}, {'createdAt': {'$date': 1690812180000}, 'trackingCode': '345ad184c67cc05ec265eb856537da56', 'status': '136', 'description': 'Chegou na Unidade Azul Cargo Express\t', 'trackerType': '3b24fa7e14555a1912e5bc2198f8e075', 'from': 'f7616b3fd8b953027ca9ed04d1bc5f1a', 'to': '6adf97f83acf6453d4a6a4b1070f3754'}, {'createdAt': {'$date': 1691415600000}, 'trackingCode': '345ad184c67cc05ec265eb856537da56', 'status': '01', 'description': 'Remessa entregue', 'trackerType': '3b24fa7e14555a1912e5bc2198f8e075', 'from': '6adf97f83acf6453d4a6a4b1070f3754', 'to': '6adf97f83acf6453d4a6a4b1070f3754'}]"
U,0e876fac8183fd49d2346499adaf1d35,1692729025,1693824985,1693824985,"[{'createdAt': {'$date': 1692724982000}, 'trackingCode': '28fed75d6634a0aa8870d8368488e557', 'status': '09', 'description': 'Objeto postado após o horário limite da unidade', 'trackerType': '27bb7dfdbe0de2d482d1c37c3fe5bfe3', 'from': '0a452664a9e262e586693ad4baff70d2', 'to': '6adf97f83acf6453d4a6a4b1070f3754'}]"
U,a00ed7845a453091151f585672ae684b,1692889643,1693824985,1693824985,"[{'createdAt': {'$date': 1692866049000}, 'trackingCode': '7748cab8e0034d72374ae718025babd4', 'status': '01', 'description': 'Objeto saiu para entrega ao destinatário', 'trackerType': '27bb7dfdbe0de2d482d1c37c3fe5bfe3', 'from': 'ff0a3fd77170c8ad7d05463a39c4d1cd', 'to': '6adf97f83acf6453d4a6a4b1070f3754'}, {'createdAt': {'$date': 1692594145000}, 'trackingCode': '7748cab8e0034d72374ae718025babd4', 'status': '01', 'description': 'Objeto em trânsito - por favor aguarde', 'trackerType': '27bb7dfdbe0de2d482d1c37c3fe5bfe3', 'from': '14715bd2acdbd6d389ce8747d560689a', 'to': 'ff0a3fd77170c8ad7d05463a39c4d1cd'}, {'createdAt': {'$date': 1692212406000}, 'trackingCode': '7748cab8e0034d72374ae718025babd4', 'status': '01', 'description': 'Objeto em trânsito - por favor aguarde', 'trackerType': '27bb7dfdbe0de2d482d1c37c3fe5bfe3', 'from': 'e0e884b320d7340e331862ed6772b798', 'to': '14715bd2acdbd6d389ce8747d560689a'}, {'createdAt': {'$date': 1692210730000}, 'trackingCode': '7748cab8e0034d72374ae718025babd4', 'status': '01', 'description': 'Objeto postado', 'trackerType': '27bb7dfdbe0de2d482d1c37c3fe5bfe3', 'from': 'e0e884b320d7340e331862ed6772b798', 'to': '6adf97f83acf6453d4a6a4b1070f3754'}, {'createdAt': {'$date': 1692887170000}, 'trackingCode': '7748cab8e0034d72374ae718025babd4', 'status': '01', 'description': 'Objeto entregue ao destinatário', 'trackerType': '27bb7dfdbe0de2d482d1c37c3fe5bfe3', 'from': 'ff0a3fd77170c8ad7d05463a39c4d1cd', 'to': '6adf97f83acf6453d4a6a4b1070f3754'}]"
U,93890d435c2db8adb5a8f3a85f834770,1691073215,1693824985,1693824985,"[{'createdAt': {'$date': 1691064255000}, 'trackingCode': '1b179f48359c749c7c0737ef7e2dbc7d', 'status': '01', 'description': 'Objeto saiu para entrega ao destinatário', 'trackerType': '27bb7dfdbe0de2d482d1c37c3fe5bfe3', 'from': 'a94d0f29280ae8559d9e132e688301e4', 'to': '6adf97f83acf6453d4a6a4b1070f3754'}, {'createdAt': {'$date': 1690997256000}, 'trackingCode': '1b179f48359c749c7c0737ef7e2dbc7d', 'status': '01', 'description': 'Objeto em trânsito - por favor aguarde', 'trackerType': '27bb7dfdbe0de2d482d1c37c3fe5bfe3', 'from': 'd7fd547a14bcde970e5c0edf83bca3d6', 'to': 'a94d0f29280ae8559d9e132e688301e4'}, {'createdAt': {'$date': 1690916242000}, 'trackingCode': '1b179f48359c749c7c0737ef7e2dbc7d', 'status': '01', 'description': 'Objeto em trânsito - por favor aguarde', 'trackerType': '27bb7dfdbe0de2d482d1c37c3fe5bfe3', 'from': 'd29b01170389a24f6563d4157d8a11ba', 'to': 'd7fd547a14bcde970e5c0edf83bca3d6'}, {'createdAt': {'$date': 1690824270000}, 'trackingCode': '1b179f48359c749c7c0737ef7e2dbc7d', 'status': '01', 'description': 'Objeto em trânsito - por favor aguarde', 'trackerType': '27bb7dfdbe0de2d482d1c37c3fe5bfe3', 'from': '99c14c3426ccbdd844974068566157a6', 'to': 'd29b01170389a24f6563d4157d8a11ba'}, {'createdAt': {'$date': 1690823541000}, 'trackingCode': '1b179f48359c749c7c0737ef7e2dbc7d', 'status': '01', 'description': 'Objeto postado', 'trackerType': '27bb7dfdbe0de2d482d1c37c3fe5bfe3', 'from': '99c14c3426ccbdd844974068566157a6', 'to': '6adf97f83acf6453d4a6a4b1070f3754'}, {'createdAt': {'$date': 1691081029000}, 'trackingCode': '1b179f48359c749c7c0737ef7e2dbc7d', 'status': '01', 'description': 'Objeto entregue ao destinatário', 'trackerType': '27bb7dfdbe0de2d482d1c37c3fe5bfe3', 'from': 'a94d0f29280ae8559d9e132e688301e4', 'to': '6adf97f83acf6453d4a6a4b1070f3754'}]"
U,924bcfc3dc2e009cb5202b80cda58d05,1690507735,1693824985,1693824985,"[{'createdAt': {'$date': 1690515381000}, 'trackingCode': '860e3486de1738145eda8c8b7119154b', 'status': '14', 'description': 'A coleta do pacote foi feita e o processo de envio vai ser iniciado.', 'trackerType': 'a302942c7f755f858bd9a6c0c6be98fb', 'from': '3d176e3700b055e947033711908044fb', 'to': '6adf97f83acf6453d4a6a4b1070f3754'}, {'createdAt': {'$date': 1690219855000}, 'trackingCode': '860e3486de1738145eda8c8b7119154b', 'status': '1', 'description': 'A etiqueta de envio já foi criada e o pacote está pronto para a coleta.', 'trackerType': 'a302942c7f755f858bd9a6c0c6be98fb', 'from': '3d176e3700b055e947033711908044fb', 'to': '6adf97f83acf6453d4a6a4b1070f3754'}, {'createdAt': {'$date': 1690531201000}, 'trackingCode': '860e3486de1738145eda8c8b7119154b', 'status': '13', 'description': 'O pacote foi confirmado em uma base da Loggi e vai ser preparado para transferência.', 'trackerType': 'a302942c7f755f858bd9a6c0c6be98fb', 'from': '78a32fcc48731cfdbb11966d312f5f4f', 'to': '6adf97f83acf6453d4a6a4b1070f3754'}, {'createdAt': {'$date': 1690530888000}, 'trackingCode': '860e3486de1738145eda8c8b7119154b', 'status': '15', 'description': 'O pacote já teve suas dimensões conferidas.', 'trackerType': 'a302942c7f755f858bd9a6c0c6be98fb', 'from': '6adf97f83acf6453d4a6a4b1070f3754', 'to': '6adf97f83acf6453d4a6a4b1070f3754'}, {'createdAt': {'$date': 1690537576000}, 'trackingCode': '860e3486de1738145eda8c8b7119154b', 'status': '16', 'description': 'O pacote está em transferência de uma base para outra.', 'trackerType': 'a302942c7f755f858bd9a6c0c6be98fb', 'from': '6adf97f83acf6453d4a6a4b1070f3754', 'to': '6adf97f83acf6453d4a6a4b1070f3754'}, {'createdAt': {'$date': 1690536347000}, 'trackingCode': '860e3486de1738145eda8c8b7119154b', 'status': '3', 'description': 'O pacote está em uma base e, em breve, vai estar em transferência.', 'trackerType': 'a302942c7f755f858bd9a6c0c6be98fb', 'from': '6adf97f83acf6453d4a6a4b1070f3754', 'to': '6adf97f83acf6453d4a6a4b1070f3754'}, {'createdAt': {'$date': 1690596865000}, 'trackingCode': '860e3486de1738145eda8c8b7119154b', 'status': '17', 'description': 'Tudo certo, o pacote está em uma base da Loggi.', 'trackerType': 'a302942c7f755f858bd9a6c0c6be98fb', 'from': '9a5f1b924065b578493527753059860d', 'to': '6adf97f83acf6453d4a6a4b1070f3754'}, {'createdAt': {'$date': 1690602072000}, 'trackingCode': '860e3486de1738145eda8c8b7119154b', 'status': '3', 'description': 'O pacote está em uma base e, em breve, vai estar em transferência.', 'trackerType': 'a302942c7f755f858bd9a6c0c6be98fb', 'from': '6adf97f83acf6453d4a6a4b1070f3754', 'to': '6adf97f83acf6453d4a6a4b1070f3754'}, {'createdAt': {'$date': 1690613909000}, 'trackingCode': '860e3486de1738145eda8c8b7119154b', 'status': '16', 'description': 'O pacote está em transferência de uma base para outra.', 'trackerType': 'a302942c7f755f858bd9a6c0c6be98fb', 'from': '6adf97f83acf6453d4a6a4b1070f3754', 'to': '6adf97f83acf6453d4a6a4b1070f3754'}, {'createdAt': {'$date': 1690602073000}, 'trackingCode': '860e3486de1738145eda8c8b7119154b', 'status': '3', 'description': 'O pacote está em uma base e, em breve, vai estar em transferência.', 'trackerType': 'a302942c7f755f858bd9a6c0c6be98fb', 'from': '6adf97f83acf6453d4a6a4b1070f3754', 'to': '6adf97f83acf6453d4a6a4b1070f3754'}, {'createdAt': {'$date': 1690621402000}, 'trackingCode': '860e3486de1738145eda8c8b7119154b', 'status': '17', 'description': 'Tudo certo, o pacote está em uma base da Loggi.', 'trackerType': 'a302942c7f755f858bd9a6c0c6be98fb', 'from': '6adf97f83acf6453d4a6a4b1070f3754', 'to': '6adf97f83acf6453d4a6a4b1070f3754'}, {'createdAt': {'$date': 1690634685000}, 'trackingCode': '860e3486de1738145eda8c8b7119154b', 'status': '5', 'description': 'O pacote chegou ao destino final.', 'trackerType': 'a302942c7f755f858bd9a6c0c6be98fb', 'from': '6adf97f83acf6453d4a6a4b1070f3754', 'to': '6adf97f83acf6453d4a6a4b1070f3754'}, {'createdAt': {'$date': 1690632441000}, 'trackingCode': '860e3486de1738145eda8c8b7119154b', 'status': '11', 'description': 'O pacote está a caminho.', 'trackerType': 'a302942c7f755f858bd9a6c0c6be98fb', 'from': '6adf97f83acf6453d4a6a4b1070f3754', 'to': '6adf97f83acf6453d4a6a4b1070f3754'}]"
U,0f3aa89dba40e299415ff4389a96e6a7,1692793582,1693824985,1693824985,"[{'createdAt': {'$date': 1692789720000}, 'trackingCode': '486855fe7aec459bfbc2d1445add0227', 'status': '1', 'description': None, 'trackerType': '2e7165ceb19f183e695ce49285a4c228', 'from': '07ee3bad02858e40446b99e9bc7bc60b', 'to': 'f96d73e8fd3a87ab4e2fea235d3d79b0'}, {'createdAt': {'$date': 1692789720000}, 'trackingCode': '486855fe7aec459bfbc2d1445add0227', 'status': '1', 'description': None, 'trackerType': '2e7165ceb19f183e695ce49285a4c228', 'from': 'db3b10fd07d2aa6db1caa4e6f2d8ec92', 'to': '07ee3bad02858e40446b99e9bc7bc60b'}, {'createdAt': {'$date': 1692789720000}, 'trackingCode': '486855fe7aec459bfbc2d1445add0227', 'status': '11', 'description': None, 'trackerType': '2e7165ceb19f183e695ce49285a4c228', 'from': 'db3b10fd07d2aa6db1caa4e6f2d8ec92', 'to': 'f96d73e8fd3a87ab4e2fea235d3d79b0'}, {'createdAt': {'$date': 1692789720000}, 'trackingCode': '486855fe7aec459bfbc2d1445add0227', 'status': '2', 'description': None, 'trackerType': '2e7165ceb19f183e695ce49285a4c228', 'from': 'db3b10fd07d2aa6db1caa4e6f2d8ec92', 'to': '6adf97f83acf6453d4a6a4b1070f3754'}, {'createdAt': {'$date': 1692833940000}, 'trackingCode': '486855fe7aec459bfbc2d1445add0227', 'status': '3', 'description': None, 'trackerType': '2e7165ceb19f183e695ce49285a4c228', 'from': 'db3b10fd07d2aa6db1caa4e6f2d8ec92', 'to': '07ee3bad02858e40446b99e9bc7bc60b'}, {'createdAt': {'$date': 1692854100000}, 'trackingCode': '486855fe7aec459bfbc2d1445add0227', 'status': '3', 'description': None, 'trackerType': '2e7165ceb19f183e695ce49285a4c228', 'from': 'db3b10fd07d2aa6db1caa4e6f2d8ec92', 'to': '07ee3bad02858e40446b99e9bc7bc60b'}, {'createdAt': {'$date': 1692853800000}, 'trackingCode': '486855fe7aec459bfbc2d1445add0227', 'status': '3', 'description': None, 'trackerType': '2e7165ceb19f183e695ce49285a4c228', 'from': 'db3b10fd07d2aa6db1caa4e6f2d8ec92', 'to': '07ee3bad02858e40446b99e9bc7bc60b'}, {'createdAt': {'$date': 1692865800000}, 'trackingCode': '486855fe7aec459bfbc2d1445add0227', 'status': '6', 'description': None, 'trackerType': '2e7165ceb19f183e695ce49285a4c228', 'from': '40a8712b29ac76182ed0c4f632b7d543', 'to': '07ee3bad02858e40446b99e9bc7bc60b'}, {'createdAt': {'$date': 1692885180000}, 'trackingCode': '486855fe7aec459bfbc2d1445add0227', 'status': '1', 'description': None, 'trackerType': '2e7165ceb19f183e695ce49285a4c228', 'from': '07ee3bad02858e40446b99e9bc7bc60b', 'to': 'f96d73e8fd3a87ab4e2fea235d3d79b0'}, {'createdAt': {'$date': 1692885180000}, 'trackingCode': '486855fe7aec459bfbc2d1445add0227', 'status': '1', 'description': None, 'trackerType': '2e7165ceb19f183e695ce49285a4c228', 'from': '07ee3bad02858e40446b99e9bc7bc60b', 'to': 'f96d73e8fd3a87ab4e2fea235d3d79b0'}, {'createdAt': {'$date': 1692886800000}, 'trackingCode': '486855fe7aec459bfbc2d1445add0227', 'status': '3', 'description': None, 'trackerType': '2e7165ceb19f183e695ce49285a4c228', 'from': '07ee3bad02858e40446b99e9bc7bc60b', 'to': 'f96d73e8fd3a87ab4e2fea235d3d79b0'}, {'createdAt': {'$date': 1692895860000}, 'trackingCode': '486855fe7aec459bfbc2d1445add0227', 'status': '3', 'description': None, 'trackerType': '2e7165ceb19f183e695ce49285a4c228', 'from': '07ee3bad02858e40446b99e9bc7bc60b', 'to': 'f96d73e8fd3a87ab4e2fea235d3d79b0'}, {'createdAt': {'$date': 1692900480000}, 'trackingCode': '486855fe7aec459bfbc2d1445add0227', 'status': '7', 'description': None, 'trackerType': '2e7165ceb19f183e695ce49285a4c228', 'from': '40a8712b29ac76182ed0c4f632b7d543', 'to': 'f96d73e8fd3a87ab4e2fea235d3d79b0'}, {'createdAt': {'$date': 1692909780000}, 'trackingCode': '486855fe7aec459bfbc2d1445add0227', 'status': '6', 'description': None, 'trackerType': '2e7165ceb19f183e695ce49285a4c228', 'from': '40a8712b29ac76182ed0c4f632b7d543', 'to': 'f96d73e8fd3a87ab4e2fea235d3d79b0'}, {'createdAt': {'$date': 1692960780000}, 'trackingCode': '486855fe7aec459bfbc2d1445add0227', 'status': '9', 'description': None, 'trackerType': '2e7165ceb19f183e695ce49285a4c228', 'from': 'f96d73e8fd3a87ab4e2fea235d3d79b0', 'to': '6adf97f83acf6453d4a6a4b1070f3754'}, {'createdAt': {'$date': 1692960780000}, 'trackingCode': '486855fe7aec459bfbc2d1445add0227', 'status': '9', 'description': None, 'trackerType': '2e7165ceb19f183e695ce49285a4c228', 'from': 'f96d73e8fd3a87ab4e2fea235d3d79b0', 'to': '6adf97f83acf6453d4a6a4b1070f3754'}]"
U,faf37a2a9f80e3045871cbcb00cfbed2,1690403720,1693824985,1693824985,"[{'createdAt': {'$date': 1690376721000}, 'trackingCode': 'eef2d43aa5c6db888b63bb6b24438a49', 'status': '01', 'description': 'Objeto em trânsito - por favor aguarde', 'trackerType': '27bb7dfdbe0de2d482d1c37c3fe5bfe3', 'from': 'a73a615419145fd5f1a0f8689a38600d', 'to': 'd7fd547a14bcde970e5c0edf83bca3d6'}, {'createdAt': {'$date': 1690376691000}, 'trackingCode': 'eef2d43aa5c6db888b63bb6b24438a49', 'status': '01', 'description': 'Objeto postado', 'trackerType': '27bb7dfdbe0de2d482d1c37c3fe5bfe3', 'from': 'a73a615419145fd5f1a0f8689a38600d', 'to': '6adf97f83acf6453d4a6a4b1070f3754'}, {'createdAt': {'$date': 1690411396000}, 'trackingCode': 'eef2d43aa5c6db888b63bb6b24438a49', 'status': '01', 'description': 'Objeto em trânsito - por favor aguarde', 'trackerType': '27bb7dfdbe0de2d482d1c37c3fe5bfe3', 'from': 'd7fd547a14bcde970e5c0edf83bca3d6', 'to': '2f03431ee62c1882efb9edf0d8020626'}, {'createdAt': {'$date': 1690441404000}, 'trackingCode': 'eef2d43aa5c6db888b63bb6b24438a49', 'status': '01', 'description': 'Objeto em trânsito - por favor aguarde', 'trackerType': '27bb7dfdbe0de2d482d1c37c3fe5bfe3', 'from': '2f03431ee62c1882efb9edf0d8020626', 'to': 'de00701f47cb58b9d574fd0ba8e2fd87'}, {'createdAt': {'$date': 1690538374000}, 'trackingCode': 'eef2d43aa5c6db888b63bb6b24438a49', 'status': '01', 'description': 'Objeto saiu para entrega ao destinatário', 'trackerType': '27bb7dfdbe0de2d482d1c37c3fe5bfe3', 'from': 'de00701f47cb58b9d574fd0ba8e2fd87', 'to': '6adf97f83acf6453d4a6a4b1070f3754'}, {'createdAt': {'$date': 1690547840000}, 'trackingCode': 'eef2d43aa5c6db888b63bb6b24438a49', 'status': '01', 'description': 'Objeto entregue ao destinatário', 'trackerType': '27bb7dfdbe0de2d482d1c37c3fe5bfe3', 'from': 'de00701f47cb58b9d574fd0ba8e2fd87', 'to': '6adf97f83acf6453d4a6a4b1070f3754'}]"
U,f43cdc9de4ada72ff970c289d3c083a4,1689845018,1693824985,1693824985,"[{'createdAt': {'$date': 1689843326000}, 'trackingCode': 'a3220fd73cf948acaf596d9e2dfa5d57', 'status': None, 'description': 'EMISSAO', 'trackerType': '202591c2658eb8db7d1c57e1273cd270', 'from': '8ba4f62e6284a90cb2404dc23be24d8d', 'to': '6adf97f83acf6453d4a6a4b1070f3754'}, {'createdAt': {'$date': 1689844180000}, 'trackingCode': 'a3220fd73cf948acaf596d9e2dfa5d57', 'status': None, 'description': 'TRANSFERENCIA', 'trackerType': '202591c2658eb8db7d1c57e1273cd270', 'from': '8ba4f62e6284a90cb2404dc23be24d8d', 'to': '6adf97f83acf6453d4a6a4b1070f3754'}, {'createdAt': {'$date': 1689872114000}, 'trackingCode': 'a3220fd73cf948acaf596d9e2dfa5d57', 'status': None, 'description': 'ENTRADA', 'trackerType': '202591c2658eb8db7d1c57e1273cd270', 'from': '84c77d7bc3fb1dd258da3c10bb2f8a27', 'to': '6adf97f83acf6453d4a6a4b1070f3754'}, {'createdAt': {'$date': 1689876603000}, 'trackingCode': 'a3220fd73cf948acaf596d9e2dfa5d57', 'status': None, 'description': 'TRANSFERENCIA', 'trackerType': '202591c2658eb8db7d1c57e1273cd270', 'from': '84c77d7bc3fb1dd258da3c10bb2f8a27', 'to': '6adf97f83acf6453d4a6a4b1070f3754'}, {'createdAt': {'$date': 1689889014000}, 'trackingCode': 'a3220fd73cf948acaf596d9e2dfa5d57', 'status': None, 'description': 'TRANSFERENCIA', 'trackerType': '202591c2658eb8db7d1c57e1273cd270', 'from': '84c77d7bc3fb1dd258da3c10bb2f8a27', 'to': '6adf97f83acf6453d4a6a4b1070f3754'}, {'createdAt': {'$date': 1689889120000}, 'trackingCode': 'a3220fd73cf948acaf596d9e2dfa5d57', 'status': None, 'description': 'TRANSFERENCIA', 'trackerType': '202591c2658eb8db7d1c57e1273cd270', 'from': '84c77d7bc3fb1dd258da3c10bb2f8a27', 'to': '6adf97f83acf6453d4a6a4b1070f3754'}, {'createdAt': {'$date': 1689921483000}, 'trackingCode': 'a3220fd73cf948acaf596d9e2dfa5d57', 'status': None, 'description': 'TRANSFERIDO PARA UNIDADE', 'trackerType': '202591c2658eb8db7d1c57e1273cd270', 'from': '84c77d7bc3fb1dd258da3c10bb2f8a27', 'to': '6adf97f83acf6453d4a6a4b1070f3754'}, {'createdAt': {'$date': 1689926408000}, 'trackingCode': 'a3220fd73cf948acaf596d9e2dfa5d57', 'status': None, 'description': 'ENTRADA', 'trackerType': '202591c2658eb8db7d1c57e1273cd270', 'from': 'd638da252e853581ee95ba532603c3cf', 'to': '6adf97f83acf6453d4a6a4b1070f3754'}, {'createdAt': {'$date': 1689928051000}, 'trackingCode': 'a3220fd73cf948acaf596d9e2dfa5d57', 'status': None, 'description': 'TRANSFERENCIA', 'trackerType': '202591c2658eb8db7d1c57e1273cd270', 'from': 'd638da252e853581ee95ba532603c3cf', 'to': '6adf97f83acf6453d4a6a4b1070f3754'}, {'createdAt': {'$date': 1689931320000}, 'trackingCode': 'a3220fd73cf948acaf596d9e2dfa5d57', 'status': None, 'description': 'TRANSFERENCIA', 'trackerType': '202591c2658eb8db7d1c57e1273cd270', 'from': 'd638da252e853581ee95ba532603c3cf', 'to': '6adf97f83acf6453d4a6a4b1070f3754'}, {'createdAt': {'$date': 1689942264000}, 'trackingCode': 'a3220fd73cf948acaf596d9e2dfa5d57', 'status': None, 'description': 'TRANSFERIDO PARA UNIDADE', 'trackerType': '202591c2658eb8db7d1c57e1273cd270', 'from': 'd638da252e853581ee95ba532603c3cf', 'to': '6adf97f83acf6453d4a6a4b1070f3754'}, {'createdAt': {'$date': 1689952308000}, 'trackingCode': 'a3220fd73cf948acaf596d9e2dfa5d57', 'status': None, 'description': 'ENTRADA', 'trackerType': '202591c2658eb8db7d1c57e1273cd270', 'from': '58779f5a5a9930ea4126955409f2d246', 'to': '6adf97f83acf6453d4a6a4b1070f3754'}, {'createdAt': {'$date': 1690189866000}, 'trackingCode': 'a3220fd73cf948acaf596d9e2dfa5d57', 'status': None, 'description': 'EM ROTA', 'trackerType': '202591c2658eb8db7d1c57e1273cd270', 'from': '58779f5a5a9930ea4126955409f2d246', 'to': '6adf97f83acf6453d4a6a4b1070f3754'}, {'createdAt': {'$date': 1690191139000}, 'trackingCode': 'a3220fd73cf948acaf596d9e2dfa5d57', 'status': None, 'description': 'ENTREGUE', 'trackerType': '202591c2658eb8db7d1c57e1273cd270', 'from': '58779f5a5a9930ea4126955409f2d246', 'to': '6adf97f83acf6453d4a6a4b1070f3754'}]"
U,b2732fd72c05542b021a62c616111a1e,1693419652,1693824985,1693824985,"[{'createdAt': {'$date': 1693416538000}, 'trackingCode': 'ea654ad6a6a51d658bea7d27ece08201', 'status': '01', 'description': 'Objeto coletado', 'trackerType': '27bb7dfdbe0de2d482d1c37c3fe5bfe3', 'from': '541c0222ec9cff48cad8d311d7151f21', 'to': '6adf97f83acf6453d4a6a4b1070f3754'}, {'createdAt': {'$date': 1693431312000}, 'trackingCode': 'ea654ad6a6a51d658bea7d27ece08201', 'status': '01', 'description': 'Objeto em trânsito - por favor aguarde', 'trackerType': '27bb7dfdbe0de2d482d1c37c3fe5bfe3', 'from': 'd7fd547a14bcde970e5c0edf83bca3d6', 'to': 'd7fd547a14bcde970e5c0edf83bca3d6'}, {'createdAt': {'$date': 1693447109000}, 'trackingCode': 'ea654ad6a6a51d658bea7d27ece08201', 'status': '01', 'description': 'Objeto em trânsito - por favor aguarde', 'trackerType': '27bb7dfdbe0de2d482d1c37c3fe5bfe3', 'from': 'd7fd547a14bcde970e5c0edf83bca3d6', 'to': '0f293a952ac9ca7c68bc34259ede7764'}, {'createdAt': {'$date': 1693471913000}, 'trackingCode': 'ea654ad6a6a51d658bea7d27ece08201', 'status': '03', 'description': 'Objeto está em rota de entrega', 'trackerType': '27bb7dfdbe0de2d482d1c37c3fe5bfe3', 'from': '0f293a952ac9ca7c68bc34259ede7764', 'to': '6adf97f83acf6453d4a6a4b1070f3754'}, {'createdAt': {'$date': 1693480389000}, 'trackingCode': 'ea654ad6a6a51d658bea7d27ece08201', 'status': '01', 'description': 'Objeto entregue ao destinatário', 'trackerType': '27bb7dfdbe0de2d482d1c37c3fe5bfe3', 'from': '0f293a952ac9ca7c68bc34259ede7764', 'to': '6adf97f83acf6453d4a6a4b1070f3754'}, {'createdAt': {'$date': 1693480317000}, 'trackingCode': 'ea654ad6a6a51d658bea7d27ece08201', 'status': '58', 'description': 'Objeto será entregue em instantes', 'trackerType': '27bb7dfdbe0de2d482d1c37c3fe5bfe3', 'from': '0f293a952ac9ca7c68bc34259ede7764', 'to': '6adf97f83acf6453d4a6a4b1070f3754'}]"
U,ee1c0c93c53a13c5d3ae8076858fc6ee,1690984452,1693824985,1693824985,"[{'createdAt': {'$date': 1690984367000}, 'trackingCode': '0a1fd95e13c0464b0d81e5ea75b3ba62', 'status': '1', 'description': 'Arquivo Recebido', 'trackerType': '560eb3b8655c97fabfc9af244772eeed', 'from': '23f9a10d30b3af5a77131dcdc4f38c7d', 'to': '6adf97f83acf6453d4a6a4b1070f3754'}, {'createdAt': {'$date': 1690998212000}, 'trackingCode': '0a1fd95e13c0464b0d81e5ea75b3ba62', 'status': '14', 'description': 'Em Transferência', 'trackerType': '560eb3b8655c97fabfc9af244772eeed', 'from': '4a69ea185baf893855e089c6bc074483', 'to': '6adf97f83acf6453d4a6a4b1070f3754'}, {'createdAt': {'$date': 1690993669000}, 'trackingCode': '0a1fd95e13c0464b0d81e5ea75b3ba62', 'status': '34', 'description': 'CT-e autorizado', 'trackerType': '560eb3b8655c97fabfc9af244772eeed', 'from': '4a69ea185baf893855e089c6bc074483', 'to': '6adf97f83acf6453d4a6a4b1070f3754'}, {'createdAt': {'$date': 1690993463000}, 'trackingCode': '0a1fd95e13c0464b0d81e5ea75b3ba62', 'status': '2', 'description': 'Recebido pela transportadora', 'trackerType': '560eb3b8655c97fabfc9af244772eeed', 'from': '4a69ea185baf893855e089c6bc074483', 'to': '6adf97f83acf6453d4a6a4b1070f3754'}, {'createdAt': {'$date': 1691033192000}, 'trackingCode': '0a1fd95e13c0464b0d81e5ea75b3ba62', 'status': '15', 'description': 'Transferido', 'trackerType': '560eb3b8655c97fabfc9af244772eeed', 'from': '23f9a10d30b3af5a77131dcdc4f38c7d', 'to': '6adf97f83acf6453d4a6a4b1070f3754'}, {'createdAt': {'$date': 1691057275000}, 'trackingCode': '0a1fd95e13c0464b0d81e5ea75b3ba62', 'status': '3', 'description': 'Geração de lista', 'trackerType': '560eb3b8655c97fabfc9af244772eeed', 'from': '23f9a10d30b3af5a77131dcdc4f38c7d', 'to': '6adf97f83acf6453d4a6a4b1070f3754'}, {'createdAt': {'$date': 1691084042000}, 'trackingCode': '0a1fd95e13c0464b0d81e5ea75b3ba62', 'status': '68', 'description': 'Entrega Prejudicada Pelo Horario/Transito', 'trackerType': '560eb3b8655c97fabfc9af244772eeed', 'from': '23f9a10d30b3af5a77131dcdc4f38c7d', 'to': '6adf97f83acf6453d4a6a4b1070f3754'}, {'createdAt': {'$date': 1691083982000}, 'trackingCode': '0a1fd95e13c0464b0d81e5ea75b3ba62', 'status': '5', 'description': 'A caminho do destinatário', 'trackerType': '560eb3b8655c97fabfc9af244772eeed', 'from': '23f9a10d30b3af5a77131dcdc4f38c7d', 'to': '6adf97f83acf6453d4a6a4b1070f3754'}, {'createdAt': {'$date': 1691083600000}, 'trackingCode': '0a1fd95e13c0464b0d81e5ea75b3ba62', 'status': '4', 'description': 'Em Rota', 'trackerType': '560eb3b8655c97fabfc9af244772eeed', 'from': '23f9a10d30b3af5a77131dcdc4f38c7d', 'to': '6adf97f83acf6453d4a6a4b1070f3754'}, {'createdAt': {'$date': 1691144938000}, 'trackingCode': '0a1fd95e13c0464b0d81e5ea75b3ba62', 'status': '3', 'description': 'Geração de lista', 'trackerType': '560eb3b8655c97fabfc9af244772eeed', 'from': '23f9a10d30b3af5a77131dcdc4f38c7d', 'to': '6adf97f83acf6453d4a6a4b1070f3754'}, {'createdAt': {'$date': 1691170288000}, 'trackingCode': '0a1fd95e13c0464b0d81e5ea75b3ba62', 'status': '6', 'description': 'Entregue', 'trackerType': '560eb3b8655c97fabfc9af244772eeed', 'from': '23f9a10d30b3af5a77131dcdc4f38c7d', 'to': '6adf97f83acf6453d4a6a4b1070f3754'}, {'createdAt': {'$date': 1691170228000}, 'trackingCode': '0a1fd95e13c0464b0d81e5ea75b3ba62', 'status': '5', 'description': 'A caminho do destinatário', 'trackerType': '560eb3b8655c97fabfc9af244772eeed', 'from': '23f9a10d30b3af5a77131dcdc4f38c7d', 'to': '6adf97f83acf6453d4a6a4b1070f3754'}, {'createdAt': {'$date': 1691168260000}, 'trackingCode': '0a1fd95e13c0464b0d81e5ea75b3ba62', 'status': '4', 'description': 'Em Rota', 'trackerType': '560eb3b8655c97fabfc9af244772eeed', 'from': '23f9a10d30b3af5a77131dcdc4f38c7d', 'to': '6adf97f83acf6453d4a6a4b1070f3754'}]"
U,ec1f25535cb6a41dba174bcef88b438d,1693234551,1693824985,1693824985,"[{'createdAt': {'$date': 1693233511000}, 'trackingCode': 'e192708847ff44d366e88a16c7eac475', 'status': '34', 'description': 'CT-e autorizado', 'trackerType': '560eb3b8655c97fabfc9af244772eeed', 'from': '4a69ea185baf893855e089c6bc074483', 'to': '6adf97f83acf6453d4a6a4b1070f3754'}, {'createdAt': {'$date': 1693224152000}, 'trackingCode': 'e192708847ff44d366e88a16c7eac475', 'status': '1', 'description': 'Arquivo Recebido', 'trackerType': '560eb3b8655c97fabfc9af244772eeed', 'from': '4a69ea185baf893855e089c6bc074483', 'to': '6adf97f83acf6453d4a6a4b1070f3754'}, {'createdAt': {'$date': 1693242155000}, 'trackingCode': 'e192708847ff44d366e88a16c7eac475', 'status': '14', 'description': 'Em Transferência', 'trackerType': '560eb3b8655c97fabfc9af244772eeed', 'from': 'ec0ace85274484a72bdb5c070bae27ae', 'to': '6adf97f83acf6453d4a6a4b1070f3754'}, {'createdAt': {'$date': 1693242086000}, 'trackingCode': 'e192708847ff44d366e88a16c7eac475', 'status': '2', 'description': 'Recebido pela transportadora', 'trackerType': '560eb3b8655c97fabfc9af244772eeed', 'from': 'ec0ace85274484a72bdb5c070bae27ae', 'to': '6adf97f83acf6453d4a6a4b1070f3754'}, {'createdAt': {'$date': 1693253139000}, 'trackingCode': 'e192708847ff44d366e88a16c7eac475', 'status': '15', 'description': 'Transferido', 'trackerType': '560eb3b8655c97fabfc9af244772eeed', 'from': '4a69ea185baf893855e089c6bc074483', 'to': '6adf97f83acf6453d4a6a4b1070f3754'}, {'createdAt': {'$date': 1693304520000}, 'trackingCode': 'e192708847ff44d366e88a16c7eac475', 'status': '3', 'description': 'Geração de lista', 'trackerType': '560eb3b8655c97fabfc9af244772eeed', 'from': '4a69ea185baf893855e089c6bc074483', 'to': '6adf97f83acf6453d4a6a4b1070f3754'}, {'createdAt': {'$date': 1693325411000}, 'trackingCode': 'e192708847ff44d366e88a16c7eac475', 'status': '6', 'description': 'Entregue', 'trackerType': '560eb3b8655c97fabfc9af244772eeed', 'from': '4a69ea185baf893855e089c6bc074483', 'to': '6adf97f83acf6453d4a6a4b1070f3754'}, {'createdAt': {'$date': 1693325351000}, 'trackingCode': 'e192708847ff44d366e88a16c7eac475', 'status': '5', 'description': 'A caminho do destinatário', 'trackerType': '560eb3b8655c97fabfc9af244772eeed', 'from': '4a69ea185baf893855e089c6bc074483', 'to': '6adf97f83acf6453d4a6a4b1070f3754'}, {'createdAt': {'$date': 1693317539000}, 'trackingCode': 'e192708847ff44d366e88a16c7eac475', 'status': '4', 'description': 'Em Rota', 'trackerType': '560eb3b8655c97fabfc9af244772eeed', 'from': '4a69ea185baf893855e089c6bc074483', 'to': '6adf97f83acf6453d4a6a4b1070f3754'}]"
U,244f72110f69c1578f0ded0d9b61ef70,1690432773,1693824985,1693824985,"[{'createdAt': {'$date': 1689954165000}, 'trackingCode': '9e51ab84211972d540d8f8a6a3ecb167', 'status': '01', 'description': 'Objeto em trânsito - por favor aguarde', 'trackerType': '27bb7dfdbe0de2d482d1c37c3fe5bfe3', 'from': '66266e39728f3e0913be520c73819475', 'to': '1de6f0efc317272c68f37db17ca0d938'}, {'createdAt': {'$date': 1689838562000}, 'trackingCode': '9e51ab84211972d540d8f8a6a3ecb167', 'status': '01', 'description': 'Objeto em trânsito - por favor aguarde', 'trackerType': '27bb7dfdbe0de2d482d1c37c3fe5bfe3', 'from': 'a9b3bd46be7390826100cfcfd8f271ec', 'to': '66266e39728f3e0913be520c73819475'}, {'createdAt': {'$date': 1689788579000}, 'trackingCode': '9e51ab84211972d540d8f8a6a3ecb167', 'status': '01', 'description': 'Objeto em trânsito - por favor aguarde', 'trackerType': '27bb7dfdbe0de2d482d1c37c3fe5bfe3', 'from': '38d5534c4821727dd282fe74384246db', 'to': 'a9b3bd46be7390826100cfcfd8f271ec'}, {'createdAt': {'$date': 1689785888000}, 'trackingCode': '9e51ab84211972d540d8f8a6a3ecb167', 'status': '01', 'description': 'Objeto postado', 'trackerType': '27bb7dfdbe0de2d482d1c37c3fe5bfe3', 'from': '38d5534c4821727dd282fe74384246db', 'to': '6adf97f83acf6453d4a6a4b1070f3754'}, {'createdAt': {'$date': 1690448156000}, 'trackingCode': '9e51ab84211972d540d8f8a6a3ecb167', 'status': '01', 'description': 'Objeto saiu para entrega ao destinatário', 'trackerType': '27bb7dfdbe0de2d482d1c37c3fe5bfe3', 'from': '1de6f0efc317272c68f37db17ca0d938', 'to': '6adf97f83acf6453d4a6a4b1070f3754'}, {'createdAt': {'$date': 1690463016000}, 'trackingCode': '9e51ab84211972d540d8f8a6a3ecb167', 'status': '01', 'description': 'Objeto entregue ao destinatário', 'trackerType': '27bb7dfdbe0de2d482d1c37c3fe5bfe3', 'from': '1de6f0efc317272c68f37db17ca0d938', 'to': '6adf97f83acf6453d4a6a4b1070f3754'}]"
U,ea27edab459627e70606f4303379f221,1692647719,1693824985,1693824985,"[{'createdAt': {'$date': 1692627815000}, 'trackingCode': 'e778a235b51a38c80b6fc0d5df34bdcb', 'status': '1', 'description': 'Arquivo Recebido', 'trackerType': '560eb3b8655c97fabfc9af244772eeed', 'from': '23f9a10d30b3af5a77131dcdc4f38c7d', 'to': '6adf97f83acf6453d4a6a4b1070f3754'}, {'createdAt': {'$date': 1692651627000}, 'trackingCode': 'e778a235b51a38c80b6fc0d5df34bdcb', 'status': '34', 'description': 'CT-e autorizado', 'trackerType': '560eb3b8655c97fabfc9af244772eeed', 'from': '4a69ea185baf893855e089c6bc074483', 'to': '6adf97f83acf6453d4a6a4b1070f3754'}, {'createdAt': {'$date': 1692651233000}, 'trackingCode': 'e778a235b51a38c80b6fc0d5df34bdcb', 'status': '2', 'description': 'Recebido pela transportadora', 'trackerType': '560eb3b8655c97fabfc9af244772eeed', 'from': '4a69ea185baf893855e089c6bc074483', 'to': '6adf97f83acf6453d4a6a4b1070f3754'}, {'createdAt': {'$date': 1692657320000}, 'trackingCode': 'e778a235b51a38c80b6fc0d5df34bdcb', 'status': '14', 'description': 'Em Transferência', 'trackerType': '560eb3b8655c97fabfc9af244772eeed', 'from': '4a69ea185baf893855e089c6bc074483', 'to': '6adf97f83acf6453d4a6a4b1070f3754'}, {'createdAt': {'$date': 1692694199000}, 'trackingCode': 'e778a235b51a38c80b6fc0d5df34bdcb', 'status': '15', 'description': 'Transferido', 'trackerType': '560eb3b8655c97fabfc9af244772eeed', 'from': '23f9a10d30b3af5a77131dcdc4f38c7d', 'to': '6adf97f83acf6453d4a6a4b1070f3754'}, {'createdAt': {'$date': 1692781578000}, 'trackingCode': 'e778a235b51a38c80b6fc0d5df34bdcb', 'status': '3', 'description': 'Geração de lista', 'trackerType': '560eb3b8655c97fabfc9af244772eeed', 'from': '23f9a10d30b3af5a77131dcdc4f38c7d', 'to': '6adf97f83acf6453d4a6a4b1070f3754'}, {'createdAt': {'$date': 1692793210000}, 'trackingCode': 'e778a235b51a38c80b6fc0d5df34bdcb', 'status': '4', 'description': 'Em Rota', 'trackerType': '560eb3b8655c97fabfc9af244772eeed', 'from': '23f9a10d30b3af5a77131dcdc4f38c7d', 'to': '6adf97f83acf6453d4a6a4b1070f3754'}, {'createdAt': {'$date': 1692803462000}, 'trackingCode': 'e778a235b51a38c80b6fc0d5df34bdcb', 'status': '6', 'description': 'Entregue', 'trackerType': '560eb3b8655c97fabfc9af244772eeed', 'from': '23f9a10d30b3af5a77131dcdc4f38c7d', 'to': '6adf97f83acf6453d4a6a4b1070f3754'}, {'createdAt': {'$date': 1692803402000}, 'trackingCode': 'e778a235b51a38c80b6fc0d5df34bdcb', 'status': '5', 'description': 'A caminho do destinatário', 'trackerType': '560eb3b8655c97fabfc9af244772eeed', 'from': '23f9a10d30b3af5a77131dcdc4f38c7d', 'to': '6adf97f83acf6453d4a6a4b1070f3754'}]"
U,596d391b86231a1fdb3791fe563a0c02,1692222270,1693824985,1693824985,"[{'createdAt': {'$date': 1692199600000}, 'trackingCode': '89b2827103cfa7f03b19ded52000c253', 'status': '102', 'description': 'Informação do Envio enviado à Azul Cargo Express (CT-e emitido)\t', 'trackerType': '3b24fa7e14555a1912e5bc2198f8e075', 'from': 'c88bb9c6416ace7d728008dcfa7d00f4', 'to': '6adf97f83acf6453d4a6a4b1070f3754'}, {'createdAt': {'$date': 1692269315000}, 'trackingCode': '89b2827103cfa7f03b19ded52000c253', 'status': '104', 'description': 'Deixou a unidade Azul Cargo Express\t', 'trackerType': '3b24fa7e14555a1912e5bc2198f8e075', 'from': 'c88bb9c6416ace7d728008dcfa7d00f4', 'to': '6adf97f83acf6453d4a6a4b1070f3754'}, {'createdAt': {'$date': 1692299280000}, 'trackingCode': '89b2827103cfa7f03b19ded52000c253', 'status': '137', 'description': 'Chegada do voo\t', 'trackerType': '3b24fa7e14555a1912e5bc2198f8e075', 'from': 'dd5ab68e8a28e8286653b47eb785b5bb', 'to': '6adf97f83acf6453d4a6a4b1070f3754'}, {'createdAt': {'$date': 1692359952000}, 'trackingCode': '89b2827103cfa7f03b19ded52000c253', 'status': '104', 'description': 'Deixou a unidade Azul Cargo Express\t', 'trackerType': '3b24fa7e14555a1912e5bc2198f8e075', 'from': 'dd5ab68e8a28e8286653b47eb785b5bb', 'to': '6adf97f83acf6453d4a6a4b1070f3754'}, {'createdAt': {'$date': 1692359954000}, 'trackingCode': '89b2827103cfa7f03b19ded52000c253', 'status': '134', 'description': 'Saída do voo\t', 'trackerType': '3b24fa7e14555a1912e5bc2198f8e075', 'from': 'dd5ab68e8a28e8286653b47eb785b5bb', 'to': '6adf97f83acf6453d4a6a4b1070f3754'}, {'createdAt': {'$date': 1692373440000}, 'trackingCode': '89b2827103cfa7f03b19ded52000c253', 'status': '137', 'description': 'Chegada do voo\t', 'trackerType': '3b24fa7e14555a1912e5bc2198f8e075', 'from': 'c801d0de3b8ef1dbb700afc05e1a6dbe', 'to': '6adf97f83acf6453d4a6a4b1070f3754'}, {'createdAt': {'$date': 1692605523000}, 'trackingCode': '89b2827103cfa7f03b19ded52000c253', 'status': '142', 'description': 'Embarque no veículo para transferência ou em rota para entrega', 'trackerType': '3b24fa7e14555a1912e5bc2198f8e075', 'from': 'c801d0de3b8ef1dbb700afc05e1a6dbe', 'to': '6adf97f83acf6453d4a6a4b1070f3754'}, {'createdAt': {'$date': 1692605523000}, 'trackingCode': '89b2827103cfa7f03b19ded52000c253', 'status': '133', 'description': 'Saida Do Veiculo', 'trackerType': '3b24fa7e14555a1912e5bc2198f8e075', 'from': 'c801d0de3b8ef1dbb700afc05e1a6dbe', 'to': '6adf97f83acf6453d4a6a4b1070f3754'}, {'createdAt': {'$date': 1692606120000}, 'trackingCode': '89b2827103cfa7f03b19ded52000c253', 'status': '137', 'description': 'Chegada do voo\t', 'trackerType': '3b24fa7e14555a1912e5bc2198f8e075', 'from': '0f8dcb900b5b322c6c80568f779965ea', 'to': '6adf97f83acf6453d4a6a4b1070f3754'}, {'createdAt': {'$date': 1692606925000}, 'trackingCode': '89b2827103cfa7f03b19ded52000c253', 'status': '104', 'description': 'Deixou a unidade Azul Cargo Express\t', 'trackerType': '3b24fa7e14555a1912e5bc2198f8e075', 'from': '0f8dcb900b5b322c6c80568f779965ea', 'to': '6adf97f83acf6453d4a6a4b1070f3754'}, {'createdAt': {'$date': 1692606929000}, 'trackingCode': '89b2827103cfa7f03b19ded52000c253', 'status': '133', 'description': 'Saida Do Veiculo', 'trackerType': '3b24fa7e14555a1912e5bc2198f8e075', 'from': '0f8dcb900b5b322c6c80568f779965ea', 'to': '6adf97f83acf6453d4a6a4b1070f3754'}, {'createdAt': {'$date': 1692630029000}, 'trackingCode': '89b2827103cfa7f03b19ded52000c253', 'status': '01', 'description': 'Remessa entregue', 'trackerType': '3b24fa7e14555a1912e5bc2198f8e075', 'from': '6adf97f83acf6453d4a6a4b1070f3754', 'to': '6adf97f83acf6453d4a6a4b1070f3754'}]"
U,8d881adc63cebae3c8046cd5064da20c,1691948129,1693824985,1693824985,"[{'createdAt': {'$date': 1691631270000}, 'trackingCode': '80f0b9770c8470b7678b4fd16c7f1df1', 'status': '01', 'description': 'Objeto em trânsito - por favor aguarde', 'trackerType': '27bb7dfdbe0de2d482d1c37c3fe5bfe3', 'from': '44d02c36e6691bb8faacd16784348114', 'to': 'd29b01170389a24f6563d4157d8a11ba'}, {'createdAt': {'$date': 1691631269000}, 'trackingCode': '80f0b9770c8470b7678b4fd16c7f1df1', 'status': '10', 'description': 'Fiscalização aduaneira finalizada', 'trackerType': '27bb7dfdbe0de2d482d1c37c3fe5bfe3', 'from': '44d02c36e6691bb8faacd16784348114', 'to': '6adf97f83acf6453d4a6a4b1070f3754'}, {'createdAt': {'$date': 1691598757000}, 'trackingCode': '80f0b9770c8470b7678b4fd16c7f1df1', 'status': '16', 'description': 'Objeto recebido pelos Correios do Brasil', 'trackerType': '27bb7dfdbe0de2d482d1c37c3fe5bfe3', 'from': '44d02c36e6691bb8faacd16784348114', 'to': '6adf97f83acf6453d4a6a4b1070f3754'}, {'createdAt': {'$date': 1690864774000}, 'trackingCode': '80f0b9770c8470b7678b4fd16c7f1df1', 'status': '01', 'description': 'Objeto postado', 'trackerType': '27bb7dfdbe0de2d482d1c37c3fe5bfe3', 'from': 'f0aa1982f61314b9aab258c2f110ebab', 'to': '6adf97f83acf6453d4a6a4b1070f3754'}, {'createdAt': {'$date': 1692107879000}, 'trackingCode': '80f0b9770c8470b7678b4fd16c7f1df1', 'status': '01', 'description': 'Objeto em trânsito - por favor aguarde', 'trackerType': '27bb7dfdbe0de2d482d1c37c3fe5bfe3', 'from': 'd29b01170389a24f6563d4157d8a11ba', 'to': '5b0d7d8f973da03ceb882a895cd4f71b'}, {'createdAt': {'$date': 1692272242000}, 'trackingCode': '80f0b9770c8470b7678b4fd16c7f1df1', 'status': '01', 'description': 'Objeto saiu para entrega ao destinatário', 'trackerType': '27bb7dfdbe0de2d482d1c37c3fe5bfe3', 'from': '5b0d7d8f973da03ceb882a895cd4f71b', 'to': '6adf97f83acf6453d4a6a4b1070f3754'}, {'createdAt': {'$date': 1692278000000}, 'trackingCode': '80f0b9770c8470b7678b4fd16c7f1df1', 'status': '01', 'description': 'Objeto entregue ao destinatário', 'trackerType': '27bb7dfdbe0de2d482d1c37c3fe5bfe3', 'from': '5b0d7d8f973da03ceb882a895cd4f71b', 'to': '6adf97f83acf6453d4a6a4b1070f3754'}]"
U,bf8dc7ef33909fa204465e845344f1ca,1692290902,1693824985,1693824985,"[{'createdAt': {'$date': 1692285009000}, 'trackingCode': '5dd44350a8fb9918560d12daf33147f2', 'status': '21', 'description': 'Encaminhado para fiscalização aduaneira', 'trackerType': '27bb7dfdbe0de2d482d1c37c3fe5bfe3', 'from': '44d02c36e6691bb8faacd16784348114', 'to': '6adf97f83acf6453d4a6a4b1070f3754'}, {'createdAt': {'$date': 1692062039000}, 'trackingCode': '5dd44350a8fb9918560d12daf33147f2', 'status': '16', 'description': 'Objeto recebido pelos Correios do Brasil', 'trackerType': '27bb7dfdbe0de2d482d1c37c3fe5bfe3', 'from': '44d02c36e6691bb8faacd16784348114', 'to': '6adf97f83acf6453d4a6a4b1070f3754'}, {'createdAt': {'$date': 1691838615000}, 'trackingCode': '5dd44350a8fb9918560d12daf33147f2', 'status': '01', 'description': 'Objeto postado', 'trackerType': '27bb7dfdbe0de2d482d1c37c3fe5bfe3', 'from': 'f0aa1982f61314b9aab258c2f110ebab', 'to': '6adf97f83acf6453d4a6a4b1070f3754'}, {'createdAt': {'$date': 1692330554000}, 'trackingCode': '5dd44350a8fb9918560d12daf33147f2', 'status': '01', 'description': 'Objeto postado', 'trackerType': '27bb7dfdbe0de2d482d1c37c3fe5bfe3', 'from': 'f0aa1982f61314b9aab258c2f110ebab', 'to': '6adf97f83acf6453d4a6a4b1070f3754'}, {'createdAt': {'$date': 1692399628000}, 'trackingCode': '5dd44350a8fb9918560d12daf33147f2', 'status': '17', 'description': 'Aguardando pagamento', 'trackerType': '27bb7dfdbe0de2d482d1c37c3fe5bfe3', 'from': '44d02c36e6691bb8faacd16784348114', 'to': '6adf97f83acf6453d4a6a4b1070f3754'}, {'createdAt': {'$date': 1692679487000}, 'trackingCode': '5dd44350a8fb9918560d12daf33147f2', 'status': '31', 'description': 'Pagamento confirmado', 'trackerType': '27bb7dfdbe0de2d482d1c37c3fe5bfe3', 'from': '44d02c36e6691bb8faacd16784348114', 'to': '6adf97f83acf6453d4a6a4b1070f3754'}, {'createdAt': {'$date': 1693629174000}, 'trackingCode': '5dd44350a8fb9918560d12daf33147f2', 'status': '01', 'description': 'Objeto em trânsito - por favor aguarde', 'trackerType': '27bb7dfdbe0de2d482d1c37c3fe5bfe3', 'from': '44d02c36e6691bb8faacd16784348114', 'to': '1573ecd98346bbe2ca7bfccb30b80633'}, {'createdAt': {'$date': 1693629173000}, 'trackingCode': '5dd44350a8fb9918560d12daf33147f2', 'status': '10', 'description': 'Fiscalização aduaneira finalizada', 'trackerType': '27bb7dfdbe0de2d482d1c37c3fe5bfe3', 'from': '44d02c36e6691bb8faacd16784348114', 'to': '6adf97f83acf6453d4a6a4b1070f3754'}]"
U,e5457855e668476c759eb3cd24db3d32,1690895450,1693824985,1693824985,"[{'createdAt': {'$date': 1690642022000}, 'trackingCode': 'bbd29b8cf9e07024a652bce85f09de32', 'status': '01', 'description': 'Objeto postado', 'trackerType': '27bb7dfdbe0de2d482d1c37c3fe5bfe3', 'from': 'f0aa1982f61314b9aab258c2f110ebab', 'to': '6adf97f83acf6453d4a6a4b1070f3754'}, {'createdAt': {'$date': 1690941890000}, 'trackingCode': 'bbd29b8cf9e07024a652bce85f09de32', 'status': '16', 'description': 'Objeto recebido pelos Correios do Brasil', 'trackerType': '27bb7dfdbe0de2d482d1c37c3fe5bfe3', 'from': '44d02c36e6691bb8faacd16784348114', 'to': '6adf97f83acf6453d4a6a4b1070f3754'}, {'createdAt': {'$date': 1690981806000}, 'trackingCode': 'bbd29b8cf9e07024a652bce85f09de32', 'status': '21', 'description': 'Encaminhado para fiscalização aduaneira', 'trackerType': '27bb7dfdbe0de2d482d1c37c3fe5bfe3', 'from': '44d02c36e6691bb8faacd16784348114', 'to': '6adf97f83acf6453d4a6a4b1070f3754'}, {'createdAt': {'$date': 1691034608000}, 'trackingCode': 'bbd29b8cf9e07024a652bce85f09de32', 'status': '17', 'description': 'Aguardando pagamento', 'trackerType': '27bb7dfdbe0de2d482d1c37c3fe5bfe3', 'from': '44d02c36e6691bb8faacd16784348114', 'to': '6adf97f83acf6453d4a6a4b1070f3754'}, {'createdAt': {'$date': 1691123878000}, 'trackingCode': 'bbd29b8cf9e07024a652bce85f09de32', 'status': '31', 'description': 'Pagamento confirmado', 'trackerType': '27bb7dfdbe0de2d482d1c37c3fe5bfe3', 'from': '44d02c36e6691bb8faacd16784348114', 'to': '6adf97f83acf6453d4a6a4b1070f3754'}, {'createdAt': {'$date': 1691767888000}, 'trackingCode': 'bbd29b8cf9e07024a652bce85f09de32', 'status': '01', 'description': 'Objeto em trânsito - por favor aguarde', 'trackerType': '27bb7dfdbe0de2d482d1c37c3fe5bfe3', 'from': '44d02c36e6691bb8faacd16784348114', 'to': 'd29b01170389a24f6563d4157d8a11ba'}, {'createdAt': {'$date': 1691767887000}, 'trackingCode': 'bbd29b8cf9e07024a652bce85f09de32', 'status': '10', 'description': 'Fiscalização aduaneira finalizada', 'trackerType': '27bb7dfdbe0de2d482d1c37c3fe5bfe3', 'from': '44d02c36e6691bb8faacd16784348114', 'to': '6adf97f83acf6453d4a6a4b1070f3754'}, {'createdAt': {'$date': 1692222446000}, 'trackingCode': 'bbd29b8cf9e07024a652bce85f09de32', 'status': '01', 'description': 'Objeto em trânsito - por favor aguarde', 'trackerType': '27bb7dfdbe0de2d482d1c37c3fe5bfe3', 'from': 'd29b01170389a24f6563d4157d8a11ba', 'to': '82606db4c27ff13c93e95510a14d8356'}, {'createdAt': {'$date': 1692352466000}, 'trackingCode': 'bbd29b8cf9e07024a652bce85f09de32', 'status': '01', 'description': 'Objeto saiu para entrega ao destinatário', 'trackerType': '27bb7dfdbe0de2d482d1c37c3fe5bfe3', 'from': '82606db4c27ff13c93e95510a14d8356', 'to': '6adf97f83acf6453d4a6a4b1070f3754'}, {'createdAt': {'$date': 1692361573000}, 'trackingCode': 'bbd29b8cf9e07024a652bce85f09de32', 'status': '01', 'description': 'Objeto entregue ao destinatário', 'trackerType': '27bb7dfdbe0de2d482d1c37c3fe5bfe3', 'from': '82606db4c27ff13c93e95510a14d8356', 'to': '6adf97f83acf6453d4a6a4b1070f3754'}]"
U,95715b91b38c1e8b3d8a0fe0345ab3ee,1693510378,1693824985,1693794346,"[{'createdAt': {'$date': 1693502899000}, 'trackingCode': '989076b1fede634c910df93d0353c3a5', 'status': None, 'description': 'EMISSAO', 'trackerType': '202591c2658eb8db7d1c57e1273cd270', 'from': '747f39c907a6b20fb16065eecc59d424', 'to': '6adf97f83acf6453d4a6a4b1070f3754'}, {'createdAt': {'$date': 1693504617000}, 'trackingCode': '989076b1fede634c910df93d0353c3a5', 'status': None, 'description': 'TRANSFERENCIA', 'trackerType': '202591c2658eb8db7d1c57e1273cd270', 'from': '747f39c907a6b20fb16065eecc59d424', 'to': '6adf97f83acf6453d4a6a4b1070f3754'}, {'createdAt': {'$date': 1693604135000}, 'trackingCode': '989076b1fede634c910df93d0353c3a5', 'status': None, 'description': 'ENTRADA', 'trackerType': '202591c2658eb8db7d1c57e1273cd270', 'from': '84c77d7bc3fb1dd258da3c10bb2f8a27', 'to': '6adf97f83acf6453d4a6a4b1070f3754'}, {'createdAt': {'$date': 1693606463000}, 'trackingCode': '989076b1fede634c910df93d0353c3a5', 'status': None, 'description': 'TRANSFERENCIA', 'trackerType': '202591c2658eb8db7d1c57e1273cd270', 'from': '84c77d7bc3fb1dd258da3c10bb2f8a27', 'to': '6adf97f83acf6453d4a6a4b1070f3754'}, {'createdAt': {'$date': 1693621334000}, 'trackingCode': '989076b1fede634c910df93d0353c3a5', 'status': None, 'description': 'TRANSFERENCIA', 'trackerType': '202591c2658eb8db7d1c57e1273cd270', 'from': '84c77d7bc3fb1dd258da3c10bb2f8a27', 'to': '6adf97f83acf6453d4a6a4b1070f3754'}, {'createdAt': {'$date': 1693621489000}, 'trackingCode': '989076b1fede634c910df93d0353c3a5', 'status': None, 'description': 'TRANSFERENCIA', 'trackerType': '202591c2658eb8db7d1c57e1273cd270', 'from': '84c77d7bc3fb1dd258da3c10bb2f8a27', 'to': '6adf97f83acf6453d4a6a4b1070f3754'}, {'createdAt': {'$date': 1693655005000}, 'trackingCode': '989076b1fede634c910df93d0353c3a5', 'status': None, 'description': 'TRANSFERIDO PARA UNIDADE', 'trackerType': '202591c2658eb8db7d1c57e1273cd270', 'from': '84c77d7bc3fb1dd258da3c10bb2f8a27', 'to': '6adf97f83acf6453d4a6a4b1070f3754'}, {'createdAt': {'$date': 1693666993000}, 'trackingCode': '989076b1fede634c910df93d0353c3a5', 'status': None, 'description': 'ENTRADA', 'trackerType': '202591c2658eb8db7d1c57e1273cd270', 'from': 'd85aff691a83b2c3cc392739515e41c1', 'to': '6adf97f83acf6453d4a6a4b1070f3754'}, {'createdAt': {'$date': 1693670584000}, 'trackingCode': '989076b1fede634c910df93d0353c3a5', 'status': None, 'description': 'TRANSFERENCIA', 'trackerType': '202591c2658eb8db7d1c57e1273cd270', 'from': 'd85aff691a83b2c3cc392739515e41c1', 'to': '6adf97f83acf6453d4a6a4b1070f3754'}, {'createdAt': {'$date': 1693709432000}, 'trackingCode': '989076b1fede634c910df93d0353c3a5', 'status': None, 'description': 'TRANSFERENCIA', 'trackerType': '202591c2658eb8db7d1c57e1273cd270', 'from': 'd85aff691a83b2c3cc392739515e41c1', 'to': '6adf97f83acf6453d4a6a4b1070f3754'}, {'createdAt': {'$date': 1693812114000}, 'trackingCode': '989076b1fede634c910df93d0353c3a5', 'status': None, 'description': 'TRANSFERIDO PARA UNIDADE', 'trackerType': '202591c2658eb8db7d1c57e1273cd270', 'from': 'd85aff691a83b2c3cc392739515e41c1', 'to': '6adf97f83acf6453d4a6a4b1070f3754'}, {'createdAt': {'$date': 1693812893000}, 'trackingCode': '989076b1fede634c910df93d0353c3a5', 'status': None, 'description': 'ENTRADA', 'trackerType': '202591c2658eb8db7d1c57e1273cd270', 'from': '0e731a1de69522baca9b68c2d2a83e0f', 'to': '6adf97f83acf6453d4a6a4b1070f3754'}]"
U,95715b91b38c1e8b3d8a0fe0345ab3ee,1693510378,1693824985,1693824985,"[{'createdAt': {'$date': 1693502899000}, 'trackingCode': '989076b1fede634c910df93d0353c3a5', 'status': None, 'description': 'EMISSAO', 'trackerType': '202591c2658eb8db7d1c57e1273cd270', 'from': '747f39c907a6b20fb16065eecc59d424', 'to': '6adf97f83acf6453d4a6a4b1070f3754'}, {'createdAt': {'$date': 1693504617000}, 'trackingCode': '989076b1fede634c910df93d0353c3a5', 'status': None, 'description': 'TRANSFERENCIA', 'trackerType': '202591c2658eb8db7d1c57e1273cd270', 'from': '747f39c907a6b20fb16065eecc59d424', 'to': '6adf97f83acf6453d4a6a4b1070f3754'}, {'createdAt': {'$date': 1693604135000}, 'trackingCode': '989076b1fede634c910df93d0353c3a5', 'status': None, 'description': 'ENTRADA', 'trackerType': '202591c2658eb8db7d1c57e1273cd270', 'from': '84c77d7bc3fb1dd258da3c10bb2f8a27', 'to': '6adf97f83acf6453d4a6a4b1070f3754'}, {'createdAt': {'$date': 1693606463000}, 'trackingCode': '989076b1fede634c910df93d0353c3a5', 'status': None, 'description': 'TRANSFERENCIA', 'trackerType': '202591c2658eb8db7d1c57e1273cd270', 'from': '84c77d7bc3fb1dd258da3c10bb2f8a27', 'to': '6adf97f83acf6453d4a6a4b1070f3754'}, {'createdAt': {'$date': 1693621334000}, 'trackingCode': '989076b1fede634c910df93d0353c3a5', 'status': None, 'description': 'TRANSFERENCIA', 'trackerType': '202591c2658eb8db7d1c57e1273cd270', 'from': '84c77d7bc3fb1dd258da3c10bb2f8a27', 'to': '6adf97f83acf6453d4a6a4b1070f3754'}, {'createdAt': {'$date': 1693621489000}, 'trackingCode': '989076b1fede634c910df93d0353c3a5', 'status': None, 'description': 'TRANSFERENCIA', 'trackerType': '202591c2658eb8db7d1c57e1273cd270', 'from': '84c77d7bc3fb1dd258da3c10bb2f8a27', 'to': '6adf97f83acf6453d4a6a4b1070f3754'}, {'createdAt': {'$date': 1693655005000}, 'trackingCode': '989076b1fede634c910df93d0353c3a5', 'status': None, 'description': 'TRANSFERIDO PARA UNIDADE', 'trackerType': '202591c2658eb8db7d1c57e1273cd270', 'from': '84c77d7bc3fb1dd258da3c10bb2f8a27', 'to': '6adf97f83acf6453d4a6a4b1070f3754'}, {'createdAt': {'$date': 1693666993000}, 'trackingCode': '989076b1fede634c910df93d0353c3a5', 'status': None, 'description': 'ENTRADA', 'trackerType': '202591c2658eb8db7d1c57e1273cd270', 'from': 'd85aff691a83b2c3cc392739515e41c1', 'to': '6adf97f83acf6453d4a6a4b1070f3754'}, {'createdAt': {'$date': 1693670584000}, 'trackingCode': '989076b1fede634c910df93d0353c3a5', 'status': None, 'description': 'TRANSFERENCIA', 'trackerType': '202591c2658eb8db7d1c57e1273cd270', 'from': 'd85aff691a83b2c3cc392739515e41c1', 'to': '6adf97f83acf6453d4a6a4b1070f3754'}, {'createdAt': {'$date': 1693709432000}, 'trackingCode': '989076b1fede634c910df93d0353c3a5', 'status': None, 'description': 'TRANSFERENCIA', 'trackerType': '202591c2658eb8db7d1c57e1273cd270', 'from': 'd85aff691a83b2c3cc392739515e41c1', 'to': '6adf97f83acf6453d4a6a4b1070f3754'}, {'createdAt': {'$date': 1693812114000}, 'trackingCode': '989076b1fede634c910df93d0353c3a5', 'status': None, 'description': 'TRANSFERIDO PARA UNIDADE', 'trackerType': '202591c2658eb8db7d1c57e1273cd270', 'from': 'd85aff691a83b2c3cc392739515e41c1', 'to': '6adf97f83acf6453d4a6a4b1070f3754'}, {'createdAt': {'$date': 1693812893000}, 'trackingCode': '989076b1fede634c910df93d0353c3a5', 'status': None, 'description': 'ENTRADA', 'trackerType': '202591c2658eb8db7d1c57e1273cd270', 'from': '0e731a1de69522baca9b68c2d2a83e0f', 'to': '6adf97f83acf6453d4a6a4b1070f3754'}]"
U,31d8dc1b0e7a70633780051d83337272,1690545635,1693824985,1693824985,"[{'createdAt': {'$date': 1690543428000}, 'trackingCode': '55cfe5852c39ed1d03294f8ceb877521', 'status': '102', 'description': 'Informação do Envio enviado à Azul Cargo Express (CT-e emitido)\t', 'trackerType': '3b24fa7e14555a1912e5bc2198f8e075', 'from': '6e8db50e8384cf12b700e12500ea0dc0', 'to': '6adf97f83acf6453d4a6a4b1070f3754'}, {'createdAt': {'$date': 1690573167000}, 'trackingCode': '55cfe5852c39ed1d03294f8ceb877521', 'status': '142', 'description': 'Embarque no veículo para transferência ou em rota para entrega', 'trackerType': '3b24fa7e14555a1912e5bc2198f8e075', 'from': '6e8db50e8384cf12b700e12500ea0dc0', 'to': '6adf97f83acf6453d4a6a4b1070f3754'}, {'createdAt': {'$date': 1690573167000}, 'trackingCode': '55cfe5852c39ed1d03294f8ceb877521', 'status': '133', 'description': 'Saida Do Veiculo', 'trackerType': '3b24fa7e14555a1912e5bc2198f8e075', 'from': '6e8db50e8384cf12b700e12500ea0dc0', 'to': '6adf97f83acf6453d4a6a4b1070f3754'}, {'createdAt': {'$date': 1690578060000}, 'trackingCode': '55cfe5852c39ed1d03294f8ceb877521', 'status': '136', 'description': 'Chegou na Unidade Azul Cargo Express\t', 'trackerType': '3b24fa7e14555a1912e5bc2198f8e075', 'from': 'ed76a10a3cebcbb50cb43e29677dcd26', 'to': '6adf97f83acf6453d4a6a4b1070f3754'}, {'createdAt': {'$date': 1690578060000}, 'trackingCode': '55cfe5852c39ed1d03294f8ceb877521', 'status': '136', 'description': 'Chegou na Unidade Azul Cargo Express\t', 'trackerType': '3b24fa7e14555a1912e5bc2198f8e075', 'from': 'ed76a10a3cebcbb50cb43e29677dcd26', 'to': '6adf97f83acf6453d4a6a4b1070f3754'}, {'createdAt': {'$date': 1690593497000}, 'trackingCode': '55cfe5852c39ed1d03294f8ceb877521', 'status': '104', 'description': 'Deixou a unidade Azul Cargo Express\t', 'trackerType': '3b24fa7e14555a1912e5bc2198f8e075', 'from': 'ed76a10a3cebcbb50cb43e29677dcd26', 'to': '6adf97f83acf6453d4a6a4b1070f3754'}, {'createdAt': {'$date': 1690617947000}, 'trackingCode': '55cfe5852c39ed1d03294f8ceb877521', 'status': '134', 'description': 'Saída do voo\t', 'trackerType': '3b24fa7e14555a1912e5bc2198f8e075', 'from': 'ed76a10a3cebcbb50cb43e29677dcd26', 'to': '6adf97f83acf6453d4a6a4b1070f3754'}, {'createdAt': {'$date': 1690625760000}, 'trackingCode': '55cfe5852c39ed1d03294f8ceb877521', 'status': '137', 'description': 'Chegada do voo\t', 'trackerType': '3b24fa7e14555a1912e5bc2198f8e075', 'from': '573117b689761102d4b2e82849b74e0b', 'to': '6adf97f83acf6453d4a6a4b1070f3754'}, {'createdAt': {'$date': 1690795628000}, 'trackingCode': '55cfe5852c39ed1d03294f8ceb877521', 'status': '104', 'description': 'Deixou a unidade Azul Cargo Express\t', 'trackerType': '3b24fa7e14555a1912e5bc2198f8e075', 'from': '573117b689761102d4b2e82849b74e0b', 'to': '6adf97f83acf6453d4a6a4b1070f3754'}, {'createdAt': {'$date': 1690805505000}, 'trackingCode': '55cfe5852c39ed1d03294f8ceb877521', 'status': '134', 'description': 'Saída do voo\t', 'trackerType': '3b24fa7e14555a1912e5bc2198f8e075', 'from': '573117b689761102d4b2e82849b74e0b', 'to': '6adf97f83acf6453d4a6a4b1070f3754'}, {'createdAt': {'$date': 1690814579000}, 'trackingCode': '55cfe5852c39ed1d03294f8ceb877521', 'status': '137', 'description': 'Chegada do voo\t', 'trackerType': '3b24fa7e14555a1912e5bc2198f8e075', 'from': 'e9a4a5af7bb1464bdfdd05d4e106a38d', 'to': '6adf97f83acf6453d4a6a4b1070f3754'}, {'createdAt': {'$date': 1690822860000}, 'trackingCode': '55cfe5852c39ed1d03294f8ceb877521', 'status': '136', 'description': 'Chegou na Unidade Azul Cargo Express\t', 'trackerType': '3b24fa7e14555a1912e5bc2198f8e075', 'from': '8d4014f63ae2e6f82783ffab3e101a62', 'to': '6adf97f83acf6453d4a6a4b1070f3754'}, {'createdAt': {'$date': 1690826241000}, 'trackingCode': '55cfe5852c39ed1d03294f8ceb877521', 'status': '104', 'description': 'Deixou a unidade Azul Cargo Express\t', 'trackerType': '3b24fa7e14555a1912e5bc2198f8e075', 'from': '8d4014f63ae2e6f82783ffab3e101a62', 'to': '6adf97f83acf6453d4a6a4b1070f3754'}, {'createdAt': {'$date': 1690826242000}, 'trackingCode': '55cfe5852c39ed1d03294f8ceb877521', 'status': '133', 'description': 'Saida Do Veiculo', 'trackerType': '3b24fa7e14555a1912e5bc2198f8e075', 'from': '8d4014f63ae2e6f82783ffab3e101a62', 'to': '6adf97f83acf6453d4a6a4b1070f3754'}, {'createdAt': {'$date': 1690899651000}, 'trackingCode': '55cfe5852c39ed1d03294f8ceb877521', 'status': '01', 'description': 'Remessa entregue', 'trackerType': '3b24fa7e14555a1912e5bc2198f8e075', 'from': '6adf97f83acf6453d4a6a4b1070f3754', 'to': '6adf97f83acf6453d4a6a4b1070f3754'}]"
U,1f0140fa647216cd2608b57008a92879,1692230927,1693824985,1693824985,"[{'createdAt': {'$date': 1692240108000}, 'trackingCode': '8a79a274d03569fc4b21c986af5bc28d', 'status': '14', 'description': 'A coleta do pacote foi feita e o processo de envio vai ser iniciado.', 'trackerType': 'a302942c7f755f858bd9a6c0c6be98fb', 'from': '3d176e3700b055e947033711908044fb', 'to': '6adf97f83acf6453d4a6a4b1070f3754'}, {'createdAt': {'$date': 1692032626000}, 'trackingCode': '8a79a274d03569fc4b21c986af5bc28d', 'status': '1', 'description': 'A etiqueta de envio já foi criada e o pacote está pronto para a coleta.', 'trackerType': 'a302942c7f755f858bd9a6c0c6be98fb', 'from': '3d176e3700b055e947033711908044fb', 'to': '6adf97f83acf6453d4a6a4b1070f3754'}, {'createdAt': {'$date': 1692266159000}, 'trackingCode': '8a79a274d03569fc4b21c986af5bc28d', 'status': '13', 'description': 'O pacote foi confirmado em uma base da Loggi e vai ser preparado para transferência.', 'trackerType': 'a302942c7f755f858bd9a6c0c6be98fb', 'from': '78a32fcc48731cfdbb11966d312f5f4f', 'to': '6adf97f83acf6453d4a6a4b1070f3754'}, {'createdAt': {'$date': 1692266159000}, 'trackingCode': '8a79a274d03569fc4b21c986af5bc28d', 'status': '15', 'description': 'O pacote já teve suas dimensões conferidas.', 'trackerType': 'a302942c7f755f858bd9a6c0c6be98fb', 'from': '6adf97f83acf6453d4a6a4b1070f3754', 'to': '6adf97f83acf6453d4a6a4b1070f3754'}, {'createdAt': {'$date': 1692301144000}, 'trackingCode': '8a79a274d03569fc4b21c986af5bc28d', 'status': '17', 'description': 'Tudo certo, o pacote está em uma base da Loggi.', 'trackerType': 'a302942c7f755f858bd9a6c0c6be98fb', 'from': '154c1710608f597e79d659a5b65a12bc', 'to': '6adf97f83acf6453d4a6a4b1070f3754'}, {'createdAt': {'$date': 1692296684000}, 'trackingCode': '8a79a274d03569fc4b21c986af5bc28d', 'status': '16', 'description': 'O pacote está em transferência de uma base para outra.', 'trackerType': 'a302942c7f755f858bd9a6c0c6be98fb', 'from': '154c1710608f597e79d659a5b65a12bc', 'to': '6adf97f83acf6453d4a6a4b1070f3754'}, {'createdAt': {'$date': 1692296490000}, 'trackingCode': '8a79a274d03569fc4b21c986af5bc28d', 'status': '3', 'description': 'O pacote está em uma base e, em breve, vai estar em transferência.', 'trackerType': 'a302942c7f755f858bd9a6c0c6be98fb', 'from': '154c1710608f597e79d659a5b65a12bc', 'to': '6adf97f83acf6453d4a6a4b1070f3754'}, {'createdAt': {'$date': 1692352117000}, 'trackingCode': '8a79a274d03569fc4b21c986af5bc28d', 'status': '11', 'description': 'O pacote está a caminho.', 'trackerType': 'a302942c7f755f858bd9a6c0c6be98fb', 'from': '6adf97f83acf6453d4a6a4b1070f3754', 'to': '6adf97f83acf6453d4a6a4b1070f3754'}, {'createdAt': {'$date': 1692362997000}, 'trackingCode': '8a79a274d03569fc4b21c986af5bc28d', 'status': '5', 'description': 'O pacote chegou ao destino final.', 'trackerType': 'a302942c7f755f858bd9a6c0c6be98fb', 'from': '154c1710608f597e79d659a5b65a12bc', 'to': '6adf97f83acf6453d4a6a4b1070f3754'}]"
U,b1ebb2a26e3d16e5b4e2c7f68025d3f6,1690279450,1693824985,1693824985,"[{'createdAt': {'$date': 1690279186000}, 'trackingCode': 'e58beeb7ce9700332fdd00b900d0bf9e', 'status': '102', 'description': 'Informação do Envio enviado à Azul Cargo Express (CT-e emitido)\t', 'trackerType': '3b24fa7e14555a1912e5bc2198f8e075', 'from': '985a6b34684266f6019226f5401e31a3', 'to': '6adf97f83acf6453d4a6a4b1070f3754'}, {'createdAt': {'$date': 1690285296000}, 'trackingCode': 'e58beeb7ce9700332fdd00b900d0bf9e', 'status': '142', 'description': 'Embarque no veículo para transferência ou em rota para entrega', 'trackerType': '3b24fa7e14555a1912e5bc2198f8e075', 'from': '985a6b34684266f6019226f5401e31a3', 'to': '6adf97f83acf6453d4a6a4b1070f3754'}, {'createdAt': {'$date': 1690285296000}, 'trackingCode': 'e58beeb7ce9700332fdd00b900d0bf9e', 'status': '133', 'description': 'Saida Do Veiculo', 'trackerType': '3b24fa7e14555a1912e5bc2198f8e075', 'from': '985a6b34684266f6019226f5401e31a3', 'to': '6adf97f83acf6453d4a6a4b1070f3754'}, {'createdAt': {'$date': 1690363380000}, 'trackingCode': 'e58beeb7ce9700332fdd00b900d0bf9e', 'status': '137', 'description': 'Chegada do voo\t', 'trackerType': '3b24fa7e14555a1912e5bc2198f8e075', 'from': 'd8e343519d3a0b2bf8edeab2cbf75883', 'to': '6adf97f83acf6453d4a6a4b1070f3754'}, {'createdAt': {'$date': 1690364928000}, 'trackingCode': 'e58beeb7ce9700332fdd00b900d0bf9e', 'status': '104', 'description': 'Deixou a unidade Azul Cargo Express\t', 'trackerType': '3b24fa7e14555a1912e5bc2198f8e075', 'from': 'd8e343519d3a0b2bf8edeab2cbf75883', 'to': '6adf97f83acf6453d4a6a4b1070f3754'}, {'createdAt': {'$date': 1690364935000}, 'trackingCode': 'e58beeb7ce9700332fdd00b900d0bf9e', 'status': '134', 'description': 'Saída do voo\t', 'trackerType': '3b24fa7e14555a1912e5bc2198f8e075', 'from': 'd8e343519d3a0b2bf8edeab2cbf75883', 'to': '6adf97f83acf6453d4a6a4b1070f3754'}, {'createdAt': {'$date': 1690381440000}, 'trackingCode': 'e58beeb7ce9700332fdd00b900d0bf9e', 'status': '137', 'description': 'Chegada do voo\t', 'trackerType': '3b24fa7e14555a1912e5bc2198f8e075', 'from': '3d546c03f720c3a373b7193c931ff429', 'to': '6adf97f83acf6453d4a6a4b1070f3754'}, {'createdAt': {'$date': 1690403043000}, 'trackingCode': 'e58beeb7ce9700332fdd00b900d0bf9e', 'status': '104', 'description': 'Deixou a unidade Azul Cargo Express\t', 'trackerType': '3b24fa7e14555a1912e5bc2198f8e075', 'from': '3d546c03f720c3a373b7193c931ff429', 'to': '6adf97f83acf6453d4a6a4b1070f3754'}, {'createdAt': {'$date': 1690403052000}, 'trackingCode': 'e58beeb7ce9700332fdd00b900d0bf9e', 'status': '134', 'description': 'Saída do voo\t', 'trackerType': '3b24fa7e14555a1912e5bc2198f8e075', 'from': '3d546c03f720c3a373b7193c931ff429', 'to': '6adf97f83acf6453d4a6a4b1070f3754'}, {'createdAt': {'$date': 1690521180000}, 'trackingCode': 'e58beeb7ce9700332fdd00b900d0bf9e', 'status': '137', 'description': 'Chegada do voo\t', 'trackerType': '3b24fa7e14555a1912e5bc2198f8e075', 'from': '89cb1e2fcbb5b49ca53cf4157f671587', 'to': '6adf97f83acf6453d4a6a4b1070f3754'}, {'createdAt': {'$date': 1690527642000}, 'trackingCode': 'e58beeb7ce9700332fdd00b900d0bf9e', 'status': '142', 'description': 'Embarque no veículo para transferência ou em rota para entrega', 'trackerType': '3b24fa7e14555a1912e5bc2198f8e075', 'from': '89cb1e2fcbb5b49ca53cf4157f671587', 'to': '6adf97f83acf6453d4a6a4b1070f3754'}, {'createdAt': {'$date': 1690527642000}, 'trackingCode': 'e58beeb7ce9700332fdd00b900d0bf9e', 'status': '133', 'description': 'Saida Do Veiculo', 'trackerType': '3b24fa7e14555a1912e5bc2198f8e075', 'from': '89cb1e2fcbb5b49ca53cf4157f671587', 'to': '6adf97f83acf6453d4a6a4b1070f3754'}, {'createdAt': {'$date': 1690530660000}, 'trackingCode': 'e58beeb7ce9700332fdd00b900d0bf9e', 'status': '136', 'description': 'Chegou na Unidade Azul Cargo Express\t', 'trackerType': '3b24fa7e14555a1912e5bc2198f8e075', 'from': '5f4ff76ccd1674d7a16907319511cd79', 'to': '6adf97f83acf6453d4a6a4b1070f3754'}, {'createdAt': {'$date': 1690533883000}, 'trackingCode': 'e58beeb7ce9700332fdd00b900d0bf9e', 'status': '104', 'description': 'Deixou a unidade Azul Cargo Express\t', 'trackerType': '3b24fa7e14555a1912e5bc2198f8e075', 'from': '5f4ff76ccd1674d7a16907319511cd79', 'to': '6adf97f83acf6453d4a6a4b1070f3754'}, {'createdAt': {'$date': 1690533970000}, 'trackingCode': 'e58beeb7ce9700332fdd00b900d0bf9e', 'status': '133', 'description': 'Saida Do Veiculo', 'trackerType': '3b24fa7e14555a1912e5bc2198f8e075', 'from': '5f4ff76ccd1674d7a16907319511cd79', 'to': '6adf97f83acf6453d4a6a4b1070f3754'}, {'createdAt': {'$date': 1690539856000}, 'trackingCode': 'e58beeb7ce9700332fdd00b900d0bf9e', 'status': '01', 'description': 'Remessa entregue', 'trackerType': '3b24fa7e14555a1912e5bc2198f8e075', 'from': '6adf97f83acf6453d4a6a4b1070f3754', 'to': '6adf97f83acf6453d4a6a4b1070f3754'}]"
U,f5b575f3868cd652ef0a432e8ef86847,1691147952,1693824985,1693824985,"[{'createdAt': {'$date': 1690562309000}, 'trackingCode': '1bff21e223d5cb95bed947b231430288', 'status': '01', 'description': 'Objeto entregue ao destinatário', 'trackerType': '27bb7dfdbe0de2d482d1c37c3fe5bfe3', 'from': 'dc9b8c3a87d9a0f6b34769e519eaa6f8', 'to': '6adf97f83acf6453d4a6a4b1070f3754'}, {'createdAt': {'$date': 1690559631000}, 'trackingCode': '1bff21e223d5cb95bed947b231430288', 'status': '58', 'description': 'Objeto será entregue em instantes', 'trackerType': '27bb7dfdbe0de2d482d1c37c3fe5bfe3', 'from': 'dc9b8c3a87d9a0f6b34769e519eaa6f8', 'to': '6adf97f83acf6453d4a6a4b1070f3754'}, {'createdAt': {'$date': 1690545040000}, 'trackingCode': '1bff21e223d5cb95bed947b231430288', 'status': '03', 'description': 'Objeto está em rota de entrega', 'trackerType': '27bb7dfdbe0de2d482d1c37c3fe5bfe3', 'from': 'dc9b8c3a87d9a0f6b34769e519eaa6f8', 'to': '6adf97f83acf6453d4a6a4b1070f3754'}, {'createdAt': {'$date': 1690487518000}, 'trackingCode': '1bff21e223d5cb95bed947b231430288', 'status': '01', 'description': 'Objeto em trânsito - por favor aguarde', 'trackerType': '27bb7dfdbe0de2d482d1c37c3fe5bfe3', 'from': 'd7fd547a14bcde970e5c0edf83bca3d6', 'to': 'dc9b8c3a87d9a0f6b34769e519eaa6f8'}, {'createdAt': {'$date': 1690469605000}, 'trackingCode': '1bff21e223d5cb95bed947b231430288', 'status': '01', 'description': 'Objeto em trânsito - por favor aguarde', 'trackerType': '27bb7dfdbe0de2d482d1c37c3fe5bfe3', 'from': 'a73a615419145fd5f1a0f8689a38600d', 'to': 'd7fd547a14bcde970e5c0edf83bca3d6'}, {'createdAt': {'$date': 1690461364000}, 'trackingCode': '1bff21e223d5cb95bed947b231430288', 'status': '01', 'description': 'Objeto postado', 'trackerType': '27bb7dfdbe0de2d482d1c37c3fe5bfe3', 'from': 'a73a615419145fd5f1a0f8689a38600d', 'to': '6adf97f83acf6453d4a6a4b1070f3754'}]"
U,13e8bcecf2e7179825d7735bf1eee763,1692739309,1693824985,1693824985,"[{'createdAt': {'$date': 1692749747000}, 'trackingCode': '16317a07551f7423f1de7011cb0a06ff', 'status': '14', 'description': 'A coleta do pacote foi feita e o processo de envio vai ser iniciado.', 'trackerType': 'a302942c7f755f858bd9a6c0c6be98fb', 'from': '3d176e3700b055e947033711908044fb', 'to': '6adf97f83acf6453d4a6a4b1070f3754'}, {'createdAt': {'$date': 1692644021000}, 'trackingCode': '16317a07551f7423f1de7011cb0a06ff', 'status': '1', 'description': 'A etiqueta de envio já foi criada e o pacote está pronto para a coleta.', 'trackerType': 'a302942c7f755f858bd9a6c0c6be98fb', 'from': '3d176e3700b055e947033711908044fb', 'to': '6adf97f83acf6453d4a6a4b1070f3754'}, {'createdAt': {'$date': 1692821403000}, 'trackingCode': '16317a07551f7423f1de7011cb0a06ff', 'status': '13', 'description': 'O pacote foi confirmado em uma base da Loggi e vai ser preparado para transferência.', 'trackerType': 'a302942c7f755f858bd9a6c0c6be98fb', 'from': '78a32fcc48731cfdbb11966d312f5f4f', 'to': '6adf97f83acf6453d4a6a4b1070f3754'}, {'createdAt': {'$date': 1692821403000}, 'trackingCode': '16317a07551f7423f1de7011cb0a06ff', 'status': '15', 'description': 'O pacote já teve suas dimensões conferidas.', 'trackerType': 'a302942c7f755f858bd9a6c0c6be98fb', 'from': '6adf97f83acf6453d4a6a4b1070f3754', 'to': '6adf97f83acf6453d4a6a4b1070f3754'}, {'createdAt': {'$date': 1692843772000}, 'trackingCode': '16317a07551f7423f1de7011cb0a06ff', 'status': '3', 'description': 'O pacote está em uma base e, em breve, vai estar em transferência.', 'trackerType': 'a302942c7f755f858bd9a6c0c6be98fb', 'from': '6adf97f83acf6453d4a6a4b1070f3754', 'to': '6adf97f83acf6453d4a6a4b1070f3754'}, {'createdAt': {'$date': 1692853804000}, 'trackingCode': '16317a07551f7423f1de7011cb0a06ff', 'status': '16', 'description': 'O pacote está em transferência de uma base para outra.', 'trackerType': 'a302942c7f755f858bd9a6c0c6be98fb', 'from': '6adf97f83acf6453d4a6a4b1070f3754', 'to': '6adf97f83acf6453d4a6a4b1070f3754'}, {'createdAt': {'$date': 1692925986000}, 'trackingCode': '16317a07551f7423f1de7011cb0a06ff', 'status': '17', 'description': 'Tudo certo, o pacote está em uma base da Loggi.', 'trackerType': 'a302942c7f755f858bd9a6c0c6be98fb', 'from': '6adf97f83acf6453d4a6a4b1070f3754', 'to': '6adf97f83acf6453d4a6a4b1070f3754'}, {'createdAt': {'$date': 1692842250000}, 'trackingCode': '16317a07551f7423f1de7011cb0a06ff', 'status': '3', 'description': 'O pacote está em uma base e, em breve, vai estar em transferência.', 'trackerType': 'a302942c7f755f858bd9a6c0c6be98fb', 'from': '957833b8ebb77cc12c757c9f23da0f3f', 'to': '6adf97f83acf6453d4a6a4b1070f3754'}, {'createdAt': {'$date': 1692950909000}, 'trackingCode': '16317a07551f7423f1de7011cb0a06ff', 'status': '16', 'description': 'O pacote está em transferência de uma base para outra.', 'trackerType': 'a302942c7f755f858bd9a6c0c6be98fb', 'from': '6adf97f83acf6453d4a6a4b1070f3754', 'to': '6adf97f83acf6453d4a6a4b1070f3754'}, {'createdAt': {'$date': 1692950565000}, 'trackingCode': '16317a07551f7423f1de7011cb0a06ff', 'status': '3', 'description': 'O pacote está em uma base e, em breve, vai estar em transferência.', 'trackerType': 'a302942c7f755f858bd9a6c0c6be98fb', 'from': '6adf97f83acf6453d4a6a4b1070f3754', 'to': '6adf97f83acf6453d4a6a4b1070f3754'}, {'createdAt': {'$date': 1692843771000}, 'trackingCode': '16317a07551f7423f1de7011cb0a06ff', 'status': '3', 'description': 'O pacote está em uma base e, em breve, vai estar em transferência.', 'trackerType': 'a302942c7f755f858bd9a6c0c6be98fb', 'from': '6adf97f83acf6453d4a6a4b1070f3754', 'to': '6adf97f83acf6453d4a6a4b1070f3754'}, {'createdAt': {'$date': 1692996181000}, 'trackingCode': '16317a07551f7423f1de7011cb0a06ff', 'status': '11', 'description': 'O pacote está a caminho.', 'trackerType': 'a302942c7f755f858bd9a6c0c6be98fb', 'from': '6adf97f83acf6453d4a6a4b1070f3754', 'to': '6adf97f83acf6453d4a6a4b1070f3754'}, {'createdAt': {'$date': 1692985261000}, 'trackingCode': '16317a07551f7423f1de7011cb0a06ff', 'status': '17', 'description': 'Tudo certo, o pacote está em uma base da Loggi.', 'trackerType': 'a302942c7f755f858bd9a6c0c6be98fb', 'from': '6adf97f83acf6453d4a6a4b1070f3754', 'to': '6adf97f83acf6453d4a6a4b1070f3754'}, {'createdAt': {'$date': 1692950564000}, 'trackingCode': '16317a07551f7423f1de7011cb0a06ff', 'status': '3', 'description': 'O pacote está em uma base e, em breve, vai estar em transferência.', 'trackerType': 'a302942c7f755f858bd9a6c0c6be98fb', 'from': 'e33872e937a5e400aeb75759abde4fda', 'to': '6adf97f83acf6453d4a6a4b1070f3754'}, {'createdAt': {'$date': 1693230657000}, 'trackingCode': '16317a07551f7423f1de7011cb0a06ff', 'status': '11', 'description': 'O pacote está a caminho.', 'trackerType': 'a302942c7f755f858bd9a6c0c6be98fb', 'from': '6adf97f83acf6453d4a6a4b1070f3754', 'to': '6adf97f83acf6453d4a6a4b1070f3754'}, {'createdAt': {'$date': 1693230657000}, 'trackingCode': '16317a07551f7423f1de7011cb0a06ff', 'status': '4', 'description': 'O pacote está em uma base da Loggi e, em breve, vai sair para entrega.', 'trackerType': 'a302942c7f755f858bd9a6c0c6be98fb', 'from': '6adf97f83acf6453d4a6a4b1070f3754', 'to': '6adf97f83acf6453d4a6a4b1070f3754'}, {'createdAt': {'$date': 1693230657000}, 'trackingCode': '16317a07551f7423f1de7011cb0a06ff', 'status': '11', 'description': 'O pacote está a caminho.', 'trackerType': 'a302942c7f755f858bd9a6c0c6be98fb', 'from': '6adf97f83acf6453d4a6a4b1070f3754', 'to': '6adf97f83acf6453d4a6a4b1070f3754'}, {'createdAt': {'$date': 1693326051000}, 'trackingCode': '16317a07551f7423f1de7011cb0a06ff', 'status': '5', 'description': 'O pacote chegou ao destino final.', 'trackerType': 'a302942c7f755f858bd9a6c0c6be98fb', 'from': 'e33872e937a5e400aeb75759abde4fda', 'to': '6adf97f83acf6453d4a6a4b1070f3754'}]"
U,1051b9ef24f36a8fd53b1d18551bb808,1691492738,1693824985,1693824985,"[{'createdAt': {'$date': 1690841988000}, 'trackingCode': 'be152a114864118ac06c024e2ab6932f', 'status': '01', 'description': 'Objeto em trânsito - por favor aguarde', 'trackerType': '27bb7dfdbe0de2d482d1c37c3fe5bfe3', 'from': 'a757092f093878f4aac4abe0c0c4746e', 'to': '45d85b5814ccaef9bb9511c64db72ae1'}, {'createdAt': {'$date': 1690389066000}, 'trackingCode': 'be152a114864118ac06c024e2ab6932f', 'status': '01', 'description': 'Objeto em trânsito - por favor aguarde', 'trackerType': '27bb7dfdbe0de2d482d1c37c3fe5bfe3', 'from': '44d02c36e6691bb8faacd16784348114', 'to': 'e0e884b320d7340e331862ed6772b798'}, {'createdAt': {'$date': 1690389065000}, 'trackingCode': 'be152a114864118ac06c024e2ab6932f', 'status': '10', 'description': 'Fiscalização aduaneira finalizada', 'trackerType': '27bb7dfdbe0de2d482d1c37c3fe5bfe3', 'from': '44d02c36e6691bb8faacd16784348114', 'to': '6adf97f83acf6453d4a6a4b1070f3754'}, {'createdAt': {'$date': 1690017053000}, 'trackingCode': 'be152a114864118ac06c024e2ab6932f', 'status': '16', 'description': 'Objeto recebido pelos Correios do Brasil', 'trackerType': '27bb7dfdbe0de2d482d1c37c3fe5bfe3', 'from': '44d02c36e6691bb8faacd16784348114', 'to': '6adf97f83acf6453d4a6a4b1070f3754'}, {'createdAt': {'$date': 1689706832000}, 'trackingCode': 'be152a114864118ac06c024e2ab6932f', 'status': '01', 'description': 'Objeto postado', 'trackerType': '27bb7dfdbe0de2d482d1c37c3fe5bfe3', 'from': 'f0aa1982f61314b9aab258c2f110ebab', 'to': '6adf97f83acf6453d4a6a4b1070f3754'}]"
U,042205454dc92af0adc759e3a908ec1f,1691503923,1693824985,1693824985,"[{'createdAt': {'$date': 1691230769000}, 'trackingCode': 'b88bbbee721b6d3e85e9de26ac2f8750', 'status': '01', 'description': 'Objeto em trânsito - por favor aguarde', 'trackerType': '27bb7dfdbe0de2d482d1c37c3fe5bfe3', 'from': '1573ecd98346bbe2ca7bfccb30b80633', 'to': '030650c79eb3bf143c016a21d86bd265'}, {'createdAt': {'$date': 1690871601000}, 'trackingCode': 'b88bbbee721b6d3e85e9de26ac2f8750', 'status': '01', 'description': 'Objeto em trânsito - por favor aguarde', 'trackerType': '27bb7dfdbe0de2d482d1c37c3fe5bfe3', 'from': '19f61c9bfe1f048ab353e403dfde3103', 'to': '1573ecd98346bbe2ca7bfccb30b80633'}, {'createdAt': {'$date': 1690869410000}, 'trackingCode': 'b88bbbee721b6d3e85e9de26ac2f8750', 'status': '10', 'description': 'Fiscalização aduaneira finalizada', 'trackerType': '27bb7dfdbe0de2d482d1c37c3fe5bfe3', 'from': '8f858ee1067df0a89292373651e6c73e', 'to': '6adf97f83acf6453d4a6a4b1070f3754'}, {'createdAt': {'$date': 1690459505000}, 'trackingCode': 'b88bbbee721b6d3e85e9de26ac2f8750', 'status': '16', 'description': 'Objeto recebido pelos Correios do Brasil', 'trackerType': '27bb7dfdbe0de2d482d1c37c3fe5bfe3', 'from': '8f858ee1067df0a89292373651e6c73e', 'to': '6adf97f83acf6453d4a6a4b1070f3754'}, {'createdAt': {'$date': 1690027860000}, 'trackingCode': 'b88bbbee721b6d3e85e9de26ac2f8750', 'status': '18', 'description': 'Objeto recebido na unidade de exportação no país de origem', 'trackerType': '27bb7dfdbe0de2d482d1c37c3fe5bfe3', 'from': 'f0aa1982f61314b9aab258c2f110ebab', 'to': '6adf97f83acf6453d4a6a4b1070f3754'}, {'createdAt': {'$date': 1690027860000}, 'trackingCode': 'b88bbbee721b6d3e85e9de26ac2f8750', 'status': '01', 'description': 'Objeto em trânsito - por favor aguarde', 'trackerType': '27bb7dfdbe0de2d482d1c37c3fe5bfe3', 'from': 'f0aa1982f61314b9aab258c2f110ebab', 'to': 'fab9ec2163f1d49c0421e3d6bb8e760b'}, {'createdAt': {'$date': 1690027260000}, 'trackingCode': 'b88bbbee721b6d3e85e9de26ac2f8750', 'status': '01', 'description': 'Objeto postado', 'trackerType': '27bb7dfdbe0de2d482d1c37c3fe5bfe3', 'from': 'f0aa1982f61314b9aab258c2f110ebab', 'to': '6adf97f83acf6453d4a6a4b1070f3754'}, {'createdAt': {'$date': 1691571001000}, 'trackingCode': 'b88bbbee721b6d3e85e9de26ac2f8750', 'status': '01', 'description': 'Objeto saiu para entrega ao destinatário', 'trackerType': '27bb7dfdbe0de2d482d1c37c3fe5bfe3', 'from': '030650c79eb3bf143c016a21d86bd265', 'to': '6adf97f83acf6453d4a6a4b1070f3754'}, {'createdAt': {'$date': 1691582696000}, 'trackingCode': 'b88bbbee721b6d3e85e9de26ac2f8750', 'status': '01', 'description': 'Objeto entregue ao destinatário', 'trackerType': '27bb7dfdbe0de2d482d1c37c3fe5bfe3', 'from': '030650c79eb3bf143c016a21d86bd265', 'to': '6adf97f83acf6453d4a6a4b1070f3754'}]"
U,0c370abaa1f1c156b74ec987f3cd2a7e,1691777440,1693824985,1693824985,"[{'createdAt': {'$date': 1691768113000}, 'trackingCode': '17dc2a376717929770bc4550fbe82b40', 'status': None, 'description': 'EMISSAO', 'trackerType': '202591c2658eb8db7d1c57e1273cd270', 'from': '76a0173cdcd3e36442a16105511bd6d8', 'to': '6adf97f83acf6453d4a6a4b1070f3754'}, {'createdAt': {'$date': 1691773418000}, 'trackingCode': '17dc2a376717929770bc4550fbe82b40', 'status': None, 'description': 'TRANSFERENCIA', 'trackerType': '202591c2658eb8db7d1c57e1273cd270', 'from': '76a0173cdcd3e36442a16105511bd6d8', 'to': '6adf97f83acf6453d4a6a4b1070f3754'}, {'createdAt': {'$date': 1691782188000}, 'trackingCode': '17dc2a376717929770bc4550fbe82b40', 'status': None, 'description': 'TRANSFERENCIA', 'trackerType': '202591c2658eb8db7d1c57e1273cd270', 'from': '76a0173cdcd3e36442a16105511bd6d8', 'to': '6adf97f83acf6453d4a6a4b1070f3754'}, {'createdAt': {'$date': 1691797669000}, 'trackingCode': '17dc2a376717929770bc4550fbe82b40', 'status': None, 'description': 'ENTRADA', 'trackerType': '202591c2658eb8db7d1c57e1273cd270', 'from': '971e249ca4af90aa0b044735d8fdd59e', 'to': '6adf97f83acf6453d4a6a4b1070f3754'}, {'createdAt': {'$date': 1691800438000}, 'trackingCode': '17dc2a376717929770bc4550fbe82b40', 'status': None, 'description': 'TRANSFERENCIA', 'trackerType': '202591c2658eb8db7d1c57e1273cd270', 'from': '971e249ca4af90aa0b044735d8fdd59e', 'to': '6adf97f83acf6453d4a6a4b1070f3754'}, {'createdAt': {'$date': 1691801344000}, 'trackingCode': '17dc2a376717929770bc4550fbe82b40', 'status': None, 'description': 'TRANSFERENCIA', 'trackerType': '202591c2658eb8db7d1c57e1273cd270', 'from': '971e249ca4af90aa0b044735d8fdd59e', 'to': '6adf97f83acf6453d4a6a4b1070f3754'}, {'createdAt': {'$date': 1691801418000}, 'trackingCode': '17dc2a376717929770bc4550fbe82b40', 'status': None, 'description': 'TRANSFERENCIA', 'trackerType': '202591c2658eb8db7d1c57e1273cd270', 'from': '971e249ca4af90aa0b044735d8fdd59e', 'to': '6adf97f83acf6453d4a6a4b1070f3754'}, {'createdAt': {'$date': 1691801476000}, 'trackingCode': '17dc2a376717929770bc4550fbe82b40', 'status': None, 'description': 'TRANSFERENCIA', 'trackerType': '202591c2658eb8db7d1c57e1273cd270', 'from': '971e249ca4af90aa0b044735d8fdd59e', 'to': '6adf97f83acf6453d4a6a4b1070f3754'}, {'createdAt': {'$date': 1691801509000}, 'trackingCode': '17dc2a376717929770bc4550fbe82b40', 'status': None, 'description': 'TRANSFERENCIA', 'trackerType': '202591c2658eb8db7d1c57e1273cd270', 'from': '971e249ca4af90aa0b044735d8fdd59e', 'to': '6adf97f83acf6453d4a6a4b1070f3754'}, {'createdAt': {'$date': 1691801846000}, 'trackingCode': '17dc2a376717929770bc4550fbe82b40', 'status': None, 'description': 'TRANSFERENCIA', 'trackerType': '202591c2658eb8db7d1c57e1273cd270', 'from': '971e249ca4af90aa0b044735d8fdd59e', 'to': '6adf97f83acf6453d4a6a4b1070f3754'}, {'createdAt': {'$date': 1691844786000}, 'trackingCode': '17dc2a376717929770bc4550fbe82b40', 'status': None, 'description': 'TRANSFERENCIA', 'trackerType': '202591c2658eb8db7d1c57e1273cd270', 'from': '971e249ca4af90aa0b044735d8fdd59e', 'to': '6adf97f83acf6453d4a6a4b1070f3754'}, {'createdAt': {'$date': 1691845163000}, 'trackingCode': '17dc2a376717929770bc4550fbe82b40', 'status': None, 'description': 'TRANSFERENCIA', 'trackerType': '202591c2658eb8db7d1c57e1273cd270', 'from': '971e249ca4af90aa0b044735d8fdd59e', 'to': '6adf97f83acf6453d4a6a4b1070f3754'}, {'createdAt': {'$date': 1691933857000}, 'trackingCode': '17dc2a376717929770bc4550fbe82b40', 'status': None, 'description': 'ENTRADA', 'trackerType': '202591c2658eb8db7d1c57e1273cd270', 'from': 'fac929278c0e5ba967802153ba729336', 'to': '6adf97f83acf6453d4a6a4b1070f3754'}, {'createdAt': {'$date': 1692000944000}, 'trackingCode': '17dc2a376717929770bc4550fbe82b40', 'status': None, 'description': 'ENTRADA', 'trackerType': '202591c2658eb8db7d1c57e1273cd270', 'from': 'a265d02260fc0bb307bdd12d4d3b1c7e', 'to': '6adf97f83acf6453d4a6a4b1070f3754'}, {'createdAt': {'$date': 1692007554000}, 'trackingCode': '17dc2a376717929770bc4550fbe82b40', 'status': None, 'description': 'EM ROTA', 'trackerType': '202591c2658eb8db7d1c57e1273cd270', 'from': 'a265d02260fc0bb307bdd12d4d3b1c7e', 'to': '6adf97f83acf6453d4a6a4b1070f3754'}, {'createdAt': {'$date': 1692030887000}, 'trackingCode': '17dc2a376717929770bc4550fbe82b40', 'status': None, 'description': 'ENTREGUE', 'trackerType': '202591c2658eb8db7d1c57e1273cd270', 'from': 'a265d02260fc0bb307bdd12d4d3b1c7e', 'to': '6adf97f83acf6453d4a6a4b1070f3754'}]"
U,3b7d341558e1ca43c88ad0034cf44b4b,1691432221,1693824985,1693824985,"[{'createdAt': {'$date': 1691424274000}, 'trackingCode': 'b55b773c5364c17fea46e86ab1591a6e', 'status': '102', 'description': 'Informação do Envio enviado à Azul Cargo Express (CT-e emitido)\t', 'trackerType': '3b24fa7e14555a1912e5bc2198f8e075', 'from': '5ecb504c8601f6b1af9a397fc24af927', 'to': '6adf97f83acf6453d4a6a4b1070f3754'}, {'createdAt': {'$date': 1691649480000}, 'trackingCode': 'b55b773c5364c17fea46e86ab1591a6e', 'status': '137', 'description': 'Chegada do voo\t', 'trackerType': '3b24fa7e14555a1912e5bc2198f8e075', 'from': '9810e1ac44083fa42de012ad166a0595', 'to': '6adf97f83acf6453d4a6a4b1070f3754'}, {'createdAt': {'$date': 1691754698000}, 'trackingCode': 'b55b773c5364c17fea46e86ab1591a6e', 'status': '104', 'description': 'Deixou a unidade Azul Cargo Express\t', 'trackerType': '3b24fa7e14555a1912e5bc2198f8e075', 'from': '9810e1ac44083fa42de012ad166a0595', 'to': '6adf97f83acf6453d4a6a4b1070f3754'}, {'createdAt': {'$date': 1691764783000}, 'trackingCode': 'b55b773c5364c17fea46e86ab1591a6e', 'status': '133', 'description': 'Saida Do Veiculo', 'trackerType': '3b24fa7e14555a1912e5bc2198f8e075', 'from': '9810e1ac44083fa42de012ad166a0595', 'to': '6adf97f83acf6453d4a6a4b1070f3754'}, {'createdAt': {'$date': 1691774066000}, 'trackingCode': 'b55b773c5364c17fea46e86ab1591a6e', 'status': '01', 'description': 'Remessa entregue', 'trackerType': '3b24fa7e14555a1912e5bc2198f8e075', 'from': '6adf97f83acf6453d4a6a4b1070f3754', 'to': '6adf97f83acf6453d4a6a4b1070f3754'}]"
U,0741526713b2715f78ce4b2187ab6a08,1693510378,1693824985,1693824985,"[{'createdAt': {'$date': 1693505928000}, 'trackingCode': '7660529abc039bed025d49af9cabc708', 'status': None, 'description': 'EMISSAO', 'trackerType': '202591c2658eb8db7d1c57e1273cd270', 'from': 'a2088677ac1229f32f289753cc5a5f78', 'to': '6adf97f83acf6453d4a6a4b1070f3754'}, {'createdAt': {'$date': 1693508673000}, 'trackingCode': '7660529abc039bed025d49af9cabc708', 'status': None, 'description': 'TRANSFERENCIA', 'trackerType': '202591c2658eb8db7d1c57e1273cd270', 'from': 'a2088677ac1229f32f289753cc5a5f78', 'to': '6adf97f83acf6453d4a6a4b1070f3754'}, {'createdAt': {'$date': 1693585091000}, 'trackingCode': '7660529abc039bed025d49af9cabc708', 'status': None, 'description': 'TRANSFERENCIA', 'trackerType': '202591c2658eb8db7d1c57e1273cd270', 'from': '78c2265d2a8ecdfff34c9a761cb63176', 'to': '6adf97f83acf6453d4a6a4b1070f3754'}, {'createdAt': {'$date': 1693626658000}, 'trackingCode': '7660529abc039bed025d49af9cabc708', 'status': None, 'description': 'ENTRADA', 'trackerType': '202591c2658eb8db7d1c57e1273cd270', 'from': '678eb27519e5bec839ae31ec9455ea1b', 'to': '6adf97f83acf6453d4a6a4b1070f3754'}, {'createdAt': {'$date': 1693628907000}, 'trackingCode': '7660529abc039bed025d49af9cabc708', 'status': None, 'description': 'TRANSFERENCIA', 'trackerType': '202591c2658eb8db7d1c57e1273cd270', 'from': '678eb27519e5bec839ae31ec9455ea1b', 'to': '6adf97f83acf6453d4a6a4b1070f3754'}, {'createdAt': {'$date': 1693631614000}, 'trackingCode': '7660529abc039bed025d49af9cabc708', 'status': None, 'description': 'TRANSFERENCIA', 'trackerType': '202591c2658eb8db7d1c57e1273cd270', 'from': '678eb27519e5bec839ae31ec9455ea1b', 'to': '6adf97f83acf6453d4a6a4b1070f3754'}, {'createdAt': {'$date': 1693655974000}, 'trackingCode': '7660529abc039bed025d49af9cabc708', 'status': None, 'description': 'TRANSFERIDO PARA UNIDADE', 'trackerType': '202591c2658eb8db7d1c57e1273cd270', 'from': '678eb27519e5bec839ae31ec9455ea1b', 'to': '6adf97f83acf6453d4a6a4b1070f3754'}, {'createdAt': {'$date': 1693658780000}, 'trackingCode': '7660529abc039bed025d49af9cabc708', 'status': None, 'description': 'ENTRADA', 'trackerType': '202591c2658eb8db7d1c57e1273cd270', 'from': '1d1c443b2c522e1aa7f7a17813a9557e', 'to': '6adf97f83acf6453d4a6a4b1070f3754'}, {'createdAt': {'$date': 1693658991000}, 'trackingCode': '7660529abc039bed025d49af9cabc708', 'status': None, 'description': 'ENTRADA', 'trackerType': '202591c2658eb8db7d1c57e1273cd270', 'from': 'fac929278c0e5ba967802153ba729336', 'to': '6adf97f83acf6453d4a6a4b1070f3754'}, {'createdAt': {'$date': 1693659193000}, 'trackingCode': '7660529abc039bed025d49af9cabc708', 'status': None, 'description': 'TRANSFERENCIA', 'trackerType': '202591c2658eb8db7d1c57e1273cd270', 'from': '1d1c443b2c522e1aa7f7a17813a9557e', 'to': '6adf97f83acf6453d4a6a4b1070f3754'}, {'createdAt': {'$date': 1693774584000}, 'trackingCode': '7660529abc039bed025d49af9cabc708', 'status': None, 'description': 'TRANSFERENCIA', 'trackerType': '202591c2658eb8db7d1c57e1273cd270', 'from': 'fac929278c0e5ba967802153ba729336', 'to': '6adf97f83acf6453d4a6a4b1070f3754'}]"
U,16eadac35d96ca372cd3cd52a06cecd8,1691597317,1693824985,1693824985,"[{'createdAt': {'$date': 1691594604000}, 'trackingCode': '873b1f75cd293fc6a6599e55f2638047', 'status': None, 'description': 'EMISSAO', 'trackerType': '202591c2658eb8db7d1c57e1273cd270', 'from': '2f4bb3c66c1192616bb1e578b0117c13', 'to': '6adf97f83acf6453d4a6a4b1070f3754'}, {'createdAt': {'$date': 1691596602000}, 'trackingCode': '873b1f75cd293fc6a6599e55f2638047', 'status': None, 'description': 'TRANSFERENCIA', 'trackerType': '202591c2658eb8db7d1c57e1273cd270', 'from': '2f4bb3c66c1192616bb1e578b0117c13', 'to': '6adf97f83acf6453d4a6a4b1070f3754'}, {'createdAt': {'$date': 1691596633000}, 'trackingCode': '873b1f75cd293fc6a6599e55f2638047', 'status': None, 'description': 'TRANSFERENCIA', 'trackerType': '202591c2658eb8db7d1c57e1273cd270', 'from': '2f4bb3c66c1192616bb1e578b0117c13', 'to': '6adf97f83acf6453d4a6a4b1070f3754'}, {'createdAt': {'$date': 1691654879000}, 'trackingCode': '873b1f75cd293fc6a6599e55f2638047', 'status': None, 'description': 'ENTRADA', 'trackerType': '202591c2658eb8db7d1c57e1273cd270', 'from': '089607e1466a53ee58164c9974d00976', 'to': '6adf97f83acf6453d4a6a4b1070f3754'}, {'createdAt': {'$date': 1691703193000}, 'trackingCode': '873b1f75cd293fc6a6599e55f2638047', 'status': None, 'description': 'TRANSFERENCIA', 'trackerType': '202591c2658eb8db7d1c57e1273cd270', 'from': '866813c9a5f756fd2d824c2b492e80c6', 'to': '6adf97f83acf6453d4a6a4b1070f3754'}, {'createdAt': {'$date': 1691704843000}, 'trackingCode': '873b1f75cd293fc6a6599e55f2638047', 'status': None, 'description': 'TRANSFERENCIA', 'trackerType': '202591c2658eb8db7d1c57e1273cd270', 'from': 'fac929278c0e5ba967802153ba729336', 'to': '6adf97f83acf6453d4a6a4b1070f3754'}, {'createdAt': {'$date': 1691748499000}, 'trackingCode': '873b1f75cd293fc6a6599e55f2638047', 'status': None, 'description': 'ENTRADA', 'trackerType': '202591c2658eb8db7d1c57e1273cd270', 'from': '7f3845ce6f1f85f5fa10988db674d505', 'to': '6adf97f83acf6453d4a6a4b1070f3754'}, {'createdAt': {'$date': 1691750714000}, 'trackingCode': '873b1f75cd293fc6a6599e55f2638047', 'status': None, 'description': 'EM ROTA', 'trackerType': '202591c2658eb8db7d1c57e1273cd270', 'from': '7f3845ce6f1f85f5fa10988db674d505', 'to': '6adf97f83acf6453d4a6a4b1070f3754'}, {'createdAt': {'$date': 1691753233000}, 'trackingCode': '873b1f75cd293fc6a6599e55f2638047', 'status': None, 'description': 'ENTREGUE', 'trackerType': '202591c2658eb8db7d1c57e1273cd270', 'from': '7f3845ce6f1f85f5fa10988db674d505', 'to': '6adf97f83acf6453d4a6a4b1070f3754'}]"
U,f86c4c0f212298355e6e02616f1934de,1693623373,1693824985,1693824985,"[{'createdAt': {'$date': 1693585041000}, 'trackingCode': '20bba682e97c7c6919944ae4d823f977', 'status': '14', 'description': 'Em Transferência', 'trackerType': '560eb3b8655c97fabfc9af244772eeed', 'from': '774867c27464cce58b9af04cb1f92dd7', 'to': '6adf97f83acf6453d4a6a4b1070f3754'}, {'createdAt': {'$date': 1693579767000}, 'trackingCode': '20bba682e97c7c6919944ae4d823f977', 'status': '34', 'description': 'CT-e autorizado', 'trackerType': '560eb3b8655c97fabfc9af244772eeed', 'from': '774867c27464cce58b9af04cb1f92dd7', 'to': '6adf97f83acf6453d4a6a4b1070f3754'}, {'createdAt': {'$date': 1693579512000}, 'trackingCode': '20bba682e97c7c6919944ae4d823f977', 'status': '2', 'description': 'Recebido pela transportadora', 'trackerType': '560eb3b8655c97fabfc9af244772eeed', 'from': '774867c27464cce58b9af04cb1f92dd7', 'to': '6adf97f83acf6453d4a6a4b1070f3754'}, {'createdAt': {'$date': 1693573638000}, 'trackingCode': '20bba682e97c7c6919944ae4d823f977', 'status': '1', 'description': 'Arquivo Recebido', 'trackerType': '560eb3b8655c97fabfc9af244772eeed', 'from': '23f9a10d30b3af5a77131dcdc4f38c7d', 'to': '6adf97f83acf6453d4a6a4b1070f3754'}, {'createdAt': {'$date': 1693629379000}, 'trackingCode': '20bba682e97c7c6919944ae4d823f977', 'status': '15', 'description': 'Transferido', 'trackerType': '560eb3b8655c97fabfc9af244772eeed', 'from': '23f9a10d30b3af5a77131dcdc4f38c7d', 'to': '6adf97f83acf6453d4a6a4b1070f3754'}]"
U,e958b9e2771a3b1b8a98d9b04ed0b378,1691597318,1693824985,1693824985,"[{'createdAt': {'$date': 1691594620000}, 'trackingCode': '71afe28750888baf70c9e8699321e755', 'status': None, 'description': 'EMISSAO', 'trackerType': '202591c2658eb8db7d1c57e1273cd270', 'from': '2f4bb3c66c1192616bb1e578b0117c13', 'to': '6adf97f83acf6453d4a6a4b1070f3754'}, {'createdAt': {'$date': 1691596602000}, 'trackingCode': '71afe28750888baf70c9e8699321e755', 'status': None, 'description': 'TRANSFERENCIA', 'trackerType': '202591c2658eb8db7d1c57e1273cd270', 'from': '2f4bb3c66c1192616bb1e578b0117c13', 'to': '6adf97f83acf6453d4a6a4b1070f3754'}, {'createdAt': {'$date': 1691596633000}, 'trackingCode': '71afe28750888baf70c9e8699321e755', 'status': None, 'description': 'TRANSFERENCIA', 'trackerType': '202591c2658eb8db7d1c57e1273cd270', 'from': '2f4bb3c66c1192616bb1e578b0117c13', 'to': '6adf97f83acf6453d4a6a4b1070f3754'}, {'createdAt': {'$date': 1691654194000}, 'trackingCode': '71afe28750888baf70c9e8699321e755', 'status': None, 'description': 'ENTRADA', 'trackerType': '202591c2658eb8db7d1c57e1273cd270', 'from': '089607e1466a53ee58164c9974d00976', 'to': '6adf97f83acf6453d4a6a4b1070f3754'}, {'createdAt': {'$date': 1691670131000}, 'trackingCode': '71afe28750888baf70c9e8699321e755', 'status': None, 'description': 'TRANSFERENCIA', 'trackerType': '202591c2658eb8db7d1c57e1273cd270', 'from': 'fac929278c0e5ba967802153ba729336', 'to': '6adf97f83acf6453d4a6a4b1070f3754'}, {'createdAt': {'$date': 1691674001000}, 'trackingCode': '71afe28750888baf70c9e8699321e755', 'status': None, 'description': 'TRANSFERENCIA', 'trackerType': '202591c2658eb8db7d1c57e1273cd270', 'from': 'fac929278c0e5ba967802153ba729336', 'to': '6adf97f83acf6453d4a6a4b1070f3754'}, {'createdAt': {'$date': 1691674028000}, 'trackingCode': '71afe28750888baf70c9e8699321e755', 'status': None, 'description': 'TRANSFERIDO PARA UNIDADE', 'trackerType': '202591c2658eb8db7d1c57e1273cd270', 'from': 'fac929278c0e5ba967802153ba729336', 'to': '6adf97f83acf6453d4a6a4b1070f3754'}, {'createdAt': {'$date': 1691739066000}, 'trackingCode': '71afe28750888baf70c9e8699321e755', 'status': None, 'description': 'ENTRADA', 'trackerType': '202591c2658eb8db7d1c57e1273cd270', 'from': 'ba7d652fbd23621d65239d31e1ffde2c', 'to': '6adf97f83acf6453d4a6a4b1070f3754'}, {'createdAt': {'$date': 1691746273000}, 'trackingCode': '71afe28750888baf70c9e8699321e755', 'status': None, 'description': 'EM ROTA', 'trackerType': '202591c2658eb8db7d1c57e1273cd270', 'from': 'ba7d652fbd23621d65239d31e1ffde2c', 'to': '6adf97f83acf6453d4a6a4b1070f3754'}, {'createdAt': {'$date': 1691755580000}, 'trackingCode': '71afe28750888baf70c9e8699321e755', 'status': None, 'description': 'ENTREGUE', 'trackerType': '202591c2658eb8db7d1c57e1273cd270', 'from': 'ba7d652fbd23621d65239d31e1ffde2c', 'to': '6adf97f83acf6453d4a6a4b1070f3754'}]"
U,ea2f9add35540b41c1842ee127d4c225,1689685061,1693824985,1693824985,"[{'createdAt': {'$date': 1689683022000}, 'trackingCode': 'f9f068d8e0b909ed074a6c5f092107c4', 'status': None, 'description': 'EMISSAO', 'trackerType': '202591c2658eb8db7d1c57e1273cd270', 'from': '8da2c31c849593e6dc99385ef4282d5e', 'to': '6adf97f83acf6453d4a6a4b1070f3754'}, {'createdAt': {'$date': 1689683030000}, 'trackingCode': 'f9f068d8e0b909ed074a6c5f092107c4', 'status': None, 'description': 'ENTRADA', 'trackerType': '202591c2658eb8db7d1c57e1273cd270', 'from': '8da2c31c849593e6dc99385ef4282d5e', 'to': '6adf97f83acf6453d4a6a4b1070f3754'}, {'createdAt': {'$date': 1689683159000}, 'trackingCode': 'f9f068d8e0b909ed074a6c5f092107c4', 'status': None, 'description': 'TRANSFERENCIA', 'trackerType': '202591c2658eb8db7d1c57e1273cd270', 'from': '8da2c31c849593e6dc99385ef4282d5e', 'to': '6adf97f83acf6453d4a6a4b1070f3754'}, {'createdAt': {'$date': 1689685723000}, 'trackingCode': 'f9f068d8e0b909ed074a6c5f092107c4', 'status': None, 'description': 'TRANSFERENCIA', 'trackerType': '202591c2658eb8db7d1c57e1273cd270', 'from': '8da2c31c849593e6dc99385ef4282d5e', 'to': '6adf97f83acf6453d4a6a4b1070f3754'}, {'createdAt': {'$date': 1689709181000}, 'trackingCode': 'f9f068d8e0b909ed074a6c5f092107c4', 'status': None, 'description': 'ENTRADA', 'trackerType': '202591c2658eb8db7d1c57e1273cd270', 'from': 'd9177b94e444be78fad116b8e828a2a0', 'to': '6adf97f83acf6453d4a6a4b1070f3754'}, {'createdAt': {'$date': 1689709833000}, 'trackingCode': 'f9f068d8e0b909ed074a6c5f092107c4', 'status': None, 'description': 'TRANSFERENCIA', 'trackerType': '202591c2658eb8db7d1c57e1273cd270', 'from': 'd9177b94e444be78fad116b8e828a2a0', 'to': '6adf97f83acf6453d4a6a4b1070f3754'}, {'createdAt': {'$date': 1689713262000}, 'trackingCode': 'f9f068d8e0b909ed074a6c5f092107c4', 'status': None, 'description': 'TRANSFERENCIA', 'trackerType': '202591c2658eb8db7d1c57e1273cd270', 'from': 'd9177b94e444be78fad116b8e828a2a0', 'to': '6adf97f83acf6453d4a6a4b1070f3754'}, {'createdAt': {'$date': 1689721293000}, 'trackingCode': 'f9f068d8e0b909ed074a6c5f092107c4', 'status': None, 'description': 'TRANSFERENCIA', 'trackerType': '202591c2658eb8db7d1c57e1273cd270', 'from': 'd9177b94e444be78fad116b8e828a2a0', 'to': '6adf97f83acf6453d4a6a4b1070f3754'}, {'createdAt': {'$date': 1689721526000}, 'trackingCode': 'f9f068d8e0b909ed074a6c5f092107c4', 'status': None, 'description': 'TRANSFERENCIA', 'trackerType': '202591c2658eb8db7d1c57e1273cd270', 'from': 'd9177b94e444be78fad116b8e828a2a0', 'to': '6adf97f83acf6453d4a6a4b1070f3754'}, {'createdAt': {'$date': 1689721735000}, 'trackingCode': 'f9f068d8e0b909ed074a6c5f092107c4', 'status': None, 'description': 'TRANSFERENCIA', 'trackerType': '202591c2658eb8db7d1c57e1273cd270', 'from': 'd9177b94e444be78fad116b8e828a2a0', 'to': '6adf97f83acf6453d4a6a4b1070f3754'}, {'createdAt': {'$date': 1689839714000}, 'trackingCode': 'f9f068d8e0b909ed074a6c5f092107c4', 'status': None, 'description': 'TRANSFERIDO PARA UNIDADE', 'trackerType': '202591c2658eb8db7d1c57e1273cd270', 'from': 'd9177b94e444be78fad116b8e828a2a0', 'to': '6adf97f83acf6453d4a6a4b1070f3754'}, {'createdAt': {'$date': 1689889315000}, 'trackingCode': 'f9f068d8e0b909ed074a6c5f092107c4', 'status': None, 'description': 'ENTRADA', 'trackerType': '202591c2658eb8db7d1c57e1273cd270', 'from': 'daa9dcb5feb8f8cb8a0504889945846b', 'to': '6adf97f83acf6453d4a6a4b1070f3754'}, {'createdAt': {'$date': 1689889843000}, 'trackingCode': 'f9f068d8e0b909ed074a6c5f092107c4', 'status': None, 'description': 'TRANSFERENCIA', 'trackerType': '202591c2658eb8db7d1c57e1273cd270', 'from': 'daa9dcb5feb8f8cb8a0504889945846b', 'to': '6adf97f83acf6453d4a6a4b1070f3754'}, {'createdAt': {'$date': 1689928369000}, 'trackingCode': 'f9f068d8e0b909ed074a6c5f092107c4', 'status': None, 'description': 'TRANSFERENCIA', 'trackerType': '202591c2658eb8db7d1c57e1273cd270', 'from': 'fac929278c0e5ba967802153ba729336', 'to': '6adf97f83acf6453d4a6a4b1070f3754'}, {'createdAt': {'$date': 1690014260000}, 'trackingCode': 'f9f068d8e0b909ed074a6c5f092107c4', 'status': None, 'description': 'TRANSFERIDO PARA UNIDADE', 'trackerType': '202591c2658eb8db7d1c57e1273cd270', 'from': 'bb06c77b0bda796758fb2d30ec897c06', 'to': '6adf97f83acf6453d4a6a4b1070f3754'}, {'createdAt': {'$date': 1690155178000}, 'trackingCode': 'f9f068d8e0b909ed074a6c5f092107c4', 'status': None, 'description': 'ENTRADA', 'trackerType': '202591c2658eb8db7d1c57e1273cd270', 'from': '45003339ffac286264b30fce83abb5ad', 'to': '6adf97f83acf6453d4a6a4b1070f3754'}, {'createdAt': {'$date': 1690173907000}, 'trackingCode': 'f9f068d8e0b909ed074a6c5f092107c4', 'status': None, 'description': 'TRANSFERENCIA', 'trackerType': '202591c2658eb8db7d1c57e1273cd270', 'from': '45003339ffac286264b30fce83abb5ad', 'to': '6adf97f83acf6453d4a6a4b1070f3754'}, {'createdAt': {'$date': 1690177177000}, 'trackingCode': 'f9f068d8e0b909ed074a6c5f092107c4', 'status': None, 'description': 'TRANSFERENCIA', 'trackerType': '202591c2658eb8db7d1c57e1273cd270', 'from': '45003339ffac286264b30fce83abb5ad', 'to': '6adf97f83acf6453d4a6a4b1070f3754'}, {'createdAt': {'$date': 1690177193000}, 'trackingCode': 'f9f068d8e0b909ed074a6c5f092107c4', 'status': None, 'description': 'TRANSFERIDO PARA UNIDADE', 'trackerType': '202591c2658eb8db7d1c57e1273cd270', 'from': '45003339ffac286264b30fce83abb5ad', 'to': '6adf97f83acf6453d4a6a4b1070f3754'}, {'createdAt': {'$date': 1690184908000}, 'trackingCode': 'f9f068d8e0b909ed074a6c5f092107c4', 'status': None, 'description': 'ENTRADA', 'trackerType': '202591c2658eb8db7d1c57e1273cd270', 'from': '8da31cc371200f996bb7e8bcdadf3ba8', 'to': '6adf97f83acf6453d4a6a4b1070f3754'}, {'createdAt': {'$date': 1690190409000}, 'trackingCode': 'f9f068d8e0b909ed074a6c5f092107c4', 'status': None, 'description': 'EM ROTA', 'trackerType': '202591c2658eb8db7d1c57e1273cd270', 'from': '8da31cc371200f996bb7e8bcdadf3ba8', 'to': '6adf97f83acf6453d4a6a4b1070f3754'}, {'createdAt': {'$date': 1690221132000}, 'trackingCode': 'f9f068d8e0b909ed074a6c5f092107c4', 'status': None, 'description': 'ENTREGUE', 'trackerType': '202591c2658eb8db7d1c57e1273cd270', 'from': '8da31cc371200f996bb7e8bcdadf3ba8', 'to': '6adf97f83acf6453d4a6a4b1070f3754'}]"
U,ddcead6bc0080cb8592b423de4282c4e,1692860195,1693824985,1693824985,"[{'createdAt': {'$date': 1692850252000}, 'trackingCode': 'aa7548e74e31947d5b96efe84f54c9e9', 'status': '01', 'description': 'Objeto postado', 'trackerType': '27bb7dfdbe0de2d482d1c37c3fe5bfe3', 'from': 'f0aa1982f61314b9aab258c2f110ebab', 'to': '6adf97f83acf6453d4a6a4b1070f3754'}, {'createdAt': {'$date': 1693233378000}, 'trackingCode': 'aa7548e74e31947d5b96efe84f54c9e9', 'status': '01', 'description': 'Objeto em trânsito - por favor aguarde', 'trackerType': '27bb7dfdbe0de2d482d1c37c3fe5bfe3', 'from': '44d02c36e6691bb8faacd16784348114', 'to': 'e25be766f39d7727a84145a88dc625d2'}, {'createdAt': {'$date': 1693233377000}, 'trackingCode': 'aa7548e74e31947d5b96efe84f54c9e9', 'status': '10', 'description': 'Fiscalização aduaneira finalizada', 'trackerType': '27bb7dfdbe0de2d482d1c37c3fe5bfe3', 'from': '44d02c36e6691bb8faacd16784348114', 'to': '6adf97f83acf6453d4a6a4b1070f3754'}, {'createdAt': {'$date': 1693232791000}, 'trackingCode': 'aa7548e74e31947d5b96efe84f54c9e9', 'status': '16', 'description': 'Objeto recebido pelos Correios do Brasil', 'trackerType': '27bb7dfdbe0de2d482d1c37c3fe5bfe3', 'from': '44d02c36e6691bb8faacd16784348114', 'to': '6adf97f83acf6453d4a6a4b1070f3754'}, {'createdAt': {'$date': 1693579189000}, 'trackingCode': 'aa7548e74e31947d5b96efe84f54c9e9', 'status': '01', 'description': 'Objeto em trânsito - por favor aguarde', 'trackerType': '27bb7dfdbe0de2d482d1c37c3fe5bfe3', 'from': '14715bd2acdbd6d389ce8747d560689a', 'to': 'ff0a3fd77170c8ad7d05463a39c4d1cd'}]"
U,8edecdcac62b980142953681ed996c73,1690390940,1693824985,1693824985,"[{'createdAt': {'$date': 1690384940000}, 'trackingCode': '9fc7f1cd1e57e30f74d154cba79d5301', 'status': None, 'description': 'EMISSAO', 'trackerType': '202591c2658eb8db7d1c57e1273cd270', 'from': 'b60df4d951b2e65c6e70af0a77eb1e0c', 'to': '6adf97f83acf6453d4a6a4b1070f3754'}, {'createdAt': {'$date': 1690390797000}, 'trackingCode': '9fc7f1cd1e57e30f74d154cba79d5301', 'status': None, 'description': 'TRANSFERENCIA', 'trackerType': '202591c2658eb8db7d1c57e1273cd270', 'from': 'b60df4d951b2e65c6e70af0a77eb1e0c', 'to': '6adf97f83acf6453d4a6a4b1070f3754'}, {'createdAt': {'$date': 1690479905000}, 'trackingCode': '9fc7f1cd1e57e30f74d154cba79d5301', 'status': None, 'description': 'ENTRADA', 'trackerType': '202591c2658eb8db7d1c57e1273cd270', 'from': '866813c9a5f756fd2d824c2b492e80c6', 'to': '6adf97f83acf6453d4a6a4b1070f3754'}, {'createdAt': {'$date': 1690480686000}, 'trackingCode': '9fc7f1cd1e57e30f74d154cba79d5301', 'status': None, 'description': 'TRANSFERENCIA', 'trackerType': '202591c2658eb8db7d1c57e1273cd270', 'from': '866813c9a5f756fd2d824c2b492e80c6', 'to': '6adf97f83acf6453d4a6a4b1070f3754'}, {'createdAt': {'$date': 1690528103000}, 'trackingCode': '9fc7f1cd1e57e30f74d154cba79d5301', 'status': None, 'description': 'ENTRADA', 'trackerType': '202591c2658eb8db7d1c57e1273cd270', 'from': '5683da96a6066bbeb90c1b0ead81c18f', 'to': '6adf97f83acf6453d4a6a4b1070f3754'}, {'createdAt': {'$date': 1690535465000}, 'trackingCode': '9fc7f1cd1e57e30f74d154cba79d5301', 'status': None, 'description': 'EM ROTA', 'trackerType': '202591c2658eb8db7d1c57e1273cd270', 'from': '5683da96a6066bbeb90c1b0ead81c18f', 'to': '6adf97f83acf6453d4a6a4b1070f3754'}, {'createdAt': {'$date': 1690545067000}, 'trackingCode': '9fc7f1cd1e57e30f74d154cba79d5301', 'status': None, 'description': 'ENTREGUE', 'trackerType': '202591c2658eb8db7d1c57e1273cd270', 'from': '5683da96a6066bbeb90c1b0ead81c18f', 'to': '6adf97f83acf6453d4a6a4b1070f3754'}]"
U,63e5529d3ee750a026fafbb8217bf5a1,1691607685,1693824985,1693824985,"[{'createdAt': {'$date': 1691568725000}, 'trackingCode': '281060dd0a09759dd739681f2df54827', 'status': None, 'description': 'EMISSAO', 'trackerType': '202591c2658eb8db7d1c57e1273cd270', 'from': '78c2265d2a8ecdfff34c9a761cb63176', 'to': '6adf97f83acf6453d4a6a4b1070f3754'}, {'createdAt': {'$date': 1691597439000}, 'trackingCode': '281060dd0a09759dd739681f2df54827', 'status': None, 'description': 'TRANSFERENCIA', 'trackerType': '202591c2658eb8db7d1c57e1273cd270', 'from': '78c2265d2a8ecdfff34c9a761cb63176', 'to': '6adf97f83acf6453d4a6a4b1070f3754'}, {'createdAt': {'$date': 1691597657000}, 'trackingCode': '281060dd0a09759dd739681f2df54827', 'status': None, 'description': 'TRANSFERENCIA', 'trackerType': '202591c2658eb8db7d1c57e1273cd270', 'from': '78c2265d2a8ecdfff34c9a761cb63176', 'to': '6adf97f83acf6453d4a6a4b1070f3754'}, {'createdAt': {'$date': 1691641777000}, 'trackingCode': '281060dd0a09759dd739681f2df54827', 'status': None, 'description': 'ENTRADA', 'trackerType': '202591c2658eb8db7d1c57e1273cd270', 'from': '678eb27519e5bec839ae31ec9455ea1b', 'to': '6adf97f83acf6453d4a6a4b1070f3754'}, {'createdAt': {'$date': 1691644051000}, 'trackingCode': '281060dd0a09759dd739681f2df54827', 'status': None, 'description': 'TRANSFERENCIA', 'trackerType': '202591c2658eb8db7d1c57e1273cd270', 'from': '678eb27519e5bec839ae31ec9455ea1b', 'to': '6adf97f83acf6453d4a6a4b1070f3754'}, {'createdAt': {'$date': 1691710670000}, 'trackingCode': '281060dd0a09759dd739681f2df54827', 'status': None, 'description': 'TRANSFERENCIA', 'trackerType': '202591c2658eb8db7d1c57e1273cd270', 'from': '678eb27519e5bec839ae31ec9455ea1b', 'to': '6adf97f83acf6453d4a6a4b1070f3754'}, {'createdAt': {'$date': 1691711302000}, 'trackingCode': '281060dd0a09759dd739681f2df54827', 'status': None, 'description': 'TRANSFERENCIA', 'trackerType': '202591c2658eb8db7d1c57e1273cd270', 'from': '678eb27519e5bec839ae31ec9455ea1b', 'to': '6adf97f83acf6453d4a6a4b1070f3754'}, {'createdAt': {'$date': 1691782786000}, 'trackingCode': '281060dd0a09759dd739681f2df54827', 'status': None, 'description': 'TRANSFERIDO PARA UNIDADE', 'trackerType': '202591c2658eb8db7d1c57e1273cd270', 'from': '678eb27519e5bec839ae31ec9455ea1b', 'to': '6adf97f83acf6453d4a6a4b1070f3754'}, {'createdAt': {'$date': 1691804897000}, 'trackingCode': '281060dd0a09759dd739681f2df54827', 'status': None, 'description': 'ENTRADA', 'trackerType': '202591c2658eb8db7d1c57e1273cd270', 'from': '84c77d7bc3fb1dd258da3c10bb2f8a27', 'to': '6adf97f83acf6453d4a6a4b1070f3754'}, {'createdAt': {'$date': 1691815422000}, 'trackingCode': '281060dd0a09759dd739681f2df54827', 'status': None, 'description': 'TRANSFERENCIA', 'trackerType': '202591c2658eb8db7d1c57e1273cd270', 'from': '84c77d7bc3fb1dd258da3c10bb2f8a27', 'to': '6adf97f83acf6453d4a6a4b1070f3754'}, {'createdAt': {'$date': 1691819480000}, 'trackingCode': '281060dd0a09759dd739681f2df54827', 'status': None, 'description': 'TRANSFERENCIA', 'trackerType': '202591c2658eb8db7d1c57e1273cd270', 'from': '84c77d7bc3fb1dd258da3c10bb2f8a27', 'to': '6adf97f83acf6453d4a6a4b1070f3754'}, {'createdAt': {'$date': 1691823517000}, 'trackingCode': '281060dd0a09759dd739681f2df54827', 'status': None, 'description': 'TRANSFERIDO PARA UNIDADE', 'trackerType': '202591c2658eb8db7d1c57e1273cd270', 'from': '84c77d7bc3fb1dd258da3c10bb2f8a27', 'to': '6adf97f83acf6453d4a6a4b1070f3754'}, {'createdAt': {'$date': 1691833064000}, 'trackingCode': '281060dd0a09759dd739681f2df54827', 'status': None, 'description': 'ENTRADA', 'trackerType': '202591c2658eb8db7d1c57e1273cd270', 'from': '6e98aec6d6f705d353280ce342da0ecb', 'to': '6adf97f83acf6453d4a6a4b1070f3754'}, {'createdAt': {'$date': 1691833092000}, 'trackingCode': '281060dd0a09759dd739681f2df54827', 'status': None, 'description': 'EM ROTA', 'trackerType': '202591c2658eb8db7d1c57e1273cd270', 'from': '6e98aec6d6f705d353280ce342da0ecb', 'to': '6adf97f83acf6453d4a6a4b1070f3754'}, {'createdAt': {'$date': 1691879963000}, 'trackingCode': '281060dd0a09759dd739681f2df54827', 'status': None, 'description': 'ENTREGUE', 'trackerType': '202591c2658eb8db7d1c57e1273cd270', 'from': '6e98aec6d6f705d353280ce342da0ecb', 'to': '6adf97f83acf6453d4a6a4b1070f3754'}]"
U,2b7398fa0b76db2311a743529050311d,1692793449,1693824985,1693824985,"[{'createdAt': {'$date': 1692784363000}, 'trackingCode': 'c04dcda494b018d6966c7b76706d50cc', 'status': None, 'description': 'EMISSAO', 'trackerType': '202591c2658eb8db7d1c57e1273cd270', 'from': 'a044af02359cc5285917bf0148a7af5e', 'to': '6adf97f83acf6453d4a6a4b1070f3754'}, {'createdAt': {'$date': 1692811279000}, 'trackingCode': 'c04dcda494b018d6966c7b76706d50cc', 'status': None, 'description': 'TRANSFERENCIA', 'trackerType': '202591c2658eb8db7d1c57e1273cd270', 'from': 'a044af02359cc5285917bf0148a7af5e', 'to': '6adf97f83acf6453d4a6a4b1070f3754'}, {'createdAt': {'$date': 1692973412000}, 'trackingCode': 'c04dcda494b018d6966c7b76706d50cc', 'status': None, 'description': 'ENTRADA', 'trackerType': '202591c2658eb8db7d1c57e1273cd270', 'from': '1d1c443b2c522e1aa7f7a17813a9557e', 'to': '6adf97f83acf6453d4a6a4b1070f3754'}, {'createdAt': {'$date': 1692973425000}, 'trackingCode': 'c04dcda494b018d6966c7b76706d50cc', 'status': None, 'description': 'ENTRADA', 'trackerType': '202591c2658eb8db7d1c57e1273cd270', 'from': 'fac929278c0e5ba967802153ba729336', 'to': '6adf97f83acf6453d4a6a4b1070f3754'}, {'createdAt': {'$date': 1692973553000}, 'trackingCode': 'c04dcda494b018d6966c7b76706d50cc', 'status': None, 'description': 'TRANSFERENCIA', 'trackerType': '202591c2658eb8db7d1c57e1273cd270', 'from': '1d1c443b2c522e1aa7f7a17813a9557e', 'to': '6adf97f83acf6453d4a6a4b1070f3754'}, {'createdAt': {'$date': 1693190221000}, 'trackingCode': 'c04dcda494b018d6966c7b76706d50cc', 'status': None, 'description': 'ENTRADA', 'trackerType': '202591c2658eb8db7d1c57e1273cd270', 'from': '971e249ca4af90aa0b044735d8fdd59e', 'to': '6adf97f83acf6453d4a6a4b1070f3754'}, {'createdAt': {'$date': 1693191991000}, 'trackingCode': 'c04dcda494b018d6966c7b76706d50cc', 'status': None, 'description': 'TRANSFERENCIA', 'trackerType': '202591c2658eb8db7d1c57e1273cd270', 'from': '971e249ca4af90aa0b044735d8fdd59e', 'to': '6adf97f83acf6453d4a6a4b1070f3754'}, {'createdAt': {'$date': 1693197294000}, 'trackingCode': 'c04dcda494b018d6966c7b76706d50cc', 'status': None, 'description': 'TRANSFERENCIA', 'trackerType': '202591c2658eb8db7d1c57e1273cd270', 'from': '971e249ca4af90aa0b044735d8fdd59e', 'to': '6adf97f83acf6453d4a6a4b1070f3754'}, {'createdAt': {'$date': 1693210404000}, 'trackingCode': 'c04dcda494b018d6966c7b76706d50cc', 'status': None, 'description': 'TRANSFERIDO PARA UNIDADE', 'trackerType': '202591c2658eb8db7d1c57e1273cd270', 'from': '971e249ca4af90aa0b044735d8fdd59e', 'to': '6adf97f83acf6453d4a6a4b1070f3754'}, {'createdAt': {'$date': 1693216173000}, 'trackingCode': 'c04dcda494b018d6966c7b76706d50cc', 'status': None, 'description': 'ENTRADA', 'trackerType': '202591c2658eb8db7d1c57e1273cd270', 'from': 'd1b3bc5f7a304132b1f3e5c200b454aa', 'to': '6adf97f83acf6453d4a6a4b1070f3754'}, {'createdAt': {'$date': 1693219185000}, 'trackingCode': 'c04dcda494b018d6966c7b76706d50cc', 'status': None, 'description': 'EM ROTA', 'trackerType': '202591c2658eb8db7d1c57e1273cd270', 'from': 'd1b3bc5f7a304132b1f3e5c200b454aa', 'to': '6adf97f83acf6453d4a6a4b1070f3754'}, {'createdAt': {'$date': 1693232053000}, 'trackingCode': 'c04dcda494b018d6966c7b76706d50cc', 'status': None, 'description': 'ENTREGUE', 'trackerType': '202591c2658eb8db7d1c57e1273cd270', 'from': 'd1b3bc5f7a304132b1f3e5c200b454aa', 'to': '6adf97f83acf6453d4a6a4b1070f3754'}]"
U,e0f2649ecf393fb9191fc7ecaae07caf,1692379779,1693824985,1693824985,"[{'createdAt': {'$date': 1692387366000}, 'trackingCode': 'cfad9e023b79bea450a8e20bb6c99852', 'status': '13', 'description': 'O pacote foi confirmado em uma base da Loggi e vai ser preparado para transferência.', 'trackerType': 'a302942c7f755f858bd9a6c0c6be98fb', 'from': '94afc2f9ae862b0458acbb0b064c9da6', 'to': '6adf97f83acf6453d4a6a4b1070f3754'}, {'createdAt': {'$date': 1692360617000}, 'trackingCode': 'cfad9e023b79bea450a8e20bb6c99852', 'status': '1', 'description': 'A etiqueta de envio já foi criada e o pacote está pronto para a coleta.', 'trackerType': 'a302942c7f755f858bd9a6c0c6be98fb', 'from': '94afc2f9ae862b0458acbb0b064c9da6', 'to': '6adf97f83acf6453d4a6a4b1070f3754'}, {'createdAt': {'$date': 1692437646000}, 'trackingCode': 'cfad9e023b79bea450a8e20bb6c99852', 'status': '16', 'description': 'O pacote está em transferência de uma base para outra.', 'trackerType': 'a302942c7f755f858bd9a6c0c6be98fb', 'from': '6adf97f83acf6453d4a6a4b1070f3754', 'to': '6adf97f83acf6453d4a6a4b1070f3754'}, {'createdAt': {'$date': 1692437335000}, 'trackingCode': 'cfad9e023b79bea450a8e20bb6c99852', 'status': '3', 'description': 'O pacote está em uma base e, em breve, vai estar em transferência.', 'trackerType': 'a302942c7f755f858bd9a6c0c6be98fb', 'from': '6adf97f83acf6453d4a6a4b1070f3754', 'to': '6adf97f83acf6453d4a6a4b1070f3754'}, {'createdAt': {'$date': 1692467214000}, 'trackingCode': 'cfad9e023b79bea450a8e20bb6c99852', 'status': '17', 'description': 'Tudo certo, o pacote está em uma base da Loggi.', 'trackerType': 'a302942c7f755f858bd9a6c0c6be98fb', 'from': '6adf97f83acf6453d4a6a4b1070f3754', 'to': '6adf97f83acf6453d4a6a4b1070f3754'}, {'createdAt': {'$date': 1692437333000}, 'trackingCode': 'cfad9e023b79bea450a8e20bb6c99852', 'status': '3', 'description': 'O pacote está em uma base e, em breve, vai estar em transferência.', 'trackerType': 'a302942c7f755f858bd9a6c0c6be98fb', 'from': '6b964d21239207b3bf4f4bc6b037b561', 'to': '6adf97f83acf6453d4a6a4b1070f3754'}, {'createdAt': {'$date': 1692492952000}, 'trackingCode': 'cfad9e023b79bea450a8e20bb6c99852', 'status': '16', 'description': 'O pacote está em transferência de uma base para outra.', 'trackerType': 'a302942c7f755f858bd9a6c0c6be98fb', 'from': '6adf97f83acf6453d4a6a4b1070f3754', 'to': '6adf97f83acf6453d4a6a4b1070f3754'}, {'createdAt': {'$date': 1692492331000}, 'trackingCode': 'cfad9e023b79bea450a8e20bb6c99852', 'status': '3', 'description': 'O pacote está em uma base e, em breve, vai estar em transferência.', 'trackerType': 'a302942c7f755f858bd9a6c0c6be98fb', 'from': '6adf97f83acf6453d4a6a4b1070f3754', 'to': '6adf97f83acf6453d4a6a4b1070f3754'}, {'createdAt': {'$date': 1692601041000}, 'trackingCode': 'cfad9e023b79bea450a8e20bb6c99852', 'status': '3', 'description': 'O pacote está em uma base e, em breve, vai estar em transferência.', 'trackerType': 'a302942c7f755f858bd9a6c0c6be98fb', 'from': '6adf97f83acf6453d4a6a4b1070f3754', 'to': '6adf97f83acf6453d4a6a4b1070f3754'}, {'createdAt': {'$date': 1692602453000}, 'trackingCode': 'cfad9e023b79bea450a8e20bb6c99852', 'status': '16', 'description': 'O pacote está em transferência de uma base para outra.', 'trackerType': 'a302942c7f755f858bd9a6c0c6be98fb', 'from': '6adf97f83acf6453d4a6a4b1070f3754', 'to': '6adf97f83acf6453d4a6a4b1070f3754'}, {'createdAt': {'$date': 1692601043000}, 'trackingCode': 'cfad9e023b79bea450a8e20bb6c99852', 'status': '3', 'description': 'O pacote está em uma base e, em breve, vai estar em transferência.', 'trackerType': 'a302942c7f755f858bd9a6c0c6be98fb', 'from': '6adf97f83acf6453d4a6a4b1070f3754', 'to': '6adf97f83acf6453d4a6a4b1070f3754'}, {'createdAt': {'$date': 1692668778000}, 'trackingCode': 'cfad9e023b79bea450a8e20bb6c99852', 'status': '17', 'description': 'Tudo certo, o pacote está em uma base da Loggi.', 'trackerType': 'a302942c7f755f858bd9a6c0c6be98fb', 'from': '7af5beeeb4e56d06a8935cc9b92c75a3', 'to': '6adf97f83acf6453d4a6a4b1070f3754'}, {'createdAt': {'$date': 1692685359000}, 'trackingCode': 'cfad9e023b79bea450a8e20bb6c99852', 'status': '16', 'description': 'O pacote está em transferência de uma base para outra.', 'trackerType': 'a302942c7f755f858bd9a6c0c6be98fb', 'from': '6adf97f83acf6453d4a6a4b1070f3754', 'to': '6adf97f83acf6453d4a6a4b1070f3754'}, {'createdAt': {'$date': 1692685311000}, 'trackingCode': 'cfad9e023b79bea450a8e20bb6c99852', 'status': '3', 'description': 'O pacote está em uma base e, em breve, vai estar em transferência.', 'trackerType': 'a302942c7f755f858bd9a6c0c6be98fb', 'from': '6adf97f83acf6453d4a6a4b1070f3754', 'to': '6adf97f83acf6453d4a6a4b1070f3754'}, {'createdAt': {'$date': 1692710927000}, 'trackingCode': 'cfad9e023b79bea450a8e20bb6c99852', 'status': '17', 'description': 'Tudo certo, o pacote está em uma base da Loggi.', 'trackerType': 'a302942c7f755f858bd9a6c0c6be98fb', 'from': 'e253edcca9e2c0149528a91bb7a8f45d', 'to': '6adf97f83acf6453d4a6a4b1070f3754'}, {'createdAt': {'$date': 1692710924000}, 'trackingCode': 'cfad9e023b79bea450a8e20bb6c99852', 'status': '17', 'description': 'Tudo certo, o pacote está em uma base da Loggi.', 'trackerType': 'a302942c7f755f858bd9a6c0c6be98fb', 'from': '6adf97f83acf6453d4a6a4b1070f3754', 'to': '6adf97f83acf6453d4a6a4b1070f3754'}, {'createdAt': {'$date': 1692685309000}, 'trackingCode': 'cfad9e023b79bea450a8e20bb6c99852', 'status': '3', 'description': 'O pacote está em uma base e, em breve, vai estar em transferência.', 'trackerType': 'a302942c7f755f858bd9a6c0c6be98fb', 'from': 'e253edcca9e2c0149528a91bb7a8f45d', 'to': '6adf97f83acf6453d4a6a4b1070f3754'}, {'createdAt': {'$date': 1692721432000}, 'trackingCode': 'cfad9e023b79bea450a8e20bb6c99852', 'status': '11', 'description': 'O pacote está a caminho.', 'trackerType': 'a302942c7f755f858bd9a6c0c6be98fb', 'from': '6adf97f83acf6453d4a6a4b1070f3754', 'to': '6adf97f83acf6453d4a6a4b1070f3754'}, {'createdAt': {'$date': 1692812523000}, 'trackingCode': 'cfad9e023b79bea450a8e20bb6c99852', 'status': '5', 'description': 'O pacote chegou ao destino final.', 'trackerType': 'a302942c7f755f858bd9a6c0c6be98fb', 'from': '6adf97f83acf6453d4a6a4b1070f3754', 'to': '6adf97f83acf6453d4a6a4b1070f3754'}]"
U,8c94e34d9f912f8336bd114ea6633172,1692751642,1693824985,1693824985,"[{'createdAt': {'$date': 1692761957000}, 'trackingCode': 'b25e1e5141a691a4c7de76b052c01fa7', 'status': '14', 'description': 'A coleta do pacote foi feita e o processo de envio vai ser iniciado.', 'trackerType': 'a302942c7f755f858bd9a6c0c6be98fb', 'from': '3d176e3700b055e947033711908044fb', 'to': '6adf97f83acf6453d4a6a4b1070f3754'}, {'createdAt': {'$date': 1692613700000}, 'trackingCode': 'b25e1e5141a691a4c7de76b052c01fa7', 'status': '1', 'description': 'A etiqueta de envio já foi criada e o pacote está pronto para a coleta.', 'trackerType': 'a302942c7f755f858bd9a6c0c6be98fb', 'from': '3d176e3700b055e947033711908044fb', 'to': '6adf97f83acf6453d4a6a4b1070f3754'}, {'createdAt': {'$date': 1692820334000}, 'trackingCode': 'b25e1e5141a691a4c7de76b052c01fa7', 'status': '13', 'description': 'O pacote foi confirmado em uma base da Loggi e vai ser preparado para transferência.', 'trackerType': 'a302942c7f755f858bd9a6c0c6be98fb', 'from': '6adf97f83acf6453d4a6a4b1070f3754', 'to': '6adf97f83acf6453d4a6a4b1070f3754'}, {'createdAt': {'$date': 1692820334000}, 'trackingCode': 'b25e1e5141a691a4c7de76b052c01fa7', 'status': '15', 'description': 'O pacote já teve suas dimensões conferidas.', 'trackerType': 'a302942c7f755f858bd9a6c0c6be98fb', 'from': '6adf97f83acf6453d4a6a4b1070f3754', 'to': '6adf97f83acf6453d4a6a4b1070f3754'}, {'createdAt': {'$date': 1692854237000}, 'trackingCode': 'b25e1e5141a691a4c7de76b052c01fa7', 'status': '16', 'description': 'O pacote está em transferência de uma base para outra.', 'trackerType': 'a302942c7f755f858bd9a6c0c6be98fb', 'from': '6adf97f83acf6453d4a6a4b1070f3754', 'to': '6adf97f83acf6453d4a6a4b1070f3754'}, {'createdAt': {'$date': 1692853389000}, 'trackingCode': 'b25e1e5141a691a4c7de76b052c01fa7', 'status': '3', 'description': 'O pacote está em uma base e, em breve, vai estar em transferência.', 'trackerType': 'a302942c7f755f858bd9a6c0c6be98fb', 'from': '6adf97f83acf6453d4a6a4b1070f3754', 'to': '6adf97f83acf6453d4a6a4b1070f3754'}, {'createdAt': {'$date': 1692920395000}, 'trackingCode': 'b25e1e5141a691a4c7de76b052c01fa7', 'status': '17', 'description': 'Tudo certo, o pacote está em uma base da Loggi.', 'trackerType': 'a302942c7f755f858bd9a6c0c6be98fb', 'from': '6adf97f83acf6453d4a6a4b1070f3754', 'to': '6adf97f83acf6453d4a6a4b1070f3754'}, {'createdAt': {'$date': 1692936881000}, 'trackingCode': 'b25e1e5141a691a4c7de76b052c01fa7', 'status': '16', 'description': 'O pacote está em transferência de uma base para outra.', 'trackerType': 'a302942c7f755f858bd9a6c0c6be98fb', 'from': '6adf97f83acf6453d4a6a4b1070f3754', 'to': '6adf97f83acf6453d4a6a4b1070f3754'}, {'createdAt': {'$date': 1692932506000}, 'trackingCode': 'b25e1e5141a691a4c7de76b052c01fa7', 'status': '3', 'description': 'O pacote está em uma base e, em breve, vai estar em transferência.', 'trackerType': 'a302942c7f755f858bd9a6c0c6be98fb', 'from': '6adf97f83acf6453d4a6a4b1070f3754', 'to': '6adf97f83acf6453d4a6a4b1070f3754'}, {'createdAt': {'$date': 1692955514000}, 'trackingCode': 'b25e1e5141a691a4c7de76b052c01fa7', 'status': '17', 'description': 'Tudo certo, o pacote está em uma base da Loggi.', 'trackerType': 'a302942c7f755f858bd9a6c0c6be98fb', 'from': '6adf97f83acf6453d4a6a4b1070f3754', 'to': '6adf97f83acf6453d4a6a4b1070f3754'}, {'createdAt': {'$date': 1692932505000}, 'trackingCode': 'b25e1e5141a691a4c7de76b052c01fa7', 'status': '3', 'description': 'O pacote está em uma base e, em breve, vai estar em transferência.', 'trackerType': 'a302942c7f755f858bd9a6c0c6be98fb', 'from': 'a0a65c186d82bc2b220c899f91efd023', 'to': '6adf97f83acf6453d4a6a4b1070f3754'}, {'createdAt': {'$date': 1693313118000}, 'trackingCode': 'b25e1e5141a691a4c7de76b052c01fa7', 'status': '11', 'description': 'O pacote está a caminho.', 'trackerType': 'a302942c7f755f858bd9a6c0c6be98fb', 'from': '6adf97f83acf6453d4a6a4b1070f3754', 'to': '6adf97f83acf6453d4a6a4b1070f3754'}, {'createdAt': {'$date': 1693327403000}, 'trackingCode': 'b25e1e5141a691a4c7de76b052c01fa7', 'status': '5', 'description': 'O pacote chegou ao destino final.', 'trackerType': 'a302942c7f755f858bd9a6c0c6be98fb', 'from': '6adf97f83acf6453d4a6a4b1070f3754', 'to': '6adf97f83acf6453d4a6a4b1070f3754'}]"
U,f518b58b01562f092dc952cd194523b9,1690207706,1693824985,1693824985,"[{'createdAt': {'$date': 1690215798000}, 'trackingCode': '942b4a417d6315d549c26a716cbc6c04', 'status': '13', 'description': 'O pacote foi confirmado em uma base da Loggi e vai ser preparado para transferência.', 'trackerType': 'a302942c7f755f858bd9a6c0c6be98fb', 'from': 'eba3f6188b43455934a9dcba5d8f37cc', 'to': '6adf97f83acf6453d4a6a4b1070f3754'}, {'createdAt': {'$date': 1690205869000}, 'trackingCode': '942b4a417d6315d549c26a716cbc6c04', 'status': '1', 'description': 'A etiqueta de envio já foi criada e o pacote está pronto para a coleta.', 'trackerType': 'a302942c7f755f858bd9a6c0c6be98fb', 'from': 'eba3f6188b43455934a9dcba5d8f37cc', 'to': '6adf97f83acf6453d4a6a4b1070f3754'}, {'createdAt': {'$date': 1690270946000}, 'trackingCode': '942b4a417d6315d549c26a716cbc6c04', 'status': '16', 'description': 'O pacote está em transferência de uma base para outra.', 'trackerType': 'a302942c7f755f858bd9a6c0c6be98fb', 'from': '6adf97f83acf6453d4a6a4b1070f3754', 'to': '6adf97f83acf6453d4a6a4b1070f3754'}, {'createdAt': {'$date': 1690270445000}, 'trackingCode': '942b4a417d6315d549c26a716cbc6c04', 'status': '3', 'description': 'O pacote está em uma base e, em breve, vai estar em transferência.', 'trackerType': 'a302942c7f755f858bd9a6c0c6be98fb', 'from': '6adf97f83acf6453d4a6a4b1070f3754', 'to': '6adf97f83acf6453d4a6a4b1070f3754'}, {'createdAt': {'$date': 1690301969000}, 'trackingCode': '942b4a417d6315d549c26a716cbc6c04', 'status': '17', 'description': 'Tudo certo, o pacote está em uma base da Loggi.', 'trackerType': 'a302942c7f755f858bd9a6c0c6be98fb', 'from': '6adf97f83acf6453d4a6a4b1070f3754', 'to': '6adf97f83acf6453d4a6a4b1070f3754'}, {'createdAt': {'$date': 1690370254000}, 'trackingCode': '942b4a417d6315d549c26a716cbc6c04', 'status': '15', 'description': 'O pacote já teve suas dimensões conferidas.', 'trackerType': 'a302942c7f755f858bd9a6c0c6be98fb', 'from': '6adf97f83acf6453d4a6a4b1070f3754', 'to': '6adf97f83acf6453d4a6a4b1070f3754'}, {'createdAt': {'$date': 1690427644000}, 'trackingCode': '942b4a417d6315d549c26a716cbc6c04', 'status': '3', 'description': 'O pacote está em uma base e, em breve, vai estar em transferência.', 'trackerType': 'a302942c7f755f858bd9a6c0c6be98fb', 'from': '6adf97f83acf6453d4a6a4b1070f3754', 'to': '6adf97f83acf6453d4a6a4b1070f3754'}, {'createdAt': {'$date': 1690428411000}, 'trackingCode': '942b4a417d6315d549c26a716cbc6c04', 'status': '16', 'description': 'O pacote está em transferência de uma base para outra.', 'trackerType': 'a302942c7f755f858bd9a6c0c6be98fb', 'from': '6adf97f83acf6453d4a6a4b1070f3754', 'to': '6adf97f83acf6453d4a6a4b1070f3754'}, {'createdAt': {'$date': 1690427645000}, 'trackingCode': '942b4a417d6315d549c26a716cbc6c04', 'status': '3', 'description': 'O pacote está em uma base e, em breve, vai estar em transferência.', 'trackerType': 'a302942c7f755f858bd9a6c0c6be98fb', 'from': '6adf97f83acf6453d4a6a4b1070f3754', 'to': '6adf97f83acf6453d4a6a4b1070f3754'}, {'createdAt': {'$date': 1690441913000}, 'trackingCode': '942b4a417d6315d549c26a716cbc6c04', 'status': '17', 'description': 'Tudo certo, o pacote está em uma base da Loggi.', 'trackerType': 'a302942c7f755f858bd9a6c0c6be98fb', 'from': '6adf97f83acf6453d4a6a4b1070f3754', 'to': '6adf97f83acf6453d4a6a4b1070f3754'}, {'createdAt': {'$date': 1690463571000}, 'trackingCode': '942b4a417d6315d549c26a716cbc6c04', 'status': '11', 'description': 'O pacote está a caminho.', 'trackerType': 'a302942c7f755f858bd9a6c0c6be98fb', 'from': '6adf97f83acf6453d4a6a4b1070f3754', 'to': '6adf97f83acf6453d4a6a4b1070f3754'}, {'createdAt': {'$date': 1690496629000}, 'trackingCode': '942b4a417d6315d549c26a716cbc6c04', 'status': '5', 'description': 'O pacote chegou ao destino final.', 'trackerType': 'a302942c7f755f858bd9a6c0c6be98fb', 'from': '6adf97f83acf6453d4a6a4b1070f3754', 'to': '6adf97f83acf6453d4a6a4b1070f3754'}]"
U,9aba43767f8601d50213993af47080f2,1693343992,1693824985,1693824985,"[{'createdAt': {'$date': 1693325939000}, 'trackingCode': '5b36022a2323d0358681941b933f3e24', 'status': '102', 'description': 'Informação do Envio enviado à Azul Cargo Express (CT-e emitido)\t', 'trackerType': '3b24fa7e14555a1912e5bc2198f8e075', 'from': '3dd926dbf57ff34286360e5716332c6a', 'to': '6adf97f83acf6453d4a6a4b1070f3754'}, {'createdAt': {'$date': 1693342860000}, 'trackingCode': '5b36022a2323d0358681941b933f3e24', 'status': '104', 'description': 'Deixou a unidade Azul Cargo Express\t', 'trackerType': '3b24fa7e14555a1912e5bc2198f8e075', 'from': '3dd926dbf57ff34286360e5716332c6a', 'to': '6adf97f83acf6453d4a6a4b1070f3754'}, {'createdAt': {'$date': 1693342869000}, 'trackingCode': '5b36022a2323d0358681941b933f3e24', 'status': '134', 'description': 'Saída do voo\t', 'trackerType': '3b24fa7e14555a1912e5bc2198f8e075', 'from': '3dd926dbf57ff34286360e5716332c6a', 'to': '6adf97f83acf6453d4a6a4b1070f3754'}, {'createdAt': {'$date': 1693357140000}, 'trackingCode': '5b36022a2323d0358681941b933f3e24', 'status': '137', 'description': 'Chegada do voo\t', 'trackerType': '3b24fa7e14555a1912e5bc2198f8e075', 'from': '89cb1e2fcbb5b49ca53cf4157f671587', 'to': '6adf97f83acf6453d4a6a4b1070f3754'}, {'createdAt': {'$date': 1693497157000}, 'trackingCode': '5b36022a2323d0358681941b933f3e24', 'status': '104', 'description': 'Deixou a unidade Azul Cargo Express\t', 'trackerType': '3b24fa7e14555a1912e5bc2198f8e075', 'from': '89cb1e2fcbb5b49ca53cf4157f671587', 'to': '6adf97f83acf6453d4a6a4b1070f3754'}, {'createdAt': {'$date': 1693497171000}, 'trackingCode': '5b36022a2323d0358681941b933f3e24', 'status': '134', 'description': 'Saída do voo\t', 'trackerType': '3b24fa7e14555a1912e5bc2198f8e075', 'from': '89cb1e2fcbb5b49ca53cf4157f671587', 'to': '6adf97f83acf6453d4a6a4b1070f3754'}, {'createdAt': {'$date': 1693501560000}, 'trackingCode': '5b36022a2323d0358681941b933f3e24', 'status': '137', 'description': 'Chegada do voo\t', 'trackerType': '3b24fa7e14555a1912e5bc2198f8e075', 'from': 'dd5ab68e8a28e8286653b47eb785b5bb', 'to': '6adf97f83acf6453d4a6a4b1070f3754'}, {'createdAt': {'$date': 1693573573000}, 'trackingCode': '5b36022a2323d0358681941b933f3e24', 'status': '104', 'description': 'Deixou a unidade Azul Cargo Express\t', 'trackerType': '3b24fa7e14555a1912e5bc2198f8e075', 'from': 'dd5ab68e8a28e8286653b47eb785b5bb', 'to': '6adf97f83acf6453d4a6a4b1070f3754'}, {'createdAt': {'$date': 1693573576000}, 'trackingCode': '5b36022a2323d0358681941b933f3e24', 'status': '134', 'description': 'Saída do voo\t', 'trackerType': '3b24fa7e14555a1912e5bc2198f8e075', 'from': 'dd5ab68e8a28e8286653b47eb785b5bb', 'to': '6adf97f83acf6453d4a6a4b1070f3754'}, {'createdAt': {'$date': 1693577820000}, 'trackingCode': '5b36022a2323d0358681941b933f3e24', 'status': '137', 'description': 'Chegada do voo\t', 'trackerType': '3b24fa7e14555a1912e5bc2198f8e075', 'from': '93bc1098c87240bab2a5e8aaae3290d0', 'to': '6adf97f83acf6453d4a6a4b1070f3754'}]"
I,ff42e2911766ba81402bf16e9f2402ca,1693824985,1693824985,1693824985,"[{'createdAt': {'$date': 1692379898000}, 'trackingCode': '2bc75978886c642e1e5881c903675896', 'status': '01', 'description': 'Objeto entregue ao destinatário', 'trackerType': '27bb7dfdbe0de2d482d1c37c3fe5bfe3', 'from': '0f293a952ac9ca7c68bc34259ede7764', 'to': '6adf97f83acf6453d4a6a4b1070f3754'}, {'createdAt': {'$date': 1692361056000}, 'trackingCode': '2bc75978886c642e1e5881c903675896', 'status': '01', 'description': 'Objeto saiu para entrega ao destinatário', 'trackerType': '27bb7dfdbe0de2d482d1c37c3fe5bfe3', 'from': '0f293a952ac9ca7c68bc34259ede7764', 'to': '6adf97f83acf6453d4a6a4b1070f3754'}, {'createdAt': {'$date': 1692252841000}, 'trackingCode': '2bc75978886c642e1e5881c903675896', 'status': '01', 'description': 'Objeto em trânsito - por favor aguarde', 'trackerType': '27bb7dfdbe0de2d482d1c37c3fe5bfe3', 'from': 'e0e884b320d7340e331862ed6772b798', 'to': '0f293a952ac9ca7c68bc34259ede7764'}, {'createdAt': {'$date': 1692073232000}, 'trackingCode': '2bc75978886c642e1e5881c903675896', 'status': '01', 'description': 'Objeto em trânsito - por favor aguarde', 'trackerType': '27bb7dfdbe0de2d482d1c37c3fe5bfe3', 'from': '44d02c36e6691bb8faacd16784348114', 'to': 'e0e884b320d7340e331862ed6772b798'}, {'createdAt': {'$date': 1692073231000}, 'trackingCode': '2bc75978886c642e1e5881c903675896', 'status': '10', 'description': 'Fiscalização aduaneira finalizada', 'trackerType': '27bb7dfdbe0de2d482d1c37c3fe5bfe3', 'from': '44d02c36e6691bb8faacd16784348114', 'to': '6adf97f83acf6453d4a6a4b1070f3754'}, {'createdAt': {'$date': 1692069240000}, 'trackingCode': '2bc75978886c642e1e5881c903675896', 'status': '16', 'description': 'Objeto recebido pelos Correios do Brasil', 'trackerType': '27bb7dfdbe0de2d482d1c37c3fe5bfe3', 'from': '44d02c36e6691bb8faacd16784348114', 'to': '6adf97f83acf6453d4a6a4b1070f3754'}, {'createdAt': {'$date': 1691715629000}, 'trackingCode': '2bc75978886c642e1e5881c903675896', 'status': '01', 'description': 'Objeto postado', 'trackerType': '27bb7dfdbe0de2d482d1c37c3fe5bfe3', 'from': 'f0aa1982f61314b9aab258c2f110ebab', 'to': '6adf97f83acf6453d4a6a4b1070f3754'}]"
U,66f2563f497ba612ee8d216aa68e4e0e,1690201057,1693824985,1693824985,"[{'createdAt': {'$date': 1690195607000}, 'trackingCode': '725086147c01aa2c0b7b521a61d3a124', 'status': '102', 'description': 'Informação do Envio enviado à Azul Cargo Express (CT-e emitido)\t', 'trackerType': '3b24fa7e14555a1912e5bc2198f8e075', 'from': 'c516f6053fca6ad8783bbade6ae9b948', 'to': '6adf97f83acf6453d4a6a4b1070f3754'}, {'createdAt': {'$date': 1690211334000}, 'trackingCode': '725086147c01aa2c0b7b521a61d3a124', 'status': '142', 'description': 'Embarque no veículo para transferência ou em rota para entrega', 'trackerType': '3b24fa7e14555a1912e5bc2198f8e075', 'from': 'c516f6053fca6ad8783bbade6ae9b948', 'to': '6adf97f83acf6453d4a6a4b1070f3754'}, {'createdAt': {'$date': 1690211334000}, 'trackingCode': '725086147c01aa2c0b7b521a61d3a124', 'status': '133', 'description': 'Saida Do Veiculo', 'trackerType': '3b24fa7e14555a1912e5bc2198f8e075', 'from': 'c516f6053fca6ad8783bbade6ae9b948', 'to': '6adf97f83acf6453d4a6a4b1070f3754'}, {'createdAt': {'$date': 1690226160000}, 'trackingCode': '725086147c01aa2c0b7b521a61d3a124', 'status': '136', 'description': 'Chegou na Unidade Azul Cargo Express\t', 'trackerType': '3b24fa7e14555a1912e5bc2198f8e075', 'from': 'c4a0041f7f45e439c53a952b97125bc1', 'to': '6adf97f83acf6453d4a6a4b1070f3754'}, {'createdAt': {'$date': 1690288160000}, 'trackingCode': '725086147c01aa2c0b7b521a61d3a124', 'status': '104', 'description': 'Deixou a unidade Azul Cargo Express\t', 'trackerType': '3b24fa7e14555a1912e5bc2198f8e075', 'from': 'c4a0041f7f45e439c53a952b97125bc1', 'to': '6adf97f83acf6453d4a6a4b1070f3754'}, {'createdAt': {'$date': 1690288162000}, 'trackingCode': '725086147c01aa2c0b7b521a61d3a124', 'status': '134', 'description': 'Saída do voo\t', 'trackerType': '3b24fa7e14555a1912e5bc2198f8e075', 'from': 'c4a0041f7f45e439c53a952b97125bc1', 'to': '6adf97f83acf6453d4a6a4b1070f3754'}, {'createdAt': {'$date': 1690306200000}, 'trackingCode': '725086147c01aa2c0b7b521a61d3a124', 'status': '137', 'description': 'Chegada do voo\t', 'trackerType': '3b24fa7e14555a1912e5bc2198f8e075', 'from': '8578e7a4f7b9576c788a8a6706e207d9', 'to': '6adf97f83acf6453d4a6a4b1070f3754'}, {'createdAt': {'$date': 1690364368000}, 'trackingCode': '725086147c01aa2c0b7b521a61d3a124', 'status': '104', 'description': 'Deixou a unidade Azul Cargo Express\t', 'trackerType': '3b24fa7e14555a1912e5bc2198f8e075', 'from': '8578e7a4f7b9576c788a8a6706e207d9', 'to': '6adf97f83acf6453d4a6a4b1070f3754'}, {'createdAt': {'$date': 1690369279000}, 'trackingCode': '725086147c01aa2c0b7b521a61d3a124', 'status': '133', 'description': 'Saida Do Veiculo', 'trackerType': '3b24fa7e14555a1912e5bc2198f8e075', 'from': '8578e7a4f7b9576c788a8a6706e207d9', 'to': '6adf97f83acf6453d4a6a4b1070f3754'}, {'createdAt': {'$date': 1690386928000}, 'trackingCode': '725086147c01aa2c0b7b521a61d3a124', 'status': '01', 'description': 'Remessa entregue', 'trackerType': '3b24fa7e14555a1912e5bc2198f8e075', 'from': '6adf97f83acf6453d4a6a4b1070f3754', 'to': '6adf97f83acf6453d4a6a4b1070f3754'}]"
U,554ef5961cf8e8370bec58032598b8de,1693819106,1693824985,1693824985,"[{'createdAt': {'$date': 1691083542000}, 'trackingCode': '658cb81182ccc45fd40f70d58239df33', 'status': '01', 'description': 'Objeto entregue ao destinatário', 'trackerType': '27bb7dfdbe0de2d482d1c37c3fe5bfe3', 'from': '0f293a952ac9ca7c68bc34259ede7764', 'to': '6adf97f83acf6453d4a6a4b1070f3754'}, {'createdAt': {'$date': 1691064804000}, 'trackingCode': '658cb81182ccc45fd40f70d58239df33', 'status': '01', 'description': 'Objeto saiu para entrega ao destinatário', 'trackerType': '27bb7dfdbe0de2d482d1c37c3fe5bfe3', 'from': '0f293a952ac9ca7c68bc34259ede7764', 'to': '6adf97f83acf6453d4a6a4b1070f3754'}, {'createdAt': {'$date': 1690610100000}, 'trackingCode': '658cb81182ccc45fd40f70d58239df33', 'status': '01', 'description': 'Objeto em trânsito - por favor aguarde', 'trackerType': '27bb7dfdbe0de2d482d1c37c3fe5bfe3', 'from': 'e0e884b320d7340e331862ed6772b798', 'to': '0f293a952ac9ca7c68bc34259ede7764'}, {'createdAt': {'$date': 1690469045000}, 'trackingCode': '658cb81182ccc45fd40f70d58239df33', 'status': '01', 'description': 'Objeto em trânsito - por favor aguarde', 'trackerType': '27bb7dfdbe0de2d482d1c37c3fe5bfe3', 'from': '44d02c36e6691bb8faacd16784348114', 'to': 'e0e884b320d7340e331862ed6772b798'}, {'createdAt': {'$date': 1690469044000}, 'trackingCode': '658cb81182ccc45fd40f70d58239df33', 'status': '10', 'description': 'Fiscalização aduaneira finalizada', 'trackerType': '27bb7dfdbe0de2d482d1c37c3fe5bfe3', 'from': '44d02c36e6691bb8faacd16784348114', 'to': '6adf97f83acf6453d4a6a4b1070f3754'}, {'createdAt': {'$date': 1690258020000}, 'trackingCode': '658cb81182ccc45fd40f70d58239df33', 'status': '31', 'description': 'Pagamento confirmado', 'trackerType': '27bb7dfdbe0de2d482d1c37c3fe5bfe3', 'from': '44d02c36e6691bb8faacd16784348114', 'to': '6adf97f83acf6453d4a6a4b1070f3754'}, {'createdAt': {'$date': 1690003232000}, 'trackingCode': '658cb81182ccc45fd40f70d58239df33', 'status': '17', 'description': 'Aguardando pagamento', 'trackerType': '27bb7dfdbe0de2d482d1c37c3fe5bfe3', 'from': '44d02c36e6691bb8faacd16784348114', 'to': '6adf97f83acf6453d4a6a4b1070f3754'}, {'createdAt': {'$date': 1689847813000}, 'trackingCode': '658cb81182ccc45fd40f70d58239df33', 'status': '21', 'description': 'Encaminhado para fiscalização aduaneira', 'trackerType': '27bb7dfdbe0de2d482d1c37c3fe5bfe3', 'from': '44d02c36e6691bb8faacd16784348114', 'to': '6adf97f83acf6453d4a6a4b1070f3754'}, {'createdAt': {'$date': 1689556555000}, 'trackingCode': '658cb81182ccc45fd40f70d58239df33', 'status': '16', 'description': 'Objeto recebido pelos Correios do Brasil', 'trackerType': '27bb7dfdbe0de2d482d1c37c3fe5bfe3', 'from': '44d02c36e6691bb8faacd16784348114', 'to': '6adf97f83acf6453d4a6a4b1070f3754'}, {'createdAt': {'$date': 1688991512000}, 'trackingCode': '658cb81182ccc45fd40f70d58239df33', 'status': '01', 'description': 'Objeto postado', 'trackerType': '27bb7dfdbe0de2d482d1c37c3fe5bfe3', 'from': 'f0aa1982f61314b9aab258c2f110ebab', 'to': '6adf97f83acf6453d4a6a4b1070f3754'}]"
U,5e18139037ea5e3f1e81147401355c49,1692818829,1693824985,1693824985,"[{'createdAt': {'$date': 1692678498000}, 'trackingCode': '559ff73e971affeeaa9707f31820543b', 'status': '01', 'description': 'Objeto em trânsito - por favor aguarde', 'trackerType': '27bb7dfdbe0de2d482d1c37c3fe5bfe3', 'from': '44d02c36e6691bb8faacd16784348114', 'to': '09d12b538e03f42368a7efa877aafd12'}, {'createdAt': {'$date': 1692678497000}, 'trackingCode': '559ff73e971affeeaa9707f31820543b', 'status': '10', 'description': 'Fiscalização aduaneira finalizada', 'trackerType': '27bb7dfdbe0de2d482d1c37c3fe5bfe3', 'from': '44d02c36e6691bb8faacd16784348114', 'to': '6adf97f83acf6453d4a6a4b1070f3754'}, {'createdAt': {'$date': 1692465550000}, 'trackingCode': '559ff73e971affeeaa9707f31820543b', 'status': '16', 'description': 'Objeto recebido pelos Correios do Brasil', 'trackerType': '27bb7dfdbe0de2d482d1c37c3fe5bfe3', 'from': '44d02c36e6691bb8faacd16784348114', 'to': '6adf97f83acf6453d4a6a4b1070f3754'}, {'createdAt': {'$date': 1692105997000}, 'trackingCode': '559ff73e971affeeaa9707f31820543b', 'status': '01', 'description': 'Objeto postado', 'trackerType': '27bb7dfdbe0de2d482d1c37c3fe5bfe3', 'from': 'f0aa1982f61314b9aab258c2f110ebab', 'to': '6adf97f83acf6453d4a6a4b1070f3754'}, {'createdAt': {'$date': 1693218468000}, 'trackingCode': '559ff73e971affeeaa9707f31820543b', 'status': '01', 'description': 'Objeto em trânsito - por favor aguarde', 'trackerType': '27bb7dfdbe0de2d482d1c37c3fe5bfe3', 'from': 'c2fab76fc69da04c9a5ba68ce7969b21', 'to': '9b02d83e87213bede51ba24d6f85d24e'}, {'createdAt': {'$date': 1693400261000}, 'trackingCode': '559ff73e971affeeaa9707f31820543b', 'status': '14', 'description': 'Objeto encaminhado para retirada no endereço indicado', 'trackerType': '27bb7dfdbe0de2d482d1c37c3fe5bfe3', 'from': '9b02d83e87213bede51ba24d6f85d24e', 'to': '6adf97f83acf6453d4a6a4b1070f3754'}]"
U,ecdfdb3fae97d7a60a49596fe3902ee9,1690917755,1693824985,1693824985,"[{'createdAt': {'$date': 1690786918000}, 'trackingCode': '320e42c67e762eed60658cbc8c4d911b', 'status': '16', 'description': 'Objeto recebido pelos Correios do Brasil', 'trackerType': '27bb7dfdbe0de2d482d1c37c3fe5bfe3', 'from': '44d02c36e6691bb8faacd16784348114', 'to': '6adf97f83acf6453d4a6a4b1070f3754'}, {'createdAt': {'$date': 1690517360000}, 'trackingCode': '320e42c67e762eed60658cbc8c4d911b', 'status': '01', 'description': 'Objeto postado', 'trackerType': '27bb7dfdbe0de2d482d1c37c3fe5bfe3', 'from': 'f0aa1982f61314b9aab258c2f110ebab', 'to': '6adf97f83acf6453d4a6a4b1070f3754'}, {'createdAt': {'$date': 1690978932000}, 'trackingCode': '320e42c67e762eed60658cbc8c4d911b', 'status': '01', 'description': 'Objeto em trânsito - por favor aguarde', 'trackerType': '27bb7dfdbe0de2d482d1c37c3fe5bfe3', 'from': '44d02c36e6691bb8faacd16784348114', 'to': 'a757092f093878f4aac4abe0c0c4746e'}, {'createdAt': {'$date': 1690978931000}, 'trackingCode': '320e42c67e762eed60658cbc8c4d911b', 'status': '10', 'description': 'Fiscalização aduaneira finalizada', 'trackerType': '27bb7dfdbe0de2d482d1c37c3fe5bfe3', 'from': '44d02c36e6691bb8faacd16784348114', 'to': '6adf97f83acf6453d4a6a4b1070f3754'}, {'createdAt': {'$date': 1691172418000}, 'trackingCode': '320e42c67e762eed60658cbc8c4d911b', 'status': '01', 'description': 'Objeto em trânsito - por favor aguarde', 'trackerType': '27bb7dfdbe0de2d482d1c37c3fe5bfe3', 'from': 'd7fd547a14bcde970e5c0edf83bca3d6', 'to': '45d85b5814ccaef9bb9511c64db72ae1'}, {'createdAt': {'$date': 1691742542000}, 'trackingCode': '320e42c67e762eed60658cbc8c4d911b', 'status': '01', 'description': 'Objeto em trânsito - por favor aguarde', 'trackerType': '27bb7dfdbe0de2d482d1c37c3fe5bfe3', 'from': '45d85b5814ccaef9bb9511c64db72ae1', 'to': 'f7e052ae7552ea25d41f980f9a589522'}, {'createdAt': {'$date': 1692605054000}, 'trackingCode': '320e42c67e762eed60658cbc8c4d911b', 'status': '01', 'description': 'Objeto saiu para entrega ao destinatário', 'trackerType': '27bb7dfdbe0de2d482d1c37c3fe5bfe3', 'from': 'f7e052ae7552ea25d41f980f9a589522', 'to': '6adf97f83acf6453d4a6a4b1070f3754'}, {'createdAt': {'$date': 1692619672000}, 'trackingCode': '320e42c67e762eed60658cbc8c4d911b', 'status': '01', 'description': 'Objeto entregue ao destinatário', 'trackerType': '27bb7dfdbe0de2d482d1c37c3fe5bfe3', 'from': 'f7e052ae7552ea25d41f980f9a589522', 'to': '6adf97f83acf6453d4a6a4b1070f3754'}]"
U,cf2110bc509a732662d2d7d75c31afd0,1692279643,1693824985,1693824985,"[{'createdAt': {'$date': 1692192055000}, 'trackingCode': '38bf9cc7aef7aff649ef75faa5ac016c', 'status': '1', 'description': 'A etiqueta de envio já foi criada e o pacote está pronto para a coleta.', 'trackerType': 'a302942c7f755f858bd9a6c0c6be98fb', 'from': '6adf97f83acf6453d4a6a4b1070f3754', 'to': '6adf97f83acf6453d4a6a4b1070f3754'}, {'createdAt': {'$date': 1692398941000}, 'trackingCode': '38bf9cc7aef7aff649ef75faa5ac016c', 'status': '13', 'description': 'O pacote foi confirmado em uma base da Loggi e vai ser preparado para transferência.', 'trackerType': 'a302942c7f755f858bd9a6c0c6be98fb', 'from': '78a32fcc48731cfdbb11966d312f5f4f', 'to': '6adf97f83acf6453d4a6a4b1070f3754'}, {'createdAt': {'$date': 1692398941000}, 'trackingCode': '38bf9cc7aef7aff649ef75faa5ac016c', 'status': '15', 'description': 'O pacote já teve suas dimensões conferidas.', 'trackerType': 'a302942c7f755f858bd9a6c0c6be98fb', 'from': '6adf97f83acf6453d4a6a4b1070f3754', 'to': '6adf97f83acf6453d4a6a4b1070f3754'}, {'createdAt': {'$date': 1692423664000}, 'trackingCode': '38bf9cc7aef7aff649ef75faa5ac016c', 'status': '16', 'description': 'O pacote está em transferência de uma base para outra.', 'trackerType': 'a302942c7f755f858bd9a6c0c6be98fb', 'from': '6adf97f83acf6453d4a6a4b1070f3754', 'to': '6adf97f83acf6453d4a6a4b1070f3754'}, {'createdAt': {'$date': 1692421032000}, 'trackingCode': '38bf9cc7aef7aff649ef75faa5ac016c', 'status': '3', 'description': 'O pacote está em uma base e, em breve, vai estar em transferência.', 'trackerType': 'a302942c7f755f858bd9a6c0c6be98fb', 'from': '6adf97f83acf6453d4a6a4b1070f3754', 'to': '6adf97f83acf6453d4a6a4b1070f3754'}, {'createdAt': {'$date': 1692432029000}, 'trackingCode': '38bf9cc7aef7aff649ef75faa5ac016c', 'status': '17', 'description': 'Tudo certo, o pacote está em uma base da Loggi.', 'trackerType': 'a302942c7f755f858bd9a6c0c6be98fb', 'from': '6adf97f83acf6453d4a6a4b1070f3754', 'to': '6adf97f83acf6453d4a6a4b1070f3754'}, {'createdAt': {'$date': 1692449565000}, 'trackingCode': '38bf9cc7aef7aff649ef75faa5ac016c', 'status': '11', 'description': 'O pacote está a caminho.', 'trackerType': 'a302942c7f755f858bd9a6c0c6be98fb', 'from': '6adf97f83acf6453d4a6a4b1070f3754', 'to': '6adf97f83acf6453d4a6a4b1070f3754'}, {'createdAt': {'$date': 1692463220000}, 'trackingCode': '38bf9cc7aef7aff649ef75faa5ac016c', 'status': '5', 'description': 'O pacote chegou ao destino final.', 'trackerType': 'a302942c7f755f858bd9a6c0c6be98fb', 'from': '6adf97f83acf6453d4a6a4b1070f3754', 'to': '6adf97f83acf6453d4a6a4b1070f3754'}]"
U,f0d9796384ebd92f1d9b17c0c68c794c,1691205047,1693824985,1693824985,"[{'createdAt': {'$date': 1691167512000}, 'trackingCode': '75a46029af0cc697353090afc79f47fc', 'status': None, 'description': 'EMISSAO', 'trackerType': '202591c2658eb8db7d1c57e1273cd270', 'from': 'a044af02359cc5285917bf0148a7af5e', 'to': '6adf97f83acf6453d4a6a4b1070f3754'}, {'createdAt': {'$date': 1691170383000}, 'trackingCode': '75a46029af0cc697353090afc79f47fc', 'status': None, 'description': 'TRANSFERENCIA', 'trackerType': '202591c2658eb8db7d1c57e1273cd270', 'from': 'a044af02359cc5285917bf0148a7af5e', 'to': '6adf97f83acf6453d4a6a4b1070f3754'}, {'createdAt': {'$date': 1691274374000}, 'trackingCode': '75a46029af0cc697353090afc79f47fc', 'status': None, 'description': 'ENTRADA', 'trackerType': '202591c2658eb8db7d1c57e1273cd270', 'from': 'fac929278c0e5ba967802153ba729336', 'to': '6adf97f83acf6453d4a6a4b1070f3754'}, {'createdAt': {'$date': 1691275000000}, 'trackingCode': '75a46029af0cc697353090afc79f47fc', 'status': None, 'description': 'ENTRADA', 'trackerType': '202591c2658eb8db7d1c57e1273cd270', 'from': 'daa9dcb5feb8f8cb8a0504889945846b', 'to': '6adf97f83acf6453d4a6a4b1070f3754'}, {'createdAt': {'$date': 1691275340000}, 'trackingCode': '75a46029af0cc697353090afc79f47fc', 'status': None, 'description': 'TRANSFERENCIA', 'trackerType': '202591c2658eb8db7d1c57e1273cd270', 'from': 'daa9dcb5feb8f8cb8a0504889945846b', 'to': '6adf97f83acf6453d4a6a4b1070f3754'}, {'createdAt': {'$date': 1691315387000}, 'trackingCode': '75a46029af0cc697353090afc79f47fc', 'status': None, 'description': 'TRANSFERENCIA', 'trackerType': '202591c2658eb8db7d1c57e1273cd270', 'from': 'fac929278c0e5ba967802153ba729336', 'to': '6adf97f83acf6453d4a6a4b1070f3754'}, {'createdAt': {'$date': 1691370385000}, 'trackingCode': '75a46029af0cc697353090afc79f47fc', 'status': None, 'description': 'TRANSFERIDO PARA UNIDADE', 'trackerType': '202591c2658eb8db7d1c57e1273cd270', 'from': 'bb06c77b0bda796758fb2d30ec897c06', 'to': '6adf97f83acf6453d4a6a4b1070f3754'}, {'createdAt': {'$date': 1691373833000}, 'trackingCode': '75a46029af0cc697353090afc79f47fc', 'status': None, 'description': 'ENTRADA', 'trackerType': '202591c2658eb8db7d1c57e1273cd270', 'from': '45003339ffac286264b30fce83abb5ad', 'to': '6adf97f83acf6453d4a6a4b1070f3754'}, {'createdAt': {'$date': 1691382973000}, 'trackingCode': '75a46029af0cc697353090afc79f47fc', 'status': None, 'description': 'TRANSFERENCIA', 'trackerType': '202591c2658eb8db7d1c57e1273cd270', 'from': '45003339ffac286264b30fce83abb5ad', 'to': '6adf97f83acf6453d4a6a4b1070f3754'}, {'createdAt': {'$date': 1691388975000}, 'trackingCode': '75a46029af0cc697353090afc79f47fc', 'status': None, 'description': 'TRANSFERENCIA', 'trackerType': '202591c2658eb8db7d1c57e1273cd270', 'from': '45003339ffac286264b30fce83abb5ad', 'to': '6adf97f83acf6453d4a6a4b1070f3754'}, {'createdAt': {'$date': 1691388999000}, 'trackingCode': '75a46029af0cc697353090afc79f47fc', 'status': None, 'description': 'TRANSFERIDO PARA UNIDADE', 'trackerType': '202591c2658eb8db7d1c57e1273cd270', 'from': '45003339ffac286264b30fce83abb5ad', 'to': '6adf97f83acf6453d4a6a4b1070f3754'}, {'createdAt': {'$date': 1691397534000}, 'trackingCode': '75a46029af0cc697353090afc79f47fc', 'status': None, 'description': 'ENTRADA', 'trackerType': '202591c2658eb8db7d1c57e1273cd270', 'from': 'fd5662551cf397bd32d3d1b8c67ead70', 'to': '6adf97f83acf6453d4a6a4b1070f3754'}, {'createdAt': {'$date': 1691492316000}, 'trackingCode': '75a46029af0cc697353090afc79f47fc', 'status': None, 'description': 'EM ROTA', 'trackerType': '202591c2658eb8db7d1c57e1273cd270', 'from': 'fd5662551cf397bd32d3d1b8c67ead70', 'to': '6adf97f83acf6453d4a6a4b1070f3754'}, {'createdAt': {'$date': 1691498792000}, 'trackingCode': '75a46029af0cc697353090afc79f47fc', 'status': None, 'description': 'ENTREGUE', 'trackerType': '202591c2658eb8db7d1c57e1273cd270', 'from': 'fd5662551cf397bd32d3d1b8c67ead70', 'to': '6adf97f83acf6453d4a6a4b1070f3754'}]"
U,c94e7bb3a27e011e1436de0071c71f94,1690840815,1693824985,1693824985,"[{'createdAt': {'$date': 1690816719000}, 'trackingCode': 'b63c6d840a23210abfe7fe26a3463457', 'status': '102', 'description': 'Informação do Envio enviado à Azul Cargo Express (CT-e emitido)\t', 'trackerType': '3b24fa7e14555a1912e5bc2198f8e075', 'from': '229732ac34851cd9fcc1f24bdf0ec599', 'to': '6adf97f83acf6453d4a6a4b1070f3754'}, {'createdAt': {'$date': 1690817040000}, 'trackingCode': 'b63c6d840a23210abfe7fe26a3463457', 'status': '142', 'description': 'Embarque no veículo para transferência ou em rota para entrega', 'trackerType': '3b24fa7e14555a1912e5bc2198f8e075', 'from': '229732ac34851cd9fcc1f24bdf0ec599', 'to': '6adf97f83acf6453d4a6a4b1070f3754'}, {'createdAt': {'$date': 1690972246000}, 'trackingCode': 'b63c6d840a23210abfe7fe26a3463457', 'status': '133', 'description': 'Saida Do Veiculo', 'trackerType': '3b24fa7e14555a1912e5bc2198f8e075', 'from': '229732ac34851cd9fcc1f24bdf0ec599', 'to': '6adf97f83acf6453d4a6a4b1070f3754'}, {'createdAt': {'$date': 1691175120000}, 'trackingCode': 'b63c6d840a23210abfe7fe26a3463457', 'status': '137', 'description': 'Chegada do voo\t', 'trackerType': '3b24fa7e14555a1912e5bc2198f8e075', 'from': '8578e7a4f7b9576c788a8a6706e207d9', 'to': '6adf97f83acf6453d4a6a4b1070f3754'}, {'createdAt': {'$date': 1691230678000}, 'trackingCode': 'b63c6d840a23210abfe7fe26a3463457', 'status': '104', 'description': 'Deixou a unidade Azul Cargo Express\t', 'trackerType': '3b24fa7e14555a1912e5bc2198f8e075', 'from': '8578e7a4f7b9576c788a8a6706e207d9', 'to': '6adf97f83acf6453d4a6a4b1070f3754'}, {'createdAt': {'$date': 1691231485000}, 'trackingCode': 'b63c6d840a23210abfe7fe26a3463457', 'status': '133', 'description': 'Saida Do Veiculo', 'trackerType': '3b24fa7e14555a1912e5bc2198f8e075', 'from': '8578e7a4f7b9576c788a8a6706e207d9', 'to': '6adf97f83acf6453d4a6a4b1070f3754'}, {'createdAt': {'$date': 1691483620000}, 'trackingCode': 'b63c6d840a23210abfe7fe26a3463457', 'status': '01', 'description': 'Remessa entregue', 'trackerType': '3b24fa7e14555a1912e5bc2198f8e075', 'from': '6adf97f83acf6453d4a6a4b1070f3754', 'to': '6adf97f83acf6453d4a6a4b1070f3754'}]"
U,904c20a612b3ae31c0b23dcfe8548890,1689979450,1693824985,1693824985,"[{'createdAt': {'$date': 1689960107000}, 'trackingCode': '2ee98001777c39d32f85cfb471ae4844', 'status': '01', 'description': 'Objeto postado', 'trackerType': '27bb7dfdbe0de2d482d1c37c3fe5bfe3', 'from': 'f5c4ce0dcc8ac6aeecf5762bb073ee55', 'to': '6adf97f83acf6453d4a6a4b1070f3754'}, {'createdAt': {'$date': 1690461716000}, 'trackingCode': '2ee98001777c39d32f85cfb471ae4844', 'status': '01', 'description': 'Objeto saiu para entrega ao destinatário', 'trackerType': '27bb7dfdbe0de2d482d1c37c3fe5bfe3', 'from': '5b0d7d8f973da03ceb882a895cd4f71b', 'to': '6adf97f83acf6453d4a6a4b1070f3754'}, {'createdAt': {'$date': 1690470638000}, 'trackingCode': '2ee98001777c39d32f85cfb471ae4844', 'status': '01', 'description': 'Objeto entregue ao destinatário', 'trackerType': '27bb7dfdbe0de2d482d1c37c3fe5bfe3', 'from': '5b0d7d8f973da03ceb882a895cd4f71b', 'to': '6adf97f83acf6453d4a6a4b1070f3754'}]"
U,321c333607c254920c823078795ff8e5,1693495665,1693824985,1693824985,"[{'createdAt': {'$date': 1693395325000}, 'trackingCode': 'fe55d43b6a35d16ac46dac60fa2e4965', 'status': '01', 'description': 'Objeto entregue ao destinatário', 'trackerType': '27bb7dfdbe0de2d482d1c37c3fe5bfe3', 'from': 'dc9b8c3a87d9a0f6b34769e519eaa6f8', 'to': '6adf97f83acf6453d4a6a4b1070f3754'}, {'createdAt': {'$date': 1693395301000}, 'trackingCode': 'fe55d43b6a35d16ac46dac60fa2e4965', 'status': '58', 'description': 'Objeto será entregue em instantes', 'trackerType': '27bb7dfdbe0de2d482d1c37c3fe5bfe3', 'from': 'dc9b8c3a87d9a0f6b34769e519eaa6f8', 'to': '6adf97f83acf6453d4a6a4b1070f3754'}, {'createdAt': {'$date': 1693389077000}, 'trackingCode': 'fe55d43b6a35d16ac46dac60fa2e4965', 'status': '03', 'description': 'Objeto está em rota de entrega', 'trackerType': '27bb7dfdbe0de2d482d1c37c3fe5bfe3', 'from': 'dc9b8c3a87d9a0f6b34769e519eaa6f8', 'to': '6adf97f83acf6453d4a6a4b1070f3754'}, {'createdAt': {'$date': 1693380442000}, 'trackingCode': 'fe55d43b6a35d16ac46dac60fa2e4965', 'status': '01', 'description': 'Objeto em trânsito - por favor aguarde', 'trackerType': '27bb7dfdbe0de2d482d1c37c3fe5bfe3', 'from': 'af7167c6d9c0aa746c90b88a2c6fcfec', 'to': 'dc9b8c3a87d9a0f6b34769e519eaa6f8'}, {'createdAt': {'$date': 1693214527000}, 'trackingCode': 'fe55d43b6a35d16ac46dac60fa2e4965', 'status': '01', 'description': 'Objeto em trânsito - por favor aguarde', 'trackerType': '27bb7dfdbe0de2d482d1c37c3fe5bfe3', 'from': 'a9b3bd46be7390826100cfcfd8f271ec', 'to': 'af7167c6d9c0aa746c90b88a2c6fcfec'}, {'createdAt': {'$date': 1692979972000}, 'trackingCode': 'fe55d43b6a35d16ac46dac60fa2e4965', 'status': '01', 'description': 'Objeto em trânsito - por favor aguarde', 'trackerType': '27bb7dfdbe0de2d482d1c37c3fe5bfe3', 'from': '3e7833098223bdabcbd2ca11bb04e779', 'to': 'a9b3bd46be7390826100cfcfd8f271ec'}, {'createdAt': {'$date': 1692978562000}, 'trackingCode': 'fe55d43b6a35d16ac46dac60fa2e4965', 'status': '01', 'description': 'Objeto postado', 'trackerType': '27bb7dfdbe0de2d482d1c37c3fe5bfe3', 'from': '3e7833098223bdabcbd2ca11bb04e779', 'to': '6adf97f83acf6453d4a6a4b1070f3754'}]"
U,a031fd522415e03743416ef54658ea30,1693318818,1693824985,1693824985,"[{'createdAt': {'$date': 1693318345000}, 'trackingCode': '1d4216633c28ee1bd6d3df5ea73389e9', 'status': '01', 'description': 'Objeto postado', 'trackerType': '27bb7dfdbe0de2d482d1c37c3fe5bfe3', 'from': 'a73a615419145fd5f1a0f8689a38600d', 'to': '6adf97f83acf6453d4a6a4b1070f3754'}, {'createdAt': {'$date': 1693319986000}, 'trackingCode': '1d4216633c28ee1bd6d3df5ea73389e9', 'status': '01', 'description': 'Objeto em trânsito - por favor aguarde', 'trackerType': '27bb7dfdbe0de2d482d1c37c3fe5bfe3', 'from': 'a73a615419145fd5f1a0f8689a38600d', 'to': 'e0e884b320d7340e331862ed6772b798'}, {'createdAt': {'$date': 1693335625000}, 'trackingCode': '1d4216633c28ee1bd6d3df5ea73389e9', 'status': '01', 'description': 'Objeto em trânsito - por favor aguarde', 'trackerType': '27bb7dfdbe0de2d482d1c37c3fe5bfe3', 'from': 'e0e884b320d7340e331862ed6772b798', 'to': 'af7167c6d9c0aa746c90b88a2c6fcfec'}, {'createdAt': {'$date': 1693401065000}, 'trackingCode': '1d4216633c28ee1bd6d3df5ea73389e9', 'status': '01', 'description': 'Objeto em trânsito - por favor aguarde', 'trackerType': '27bb7dfdbe0de2d482d1c37c3fe5bfe3', 'from': 'af7167c6d9c0aa746c90b88a2c6fcfec', 'to': '93493378724421794c2ff9165c77d1d3'}, {'createdAt': {'$date': 1693473671000}, 'trackingCode': '1d4216633c28ee1bd6d3df5ea73389e9', 'status': '01', 'description': 'Objeto saiu para entrega ao destinatário', 'trackerType': '27bb7dfdbe0de2d482d1c37c3fe5bfe3', 'from': '93493378724421794c2ff9165c77d1d3', 'to': '6adf97f83acf6453d4a6a4b1070f3754'}, {'createdAt': {'$date': 1693483841000}, 'trackingCode': '1d4216633c28ee1bd6d3df5ea73389e9', 'status': '01', 'description': 'Objeto entregue ao destinatário', 'trackerType': '27bb7dfdbe0de2d482d1c37c3fe5bfe3', 'from': '93493378724421794c2ff9165c77d1d3', 'to': '6adf97f83acf6453d4a6a4b1070f3754'}]"
U,54b943fbdf8b1940119a264110e750b4,1689701378,1693824985,1693824985,"[{'createdAt': {'$date': 1689656162000}, 'trackingCode': 'f79c584f6a1c05e2b44138783db88fb4', 'status': '16', 'description': 'Objeto recebido pelos Correios do Brasil', 'trackerType': '27bb7dfdbe0de2d482d1c37c3fe5bfe3', 'from': '44d02c36e6691bb8faacd16784348114', 'to': '6adf97f83acf6453d4a6a4b1070f3754'}, {'createdAt': {'$date': 1689937212000}, 'trackingCode': 'f79c584f6a1c05e2b44138783db88fb4', 'status': '01', 'description': 'Objeto em trânsito - por favor aguarde', 'trackerType': '27bb7dfdbe0de2d482d1c37c3fe5bfe3', 'from': '44d02c36e6691bb8faacd16784348114', 'to': '09d12b538e03f42368a7efa877aafd12'}, {'createdAt': {'$date': 1689937211000}, 'trackingCode': 'f79c584f6a1c05e2b44138783db88fb4', 'status': '10', 'description': 'Fiscalização aduaneira finalizada', 'trackerType': '27bb7dfdbe0de2d482d1c37c3fe5bfe3', 'from': '44d02c36e6691bb8faacd16784348114', 'to': '6adf97f83acf6453d4a6a4b1070f3754'}, {'createdAt': {'$date': 1690432396000}, 'trackingCode': 'f79c584f6a1c05e2b44138783db88fb4', 'status': '01', 'description': 'Objeto em trânsito - por favor aguarde', 'trackerType': '27bb7dfdbe0de2d482d1c37c3fe5bfe3', 'from': '09d12b538e03f42368a7efa877aafd12', 'to': '4b8894eb3efb9ac0364f7068d59f90e4'}, {'createdAt': {'$date': 1690883377000}, 'trackingCode': 'f79c584f6a1c05e2b44138783db88fb4', 'status': '01', 'description': 'Objeto saiu para entrega ao destinatário', 'trackerType': '27bb7dfdbe0de2d482d1c37c3fe5bfe3', 'from': '4b8894eb3efb9ac0364f7068d59f90e4', 'to': '6adf97f83acf6453d4a6a4b1070f3754'}, {'createdAt': {'$date': 1690900125000}, 'trackingCode': 'f79c584f6a1c05e2b44138783db88fb4', 'status': '01', 'description': 'Objeto entregue ao destinatário', 'trackerType': '27bb7dfdbe0de2d482d1c37c3fe5bfe3', 'from': '4b8894eb3efb9ac0364f7068d59f90e4', 'to': '6adf97f83acf6453d4a6a4b1070f3754'}]"
U,179e492c5a0ab73bddc818ea4f516b28,1693510379,1693824985,1693824985,"[{'createdAt': {'$date': 1693501533000}, 'trackingCode': '0f6249074f366de6410b53a62d0294c9', 'status': None, 'description': 'EMISSAO', 'trackerType': '202591c2658eb8db7d1c57e1273cd270', 'from': '0e40f2ca5122d136d4fd54eda25a5f91', 'to': '6adf97f83acf6453d4a6a4b1070f3754'}, {'createdAt': {'$date': 1693585869000}, 'trackingCode': '0f6249074f366de6410b53a62d0294c9', 'status': None, 'description': 'TRANSFERENCIA', 'trackerType': '202591c2658eb8db7d1c57e1273cd270', 'from': '0e40f2ca5122d136d4fd54eda25a5f91', 'to': '6adf97f83acf6453d4a6a4b1070f3754'}, {'createdAt': {'$date': 1693597745000}, 'trackingCode': '0f6249074f366de6410b53a62d0294c9', 'status': None, 'description': 'TRANSFERENCIA', 'trackerType': '202591c2658eb8db7d1c57e1273cd270', 'from': 'dca8238dcf8788f456c26fd1e4a9a20d', 'to': '6adf97f83acf6453d4a6a4b1070f3754'}, {'createdAt': {'$date': 1693617039000}, 'trackingCode': '0f6249074f366de6410b53a62d0294c9', 'status': None, 'description': 'ENTRADA', 'trackerType': '202591c2658eb8db7d1c57e1273cd270', 'from': 'fac929278c0e5ba967802153ba729336', 'to': '6adf97f83acf6453d4a6a4b1070f3754'}, {'createdAt': {'$date': 1693629150000}, 'trackingCode': '0f6249074f366de6410b53a62d0294c9', 'status': None, 'description': 'ENTRADA', 'trackerType': '202591c2658eb8db7d1c57e1273cd270', 'from': '866813c9a5f756fd2d824c2b492e80c6', 'to': '6adf97f83acf6453d4a6a4b1070f3754'}, {'createdAt': {'$date': 1693629164000}, 'trackingCode': '0f6249074f366de6410b53a62d0294c9', 'status': None, 'description': 'TRANSFERENCIA', 'trackerType': '202591c2658eb8db7d1c57e1273cd270', 'from': '866813c9a5f756fd2d824c2b492e80c6', 'to': '6adf97f83acf6453d4a6a4b1070f3754'}, {'createdAt': {'$date': 1693771043000}, 'trackingCode': '0f6249074f366de6410b53a62d0294c9', 'status': None, 'description': 'TRANSFERENCIA', 'trackerType': '202591c2658eb8db7d1c57e1273cd270', 'from': 'fac929278c0e5ba967802153ba729336', 'to': '6adf97f83acf6453d4a6a4b1070f3754'}]"
U,624448af4959ec3f60c4ed3c42cf7516,1690376819,1693824985,1693824985,"[{'createdAt': {'$date': 1690291553000}, 'trackingCode': '3a3728cfcb4006fe783ecab9c721cd85', 'status': '01', 'description': 'Objeto em trânsito - por favor aguarde', 'trackerType': '27bb7dfdbe0de2d482d1c37c3fe5bfe3', 'from': '9c503ecc4f113471367063483aca15c7', 'to': '21db5dcdf6099486ef94aa4ff5076333'}, {'createdAt': {'$date': 1690162131000}, 'trackingCode': '3a3728cfcb4006fe783ecab9c721cd85', 'status': '01', 'description': 'Objeto em trânsito - por favor aguarde', 'trackerType': '27bb7dfdbe0de2d482d1c37c3fe5bfe3', 'from': '44d02c36e6691bb8faacd16784348114', 'to': '9c503ecc4f113471367063483aca15c7'}, {'createdAt': {'$date': 1690162130000}, 'trackingCode': '3a3728cfcb4006fe783ecab9c721cd85', 'status': '10', 'description': 'Fiscalização aduaneira finalizada', 'trackerType': '27bb7dfdbe0de2d482d1c37c3fe5bfe3', 'from': '44d02c36e6691bb8faacd16784348114', 'to': '6adf97f83acf6453d4a6a4b1070f3754'}, {'createdAt': {'$date': 1689919660000}, 'trackingCode': '3a3728cfcb4006fe783ecab9c721cd85', 'status': '16', 'description': 'Objeto recebido pelos Correios do Brasil', 'trackerType': '27bb7dfdbe0de2d482d1c37c3fe5bfe3', 'from': '44d02c36e6691bb8faacd16784348114', 'to': '6adf97f83acf6453d4a6a4b1070f3754'}, {'createdAt': {'$date': 1689548546000}, 'trackingCode': '3a3728cfcb4006fe783ecab9c721cd85', 'status': '01', 'description': 'Objeto postado', 'trackerType': '27bb7dfdbe0de2d482d1c37c3fe5bfe3', 'from': 'f0aa1982f61314b9aab258c2f110ebab', 'to': '6adf97f83acf6453d4a6a4b1070f3754'}, {'createdAt': {'$date': 1690454785000}, 'trackingCode': '3a3728cfcb4006fe783ecab9c721cd85', 'status': '01', 'description': 'Objeto saiu para entrega ao destinatário', 'trackerType': '27bb7dfdbe0de2d482d1c37c3fe5bfe3', 'from': '21db5dcdf6099486ef94aa4ff5076333', 'to': '6adf97f83acf6453d4a6a4b1070f3754'}, {'createdAt': {'$date': 1690463902000}, 'trackingCode': '3a3728cfcb4006fe783ecab9c721cd85', 'status': '01', 'description': 'Objeto entregue ao destinatário', 'trackerType': '27bb7dfdbe0de2d482d1c37c3fe5bfe3', 'from': '21db5dcdf6099486ef94aa4ff5076333', 'to': '6adf97f83acf6453d4a6a4b1070f3754'}]"
U,df7e5a7560a2e621f7f75ff652886b53,1690472364,1693824985,1693824985,"[{'createdAt': {'$date': 1688777263000}, 'trackingCode': '9d489e32061e5bf41bc8690056363611', 'status': '17', 'description': 'Aguardando pagamento', 'trackerType': '27bb7dfdbe0de2d482d1c37c3fe5bfe3', 'from': '1116d4d728c419268748ffafaee5c53d', 'to': '6adf97f83acf6453d4a6a4b1070f3754'}, {'createdAt': {'$date': 1688724053000}, 'trackingCode': '9d489e32061e5bf41bc8690056363611', 'status': '21', 'description': 'Encaminhado para fiscalização aduaneira', 'trackerType': '27bb7dfdbe0de2d482d1c37c3fe5bfe3', 'from': '1116d4d728c419268748ffafaee5c53d', 'to': '6adf97f83acf6453d4a6a4b1070f3754'}, {'createdAt': {'$date': 1687795692000}, 'trackingCode': '9d489e32061e5bf41bc8690056363611', 'status': '16', 'description': 'Objeto recebido pelos Correios do Brasil', 'trackerType': '27bb7dfdbe0de2d482d1c37c3fe5bfe3', 'from': '1116d4d728c419268748ffafaee5c53d', 'to': '6adf97f83acf6453d4a6a4b1070f3754'}, {'createdAt': {'$date': 1687065469000}, 'trackingCode': '9d489e32061e5bf41bc8690056363611', 'status': '01', 'description': 'Objeto postado', 'trackerType': '27bb7dfdbe0de2d482d1c37c3fe5bfe3', 'from': 'f0aa1982f61314b9aab258c2f110ebab', 'to': '6adf97f83acf6453d4a6a4b1070f3754'}, {'createdAt': {'$date': 1691463014000}, 'trackingCode': '9d489e32061e5bf41bc8690056363611', 'status': '63', 'description': 'Pagamento não efetuado no prazo', 'trackerType': '27bb7dfdbe0de2d482d1c37c3fe5bfe3', 'from': '1116d4d728c419268748ffafaee5c53d', 'to': '6adf97f83acf6453d4a6a4b1070f3754'}, {'createdAt': {'$date': 1692895200000}, 'trackingCode': '9d489e32061e5bf41bc8690056363611', 'status': '24', 'description': 'Devolução autorizada pela Receita Federal', 'trackerType': '27bb7dfdbe0de2d482d1c37c3fe5bfe3', 'from': '1116d4d728c419268748ffafaee5c53d', 'to': '6adf97f83acf6453d4a6a4b1070f3754'}]"
U,687b3f4aa79a2637b3a6f6587a5db164,1693318818,1693824985,1693824985,"[{'createdAt': {'$date': 1692984861000}, 'trackingCode': '39040f847f7dec0a8573d5fb12d17f2d', 'status': '01', 'description': 'Objeto postado', 'trackerType': '27bb7dfdbe0de2d482d1c37c3fe5bfe3', 'from': '3c4c6bdc36d0e162d5ad1b8e6c94db10', 'to': '6adf97f83acf6453d4a6a4b1070f3754'}, {'createdAt': {'$date': 1693395423000}, 'trackingCode': '39040f847f7dec0a8573d5fb12d17f2d', 'status': '01', 'description': 'Objeto saiu para entrega ao destinatário', 'trackerType': '27bb7dfdbe0de2d482d1c37c3fe5bfe3', 'from': '0f293a952ac9ca7c68bc34259ede7764', 'to': '6adf97f83acf6453d4a6a4b1070f3754'}, {'createdAt': {'$date': 1693408975000}, 'trackingCode': '39040f847f7dec0a8573d5fb12d17f2d', 'status': '01', 'description': 'Objeto entregue ao destinatário', 'trackerType': '27bb7dfdbe0de2d482d1c37c3fe5bfe3', 'from': '0f293a952ac9ca7c68bc34259ede7764', 'to': '6adf97f83acf6453d4a6a4b1070f3754'}]"
U,1e1fd4b9432384a2050717c4a9741db2,1690250144,1693824985,1693824985,"[{'createdAt': {'$date': 1690260234000}, 'trackingCode': 'f4366f31847ed225e02b871a7abcf828', 'status': '14', 'description': 'A coleta do pacote foi feita e o processo de envio vai ser iniciado.', 'trackerType': 'a302942c7f755f858bd9a6c0c6be98fb', 'from': '3d176e3700b055e947033711908044fb', 'to': '6adf97f83acf6453d4a6a4b1070f3754'}, {'createdAt': {'$date': 1689915403000}, 'trackingCode': 'f4366f31847ed225e02b871a7abcf828', 'status': '1', 'description': 'A etiqueta de envio já foi criada e o pacote está pronto para a coleta.', 'trackerType': 'a302942c7f755f858bd9a6c0c6be98fb', 'from': '3d176e3700b055e947033711908044fb', 'to': '6adf97f83acf6453d4a6a4b1070f3754'}, {'createdAt': {'$date': 1690269804000}, 'trackingCode': 'f4366f31847ed225e02b871a7abcf828', 'status': '15', 'description': 'O pacote já teve suas dimensões conferidas.', 'trackerType': 'a302942c7f755f858bd9a6c0c6be98fb', 'from': '6adf97f83acf6453d4a6a4b1070f3754', 'to': '6adf97f83acf6453d4a6a4b1070f3754'}, {'createdAt': {'$date': 1690306027000}, 'trackingCode': 'f4366f31847ed225e02b871a7abcf828', 'status': '13', 'description': 'O pacote foi confirmado em uma base da Loggi e vai ser preparado para transferência.', 'trackerType': 'a302942c7f755f858bd9a6c0c6be98fb', 'from': '78a32fcc48731cfdbb11966d312f5f4f', 'to': '6adf97f83acf6453d4a6a4b1070f3754'}, {'createdAt': {'$date': 1690352233000}, 'trackingCode': 'f4366f31847ed225e02b871a7abcf828', 'status': '16', 'description': 'O pacote está em transferência de uma base para outra.', 'trackerType': 'a302942c7f755f858bd9a6c0c6be98fb', 'from': '6adf97f83acf6453d4a6a4b1070f3754', 'to': '6adf97f83acf6453d4a6a4b1070f3754'}, {'createdAt': {'$date': 1690349547000}, 'trackingCode': 'f4366f31847ed225e02b871a7abcf828', 'status': '3', 'description': 'O pacote está em uma base e, em breve, vai estar em transferência.', 'trackerType': 'a302942c7f755f858bd9a6c0c6be98fb', 'from': '6adf97f83acf6453d4a6a4b1070f3754', 'to': '6adf97f83acf6453d4a6a4b1070f3754'}, {'createdAt': {'$date': 1690360480000}, 'trackingCode': 'f4366f31847ed225e02b871a7abcf828', 'status': '17', 'description': 'Tudo certo, o pacote está em uma base da Loggi.', 'trackerType': 'a302942c7f755f858bd9a6c0c6be98fb', 'from': '6adf97f83acf6453d4a6a4b1070f3754', 'to': '6adf97f83acf6453d4a6a4b1070f3754'}, {'createdAt': {'$date': 1690375690000}, 'trackingCode': 'f4366f31847ed225e02b871a7abcf828', 'status': '11', 'description': 'O pacote está a caminho.', 'trackerType': 'a302942c7f755f858bd9a6c0c6be98fb', 'from': '6adf97f83acf6453d4a6a4b1070f3754', 'to': '6adf97f83acf6453d4a6a4b1070f3754'}, {'createdAt': {'$date': 1690395532000}, 'trackingCode': 'f4366f31847ed225e02b871a7abcf828', 'status': '5', 'description': 'O pacote chegou ao destino final.', 'trackerType': 'a302942c7f755f858bd9a6c0c6be98fb', 'from': '6adf97f83acf6453d4a6a4b1070f3754', 'to': '6adf97f83acf6453d4a6a4b1070f3754'}]"
U,4b86d2a6d3db2860f69980bfaccaf06f,1689211417,1693824985,1693824985,"[{'createdAt': {'$date': 1689149027000}, 'trackingCode': '2f4ee2dc7d08121107d0d3c60ac261e0', 'status': '01', 'description': 'Objeto em trânsito - por favor aguarde', 'trackerType': '27bb7dfdbe0de2d482d1c37c3fe5bfe3', 'from': '44d02c36e6691bb8faacd16784348114', 'to': '1573ecd98346bbe2ca7bfccb30b80633'}, {'createdAt': {'$date': 1689149026000}, 'trackingCode': '2f4ee2dc7d08121107d0d3c60ac261e0', 'status': '10', 'description': 'Fiscalização aduaneira finalizada', 'trackerType': '27bb7dfdbe0de2d482d1c37c3fe5bfe3', 'from': '44d02c36e6691bb8faacd16784348114', 'to': '6adf97f83acf6453d4a6a4b1070f3754'}, {'createdAt': {'$date': 1689138153000}, 'trackingCode': '2f4ee2dc7d08121107d0d3c60ac261e0', 'status': '16', 'description': 'Objeto recebido pelos Correios do Brasil', 'trackerType': '27bb7dfdbe0de2d482d1c37c3fe5bfe3', 'from': '44d02c36e6691bb8faacd16784348114', 'to': '6adf97f83acf6453d4a6a4b1070f3754'}, {'createdAt': {'$date': 1688912926000}, 'trackingCode': '2f4ee2dc7d08121107d0d3c60ac261e0', 'status': '01', 'description': 'Objeto postado', 'trackerType': '27bb7dfdbe0de2d482d1c37c3fe5bfe3', 'from': 'f0aa1982f61314b9aab258c2f110ebab', 'to': '6adf97f83acf6453d4a6a4b1070f3754'}, {'createdAt': {'$date': 1689422577000}, 'trackingCode': '2f4ee2dc7d08121107d0d3c60ac261e0', 'status': '01', 'description': 'Objeto em trânsito - por favor aguarde', 'trackerType': '27bb7dfdbe0de2d482d1c37c3fe5bfe3', 'from': '1573ecd98346bbe2ca7bfccb30b80633', 'to': '9bad64dcb93f8775ca50c481c11c4154'}, {'createdAt': {'$date': 1690275287000}, 'trackingCode': '2f4ee2dc7d08121107d0d3c60ac261e0', 'status': '01', 'description': 'Objeto saiu para entrega ao destinatário', 'trackerType': '27bb7dfdbe0de2d482d1c37c3fe5bfe3', 'from': '9bad64dcb93f8775ca50c481c11c4154', 'to': '6adf97f83acf6453d4a6a4b1070f3754'}, {'createdAt': {'$date': 1690295111000}, 'trackingCode': '2f4ee2dc7d08121107d0d3c60ac261e0', 'status': '01', 'description': 'Objeto entregue ao destinatário', 'trackerType': '27bb7dfdbe0de2d482d1c37c3fe5bfe3', 'from': '9bad64dcb93f8775ca50c481c11c4154', 'to': '6adf97f83acf6453d4a6a4b1070f3754'}]"
U,381367ab8869105de3af467f9f88b651,1692102373,1693824985,1693824985,"[{'createdAt': {'$date': 1692098408000}, 'trackingCode': '6e71487aaf085e069bcfdbc9eb9eac24', 'status': '102', 'description': 'Informação do Envio enviado à Azul Cargo Express (CT-e emitido)\t', 'trackerType': '3b24fa7e14555a1912e5bc2198f8e075', 'from': '8578e7a4f7b9576c788a8a6706e207d9', 'to': '6adf97f83acf6453d4a6a4b1070f3754'}, {'createdAt': {'$date': 1692133507000}, 'trackingCode': '6e71487aaf085e069bcfdbc9eb9eac24', 'status': '104', 'description': 'Deixou a unidade Azul Cargo Express\t', 'trackerType': '3b24fa7e14555a1912e5bc2198f8e075', 'from': '8578e7a4f7b9576c788a8a6706e207d9', 'to': '6adf97f83acf6453d4a6a4b1070f3754'}, {'createdAt': {'$date': 1692133508000}, 'trackingCode': '6e71487aaf085e069bcfdbc9eb9eac24', 'status': '134', 'description': 'Saída do voo\t', 'trackerType': '3b24fa7e14555a1912e5bc2198f8e075', 'from': '8578e7a4f7b9576c788a8a6706e207d9', 'to': '6adf97f83acf6453d4a6a4b1070f3754'}, {'createdAt': {'$date': 1692145320000}, 'trackingCode': '6e71487aaf085e069bcfdbc9eb9eac24', 'status': '137', 'description': 'Chegada do voo\t', 'trackerType': '3b24fa7e14555a1912e5bc2198f8e075', 'from': '89cb1e2fcbb5b49ca53cf4157f671587', 'to': '6adf97f83acf6453d4a6a4b1070f3754'}, {'createdAt': {'$date': 1692192948000}, 'trackingCode': '6e71487aaf085e069bcfdbc9eb9eac24', 'status': '104', 'description': 'Deixou a unidade Azul Cargo Express\t', 'trackerType': '3b24fa7e14555a1912e5bc2198f8e075', 'from': '89cb1e2fcbb5b49ca53cf4157f671587', 'to': '6adf97f83acf6453d4a6a4b1070f3754'}, {'createdAt': {'$date': 1692192954000}, 'trackingCode': '6e71487aaf085e069bcfdbc9eb9eac24', 'status': '134', 'description': 'Saída do voo\t', 'trackerType': '3b24fa7e14555a1912e5bc2198f8e075', 'from': '89cb1e2fcbb5b49ca53cf4157f671587', 'to': '6adf97f83acf6453d4a6a4b1070f3754'}, {'createdAt': {'$date': 1692198300000}, 'trackingCode': '6e71487aaf085e069bcfdbc9eb9eac24', 'status': '137', 'description': 'Chegada do voo\t', 'trackerType': '3b24fa7e14555a1912e5bc2198f8e075', 'from': '25f97bd71401dfc3d10ca9c577f16b4f', 'to': '6adf97f83acf6453d4a6a4b1070f3754'}, {'createdAt': {'$date': 1692206700000}, 'trackingCode': '6e71487aaf085e069bcfdbc9eb9eac24', 'status': '01', 'description': 'Remessa entregue', 'trackerType': '3b24fa7e14555a1912e5bc2198f8e075', 'from': '25f97bd71401dfc3d10ca9c577f16b4f', 'to': '6adf97f83acf6453d4a6a4b1070f3754'}]"
U,63f911672ade505be751f364954fa63b,1690272880,1693824985,1693824985,"[{'createdAt': {'$date': 1689178718000}, 'trackingCode': 'dc4d3fbc95ba3379e21aa69775f40aa1', 'status': '01', 'description': 'Objeto postado', 'trackerType': '27bb7dfdbe0de2d482d1c37c3fe5bfe3', 'from': '6c8786318a6cd62dad38b8c3680b1180', 'to': '6adf97f83acf6453d4a6a4b1070f3754'}, {'createdAt': {'$date': 1690545702000}, 'trackingCode': 'dc4d3fbc95ba3379e21aa69775f40aa1', 'status': '01', 'description': 'Objeto entregue ao destinatário', 'trackerType': '27bb7dfdbe0de2d482d1c37c3fe5bfe3', 'from': 'a9988487b70001d54a4b4ee21da73a1e', 'to': '6adf97f83acf6453d4a6a4b1070f3754'}, {'createdAt': {'$date': 1690541333000}, 'trackingCode': 'dc4d3fbc95ba3379e21aa69775f40aa1', 'status': '01', 'description': 'Objeto saiu para entrega ao destinatário', 'trackerType': '27bb7dfdbe0de2d482d1c37c3fe5bfe3', 'from': 'a9988487b70001d54a4b4ee21da73a1e', 'to': '6adf97f83acf6453d4a6a4b1070f3754'}]"
U,af3494f1e523a2d99c361504e8d237f9,1691424267,1693824985,1693824985,"[{'createdAt': {'$date': 1691422940000}, 'trackingCode': '68f81c4b7d81818b1a9c8457c9216d07', 'status': '102', 'description': 'Informação do Envio enviado à Azul Cargo Express (CT-e emitido)\t', 'trackerType': '3b24fa7e14555a1912e5bc2198f8e075', 'from': '5ec28d85463bec4994a6a97f5bcf4af2', 'to': '6adf97f83acf6453d4a6a4b1070f3754'}, {'createdAt': {'$date': 1691434700000}, 'trackingCode': '68f81c4b7d81818b1a9c8457c9216d07', 'status': '142', 'description': 'Embarque no veículo para transferência ou em rota para entrega', 'trackerType': '3b24fa7e14555a1912e5bc2198f8e075', 'from': '5ec28d85463bec4994a6a97f5bcf4af2', 'to': '6adf97f83acf6453d4a6a4b1070f3754'}, {'createdAt': {'$date': 1691434700000}, 'trackingCode': '68f81c4b7d81818b1a9c8457c9216d07', 'status': '133', 'description': 'Saida Do Veiculo', 'trackerType': '3b24fa7e14555a1912e5bc2198f8e075', 'from': '5ec28d85463bec4994a6a97f5bcf4af2', 'to': '6adf97f83acf6453d4a6a4b1070f3754'}, {'createdAt': {'$date': 1691446800000}, 'trackingCode': '68f81c4b7d81818b1a9c8457c9216d07', 'status': '136', 'description': 'Chegou na Unidade Azul Cargo Express\t', 'trackerType': '3b24fa7e14555a1912e5bc2198f8e075', 'from': '97b34f57ec10aafbe7ddb33a694d019b', 'to': '6adf97f83acf6453d4a6a4b1070f3754'}, {'createdAt': {'$date': 1691453681000}, 'trackingCode': '68f81c4b7d81818b1a9c8457c9216d07', 'status': '142', 'description': 'Embarque no veículo para transferência ou em rota para entrega', 'trackerType': '3b24fa7e14555a1912e5bc2198f8e075', 'from': '97b34f57ec10aafbe7ddb33a694d019b', 'to': '6adf97f83acf6453d4a6a4b1070f3754'}, {'createdAt': {'$date': 1691453685000}, 'trackingCode': '68f81c4b7d81818b1a9c8457c9216d07', 'status': '133', 'description': 'Saida Do Veiculo', 'trackerType': '3b24fa7e14555a1912e5bc2198f8e075', 'from': '97b34f57ec10aafbe7ddb33a694d019b', 'to': '6adf97f83acf6453d4a6a4b1070f3754'}, {'createdAt': {'$date': 1691474880000}, 'trackingCode': '68f81c4b7d81818b1a9c8457c9216d07', 'status': '136', 'description': 'Chegou na Unidade Azul Cargo Express\t', 'trackerType': '3b24fa7e14555a1912e5bc2198f8e075', 'from': '89cb1e2fcbb5b49ca53cf4157f671587', 'to': '6adf97f83acf6453d4a6a4b1070f3754'}, {'createdAt': {'$date': 1691574985000}, 'trackingCode': '68f81c4b7d81818b1a9c8457c9216d07', 'status': '104', 'description': 'Deixou a unidade Azul Cargo Express\t', 'trackerType': '3b24fa7e14555a1912e5bc2198f8e075', 'from': '89cb1e2fcbb5b49ca53cf4157f671587', 'to': '6adf97f83acf6453d4a6a4b1070f3754'}, {'createdAt': {'$date': 1691574994000}, 'trackingCode': '68f81c4b7d81818b1a9c8457c9216d07', 'status': '134', 'description': 'Saída do voo\t', 'trackerType': '3b24fa7e14555a1912e5bc2198f8e075', 'from': '89cb1e2fcbb5b49ca53cf4157f671587', 'to': '6adf97f83acf6453d4a6a4b1070f3754'}, {'createdAt': {'$date': 1691603460000}, 'trackingCode': '68f81c4b7d81818b1a9c8457c9216d07', 'status': '137', 'description': 'Chegada do voo\t', 'trackerType': '3b24fa7e14555a1912e5bc2198f8e075', 'from': '8f2137165e46b5309494bab63f91b9c8', 'to': '6adf97f83acf6453d4a6a4b1070f3754'}, {'createdAt': {'$date': 1691652728000}, 'trackingCode': '68f81c4b7d81818b1a9c8457c9216d07', 'status': '104', 'description': 'Deixou a unidade Azul Cargo Express\t', 'trackerType': '3b24fa7e14555a1912e5bc2198f8e075', 'from': '8f2137165e46b5309494bab63f91b9c8', 'to': '6adf97f83acf6453d4a6a4b1070f3754'}, {'createdAt': {'$date': 1691652742000}, 'trackingCode': '68f81c4b7d81818b1a9c8457c9216d07', 'status': '133', 'description': 'Saida Do Veiculo', 'trackerType': '3b24fa7e14555a1912e5bc2198f8e075', 'from': '8f2137165e46b5309494bab63f91b9c8', 'to': '6adf97f83acf6453d4a6a4b1070f3754'}, {'createdAt': {'$date': 1691669732000}, 'trackingCode': '68f81c4b7d81818b1a9c8457c9216d07', 'status': '01', 'description': 'Remessa entregue', 'trackerType': '3b24fa7e14555a1912e5bc2198f8e075', 'from': '6adf97f83acf6453d4a6a4b1070f3754', 'to': '6adf97f83acf6453d4a6a4b1070f3754'}]"
U,3f11cbea030b628d5880b1359fa51a31,1691086076,1693824985,1693824985,"[{'createdAt': {'$date': 1691084169000}, 'trackingCode': 'e472e711be2af9e36cbc299971a9e2a2', 'status': None, 'description': 'EMISSAO', 'trackerType': '202591c2658eb8db7d1c57e1273cd270', 'from': 'c1aa868c3e38a656288a0be05161cf51', 'to': '6adf97f83acf6453d4a6a4b1070f3754'}, {'createdAt': {'$date': 1691085128000}, 'trackingCode': 'e472e711be2af9e36cbc299971a9e2a2', 'status': None, 'description': 'TRANSFERENCIA', 'trackerType': '202591c2658eb8db7d1c57e1273cd270', 'from': 'c1aa868c3e38a656288a0be05161cf51', 'to': '6adf97f83acf6453d4a6a4b1070f3754'}, {'createdAt': {'$date': 1691148632000}, 'trackingCode': 'e472e711be2af9e36cbc299971a9e2a2', 'status': None, 'description': 'ENTRADA', 'trackerType': '202591c2658eb8db7d1c57e1273cd270', 'from': '84c77d7bc3fb1dd258da3c10bb2f8a27', 'to': '6adf97f83acf6453d4a6a4b1070f3754'}, {'createdAt': {'$date': 1691150689000}, 'trackingCode': 'e472e711be2af9e36cbc299971a9e2a2', 'status': None, 'description': 'TRANSFERENCIA', 'trackerType': '202591c2658eb8db7d1c57e1273cd270', 'from': '84c77d7bc3fb1dd258da3c10bb2f8a27', 'to': '6adf97f83acf6453d4a6a4b1070f3754'}, {'createdAt': {'$date': 1691211532000}, 'trackingCode': 'e472e711be2af9e36cbc299971a9e2a2', 'status': None, 'description': 'TRANSFERENCIA', 'trackerType': '202591c2658eb8db7d1c57e1273cd270', 'from': '84c77d7bc3fb1dd258da3c10bb2f8a27', 'to': '6adf97f83acf6453d4a6a4b1070f3754'}, {'createdAt': {'$date': 1691221631000}, 'trackingCode': 'e472e711be2af9e36cbc299971a9e2a2', 'status': None, 'description': 'TRANSFERIDO PARA UNIDADE', 'trackerType': '202591c2658eb8db7d1c57e1273cd270', 'from': '84c77d7bc3fb1dd258da3c10bb2f8a27', 'to': '6adf97f83acf6453d4a6a4b1070f3754'}, {'createdAt': {'$date': 1691225813000}, 'trackingCode': 'e472e711be2af9e36cbc299971a9e2a2', 'status': None, 'description': 'ENTRADA', 'trackerType': '202591c2658eb8db7d1c57e1273cd270', 'from': 'c8b419562b0672ee6e164d4e9c31536c', 'to': '6adf97f83acf6453d4a6a4b1070f3754'}, {'createdAt': {'$date': 1691229088000}, 'trackingCode': 'e472e711be2af9e36cbc299971a9e2a2', 'status': None, 'description': 'EM ROTA', 'trackerType': '202591c2658eb8db7d1c57e1273cd270', 'from': 'c8b419562b0672ee6e164d4e9c31536c', 'to': '6adf97f83acf6453d4a6a4b1070f3754'}, {'createdAt': {'$date': 1691233677000}, 'trackingCode': 'e472e711be2af9e36cbc299971a9e2a2', 'status': None, 'description': 'ENTREGUE', 'trackerType': '202591c2658eb8db7d1c57e1273cd270', 'from': 'c8b419562b0672ee6e164d4e9c31536c', 'to': '6adf97f83acf6453d4a6a4b1070f3754'}]"
U,51d4dc8c5dbe7f3c1af25c6a3d9f4e02,1693510378,1693824985,1693824985,"[{'createdAt': {'$date': 1693500855000}, 'trackingCode': '9b4868809e72eebe79eccdcd6e08f97e', 'status': None, 'description': 'EMISSAO', 'trackerType': '202591c2658eb8db7d1c57e1273cd270', 'from': 'abf3066b99a795c06085b0f188f7e4cd', 'to': '6adf97f83acf6453d4a6a4b1070f3754'}, {'createdAt': {'$date': 1693505819000}, 'trackingCode': '9b4868809e72eebe79eccdcd6e08f97e', 'status': None, 'description': 'TRANSFERENCIA', 'trackerType': '202591c2658eb8db7d1c57e1273cd270', 'from': 'abf3066b99a795c06085b0f188f7e4cd', 'to': '6adf97f83acf6453d4a6a4b1070f3754'}, {'createdAt': {'$date': 1693612646000}, 'trackingCode': '9b4868809e72eebe79eccdcd6e08f97e', 'status': None, 'description': 'ENTRADA', 'trackerType': '202591c2658eb8db7d1c57e1273cd270', 'from': 'fac929278c0e5ba967802153ba729336', 'to': '6adf97f83acf6453d4a6a4b1070f3754'}, {'createdAt': {'$date': 1693622427000}, 'trackingCode': '9b4868809e72eebe79eccdcd6e08f97e', 'status': None, 'description': 'TRANSFERENCIA', 'trackerType': '202591c2658eb8db7d1c57e1273cd270', 'from': 'fac929278c0e5ba967802153ba729336', 'to': '6adf97f83acf6453d4a6a4b1070f3754'}, {'createdAt': {'$date': 1693630110000}, 'trackingCode': '9b4868809e72eebe79eccdcd6e08f97e', 'status': None, 'description': 'TRANSFERENCIA', 'trackerType': '202591c2658eb8db7d1c57e1273cd270', 'from': 'fac929278c0e5ba967802153ba729336', 'to': '6adf97f83acf6453d4a6a4b1070f3754'}, {'createdAt': {'$date': 1693630141000}, 'trackingCode': '9b4868809e72eebe79eccdcd6e08f97e', 'status': None, 'description': 'TRANSFERIDO PARA UNIDADE', 'trackerType': '202591c2658eb8db7d1c57e1273cd270', 'from': 'fac929278c0e5ba967802153ba729336', 'to': '6adf97f83acf6453d4a6a4b1070f3754'}, {'createdAt': {'$date': 1693639225000}, 'trackingCode': '9b4868809e72eebe79eccdcd6e08f97e', 'status': None, 'description': 'ENTRADA', 'trackerType': '202591c2658eb8db7d1c57e1273cd270', 'from': 'fa67df1912a846fa9cd1789b400d67ea', 'to': '6adf97f83acf6453d4a6a4b1070f3754'}, {'createdAt': {'$date': 1693643936000}, 'trackingCode': '9b4868809e72eebe79eccdcd6e08f97e', 'status': None, 'description': 'EM ROTA', 'trackerType': '202591c2658eb8db7d1c57e1273cd270', 'from': 'fa67df1912a846fa9cd1789b400d67ea', 'to': '6adf97f83acf6453d4a6a4b1070f3754'}, {'createdAt': {'$date': 1693654699000}, 'trackingCode': '9b4868809e72eebe79eccdcd6e08f97e', 'status': None, 'description': 'ENTREGUE', 'trackerType': '202591c2658eb8db7d1c57e1273cd270', 'from': 'fa67df1912a846fa9cd1789b400d67ea', 'to': '6adf97f83acf6453d4a6a4b1070f3754'}]"
U,d849450f2b915dbc776ad84ecaad0358,1691777241,1693824985,1693824985,"[{'createdAt': {'$date': 1691772402000}, 'trackingCode': 'f7d89882d448240de6f3d409a23d884c', 'status': '102', 'description': 'Informação do Envio enviado à Azul Cargo Express (CT-e emitido)\t', 'trackerType': '3b24fa7e14555a1912e5bc2198f8e075', 'from': '8d820ee5d1ff50eb90ff0ab563994311', 'to': '6adf97f83acf6453d4a6a4b1070f3754'}, {'createdAt': {'$date': 1691773174000}, 'trackingCode': 'f7d89882d448240de6f3d409a23d884c', 'status': '104', 'description': 'Deixou a unidade Azul Cargo Express\t', 'trackerType': '3b24fa7e14555a1912e5bc2198f8e075', 'from': '8d820ee5d1ff50eb90ff0ab563994311', 'to': '6adf97f83acf6453d4a6a4b1070f3754'}, {'createdAt': {'$date': 1691784963000}, 'trackingCode': 'f7d89882d448240de6f3d409a23d884c', 'status': '134', 'description': 'Saída do voo\t', 'trackerType': '3b24fa7e14555a1912e5bc2198f8e075', 'from': '8d820ee5d1ff50eb90ff0ab563994311', 'to': '6adf97f83acf6453d4a6a4b1070f3754'}, {'createdAt': {'$date': 1691791260000}, 'trackingCode': 'f7d89882d448240de6f3d409a23d884c', 'status': '137', 'description': 'Chegada do voo\t', 'trackerType': '3b24fa7e14555a1912e5bc2198f8e075', 'from': '1eaad630b48b36d5fc32e235aead1633', 'to': '6adf97f83acf6453d4a6a4b1070f3754'}, {'createdAt': {'$date': 1691840719000}, 'trackingCode': 'f7d89882d448240de6f3d409a23d884c', 'status': '104', 'description': 'Deixou a unidade Azul Cargo Express\t', 'trackerType': '3b24fa7e14555a1912e5bc2198f8e075', 'from': '1eaad630b48b36d5fc32e235aead1633', 'to': '6adf97f83acf6453d4a6a4b1070f3754'}, {'createdAt': {'$date': 1691840722000}, 'trackingCode': 'f7d89882d448240de6f3d409a23d884c', 'status': '134', 'description': 'Saída do voo\t', 'trackerType': '3b24fa7e14555a1912e5bc2198f8e075', 'from': '1eaad630b48b36d5fc32e235aead1633', 'to': '6adf97f83acf6453d4a6a4b1070f3754'}, {'createdAt': {'$date': 1691854380000}, 'trackingCode': 'f7d89882d448240de6f3d409a23d884c', 'status': '137', 'description': 'Chegada do voo\t', 'trackerType': '3b24fa7e14555a1912e5bc2198f8e075', 'from': '5632f013fb05e04460dc06e41c6a14b3', 'to': '6adf97f83acf6453d4a6a4b1070f3754'}, {'createdAt': {'$date': 1691978014000}, 'trackingCode': 'f7d89882d448240de6f3d409a23d884c', 'status': '104', 'description': 'Deixou a unidade Azul Cargo Express\t', 'trackerType': '3b24fa7e14555a1912e5bc2198f8e075', 'from': '5632f013fb05e04460dc06e41c6a14b3', 'to': '6adf97f83acf6453d4a6a4b1070f3754'}, {'createdAt': {'$date': 1691978021000}, 'trackingCode': 'f7d89882d448240de6f3d409a23d884c', 'status': '134', 'description': 'Saída do voo\t', 'trackerType': '3b24fa7e14555a1912e5bc2198f8e075', 'from': '5632f013fb05e04460dc06e41c6a14b3', 'to': '6adf97f83acf6453d4a6a4b1070f3754'}, {'createdAt': {'$date': 1691990580000}, 'trackingCode': 'f7d89882d448240de6f3d409a23d884c', 'status': '137', 'description': 'Chegada do voo\t', 'trackerType': '3b24fa7e14555a1912e5bc2198f8e075', 'from': '5ee1ddd5acbffff9f3503495a128e19d', 'to': '6adf97f83acf6453d4a6a4b1070f3754'}, {'createdAt': {'$date': 1692781884000}, 'trackingCode': 'f7d89882d448240de6f3d409a23d884c', 'status': '104', 'description': 'Deixou a unidade Azul Cargo Express\t', 'trackerType': '3b24fa7e14555a1912e5bc2198f8e075', 'from': '5ee1ddd5acbffff9f3503495a128e19d', 'to': '6adf97f83acf6453d4a6a4b1070f3754'}, {'createdAt': {'$date': 1692784768000}, 'trackingCode': 'f7d89882d448240de6f3d409a23d884c', 'status': '133', 'description': 'Saida Do Veiculo', 'trackerType': '3b24fa7e14555a1912e5bc2198f8e075', 'from': '5ee1ddd5acbffff9f3503495a128e19d', 'to': '6adf97f83acf6453d4a6a4b1070f3754'}, {'createdAt': {'$date': 1693044101000}, 'trackingCode': 'f7d89882d448240de6f3d409a23d884c', 'status': '01', 'description': 'Remessa entregue', 'trackerType': '3b24fa7e14555a1912e5bc2198f8e075', 'from': '6adf97f83acf6453d4a6a4b1070f3754', 'to': '6adf97f83acf6453d4a6a4b1070f3754'}]"
U,26ba073c3c179b736454fe629b4132aa,1691286810,1693824985,1693824985,"[{'createdAt': {'$date': 1691193426000}, 'trackingCode': '9e8f8168a0bdc4be5f2f3244451a4e9c', 'status': None, 'description': 'EMISSAO', 'trackerType': '202591c2658eb8db7d1c57e1273cd270', 'from': 'c33e4ea1cfb7c47dd8b66d160e2eaeeb', 'to': '6adf97f83acf6453d4a6a4b1070f3754'}, {'createdAt': {'$date': 1691211459000}, 'trackingCode': '9e8f8168a0bdc4be5f2f3244451a4e9c', 'status': None, 'description': 'TRANSFERENCIA', 'trackerType': '202591c2658eb8db7d1c57e1273cd270', 'from': 'c33e4ea1cfb7c47dd8b66d160e2eaeeb', 'to': '6adf97f83acf6453d4a6a4b1070f3754'}, {'createdAt': {'$date': 1691294779000}, 'trackingCode': '9e8f8168a0bdc4be5f2f3244451a4e9c', 'status': None, 'description': 'ENTRADA', 'trackerType': '202591c2658eb8db7d1c57e1273cd270', 'from': 'fac929278c0e5ba967802153ba729336', 'to': '6adf97f83acf6453d4a6a4b1070f3754'}, {'createdAt': {'$date': 1691301217000}, 'trackingCode': '9e8f8168a0bdc4be5f2f3244451a4e9c', 'status': None, 'description': 'TRANSFERENCIA', 'trackerType': '202591c2658eb8db7d1c57e1273cd270', 'from': 'fac929278c0e5ba967802153ba729336', 'to': '6adf97f83acf6453d4a6a4b1070f3754'}, {'createdAt': {'$date': 1691358659000}, 'trackingCode': '9e8f8168a0bdc4be5f2f3244451a4e9c', 'status': None, 'description': 'TRANSFERENCIA', 'trackerType': '202591c2658eb8db7d1c57e1273cd270', 'from': 'fac929278c0e5ba967802153ba729336', 'to': '6adf97f83acf6453d4a6a4b1070f3754'}, {'createdAt': {'$date': 1691359166000}, 'trackingCode': '9e8f8168a0bdc4be5f2f3244451a4e9c', 'status': None, 'description': 'TRANSFERENCIA', 'trackerType': '202591c2658eb8db7d1c57e1273cd270', 'from': 'fac929278c0e5ba967802153ba729336', 'to': '6adf97f83acf6453d4a6a4b1070f3754'}, {'createdAt': {'$date': 1691549269000}, 'trackingCode': '9e8f8168a0bdc4be5f2f3244451a4e9c', 'status': None, 'description': 'ENTRADA', 'trackerType': '202591c2658eb8db7d1c57e1273cd270', 'from': '971e249ca4af90aa0b044735d8fdd59e', 'to': '6adf97f83acf6453d4a6a4b1070f3754'}, {'createdAt': {'$date': 1691552340000}, 'trackingCode': '9e8f8168a0bdc4be5f2f3244451a4e9c', 'status': None, 'description': 'TRANSFERENCIA', 'trackerType': '202591c2658eb8db7d1c57e1273cd270', 'from': '971e249ca4af90aa0b044735d8fdd59e', 'to': '6adf97f83acf6453d4a6a4b1070f3754'}, {'createdAt': {'$date': 1691555088000}, 'trackingCode': '9e8f8168a0bdc4be5f2f3244451a4e9c', 'status': None, 'description': 'TRANSFERENCIA', 'trackerType': '202591c2658eb8db7d1c57e1273cd270', 'from': '971e249ca4af90aa0b044735d8fdd59e', 'to': '6adf97f83acf6453d4a6a4b1070f3754'}, {'createdAt': {'$date': 1691567708000}, 'trackingCode': '9e8f8168a0bdc4be5f2f3244451a4e9c', 'status': None, 'description': 'ENTRADA', 'trackerType': '202591c2658eb8db7d1c57e1273cd270', 'from': '78e5fdccb9749628c4c86b4a7d385ecd', 'to': '6adf97f83acf6453d4a6a4b1070f3754'}, {'createdAt': {'$date': 1691568121000}, 'trackingCode': '9e8f8168a0bdc4be5f2f3244451a4e9c', 'status': None, 'description': 'EM ROTA', 'trackerType': '202591c2658eb8db7d1c57e1273cd270', 'from': '78e5fdccb9749628c4c86b4a7d385ecd', 'to': '6adf97f83acf6453d4a6a4b1070f3754'}, {'createdAt': {'$date': 1691571865000}, 'trackingCode': '9e8f8168a0bdc4be5f2f3244451a4e9c', 'status': None, 'description': 'AUSENTE 1', 'trackerType': '202591c2658eb8db7d1c57e1273cd270', 'from': '78e5fdccb9749628c4c86b4a7d385ecd', 'to': '6adf97f83acf6453d4a6a4b1070f3754'}, {'createdAt': {'$date': 1691654476000}, 'trackingCode': '9e8f8168a0bdc4be5f2f3244451a4e9c', 'status': None, 'description': 'EM ROTA', 'trackerType': '202591c2658eb8db7d1c57e1273cd270', 'from': '78e5fdccb9749628c4c86b4a7d385ecd', 'to': '6adf97f83acf6453d4a6a4b1070f3754'}, {'createdAt': {'$date': 1691658846000}, 'trackingCode': '9e8f8168a0bdc4be5f2f3244451a4e9c', 'status': None, 'description': 'AUSENTE 1', 'trackerType': '202591c2658eb8db7d1c57e1273cd270', 'from': '78e5fdccb9749628c4c86b4a7d385ecd', 'to': '6adf97f83acf6453d4a6a4b1070f3754'}, {'createdAt': {'$date': 1691658961000}, 'trackingCode': '9e8f8168a0bdc4be5f2f3244451a4e9c', 'status': None, 'description': 'ENTREGUE', 'trackerType': '202591c2658eb8db7d1c57e1273cd270', 'from': '78e5fdccb9749628c4c86b4a7d385ecd', 'to': '6adf97f83acf6453d4a6a4b1070f3754'}]"
U,83af5e851bf1c7a1ea2c95304db18a29,1693510379,1693824985,1693794347,"[{'createdAt': {'$date': 1693503870000}, 'trackingCode': '47a22df46b43013313f6df6c6c8e82d6', 'status': None, 'description': 'EMISSAO', 'trackerType': '202591c2658eb8db7d1c57e1273cd270', 'from': '13fb1862e4295782ee22522f9456106b', 'to': '6adf97f83acf6453d4a6a4b1070f3754'}, {'createdAt': {'$date': 1693508054000}, 'trackingCode': '47a22df46b43013313f6df6c6c8e82d6', 'status': None, 'description': 'TRANSFERENCIA', 'trackerType': '202591c2658eb8db7d1c57e1273cd270', 'from': '13fb1862e4295782ee22522f9456106b', 'to': '6adf97f83acf6453d4a6a4b1070f3754'}, {'createdAt': {'$date': 1693520304000}, 'trackingCode': '47a22df46b43013313f6df6c6c8e82d6', 'status': None, 'description': 'ENTRADA', 'trackerType': '202591c2658eb8db7d1c57e1273cd270', 'from': '089607e1466a53ee58164c9974d00976', 'to': '6adf97f83acf6453d4a6a4b1070f3754'}, {'createdAt': {'$date': 1693520536000}, 'trackingCode': '47a22df46b43013313f6df6c6c8e82d6', 'status': None, 'description': 'TRANSFERENCIA', 'trackerType': '202591c2658eb8db7d1c57e1273cd270', 'from': '089607e1466a53ee58164c9974d00976', 'to': '6adf97f83acf6453d4a6a4b1070f3754'}, {'createdAt': {'$date': 1693540412000}, 'trackingCode': '47a22df46b43013313f6df6c6c8e82d6', 'status': None, 'description': 'TRANSFERENCIA', 'trackerType': '202591c2658eb8db7d1c57e1273cd270', 'from': 'e81f9b321e898f638477f1f13bf81c38', 'to': '6adf97f83acf6453d4a6a4b1070f3754'}, {'createdAt': {'$date': 1693543938000}, 'trackingCode': '47a22df46b43013313f6df6c6c8e82d6', 'status': None, 'description': 'TRANSFERENCIA', 'trackerType': '202591c2658eb8db7d1c57e1273cd270', 'from': 'e81f9b321e898f638477f1f13bf81c38', 'to': '6adf97f83acf6453d4a6a4b1070f3754'}, {'createdAt': {'$date': 1693546337000}, 'trackingCode': '47a22df46b43013313f6df6c6c8e82d6', 'status': None, 'description': 'TRANSFERENCIA', 'trackerType': '202591c2658eb8db7d1c57e1273cd270', 'from': 'fac929278c0e5ba967802153ba729336', 'to': '6adf97f83acf6453d4a6a4b1070f3754'}, {'createdAt': {'$date': 1693559498000}, 'trackingCode': '47a22df46b43013313f6df6c6c8e82d6', 'status': None, 'description': 'TRANSFERIDO PARA UNIDADE', 'trackerType': '202591c2658eb8db7d1c57e1273cd270', 'from': 'bb06c77b0bda796758fb2d30ec897c06', 'to': '6adf97f83acf6453d4a6a4b1070f3754'}, {'createdAt': {'$date': 1693817143000}, 'trackingCode': '47a22df46b43013313f6df6c6c8e82d6', 'status': None, 'description': 'ENTRADA', 'trackerType': '202591c2658eb8db7d1c57e1273cd270', 'from': 'd8ce1c2fdd9bdbb86bf118de6ca5a769', 'to': '6adf97f83acf6453d4a6a4b1070f3754'}]"
U,83af5e851bf1c7a1ea2c95304db18a29,1693510379,1693824985,1693824985,"[{'createdAt': {'$date': 1693503870000}, 'trackingCode': '47a22df46b43013313f6df6c6c8e82d6', 'status': None, 'description': 'EMISSAO', 'trackerType': '202591c2658eb8db7d1c57e1273cd270', 'from': '13fb1862e4295782ee22522f9456106b', 'to': '6adf97f83acf6453d4a6a4b1070f3754'}, {'createdAt': {'$date': 1693508054000}, 'trackingCode': '47a22df46b43013313f6df6c6c8e82d6', 'status': None, 'description': 'TRANSFERENCIA', 'trackerType': '202591c2658eb8db7d1c57e1273cd270', 'from': '13fb1862e4295782ee22522f9456106b', 'to': '6adf97f83acf6453d4a6a4b1070f3754'}, {'createdAt': {'$date': 1693520304000}, 'trackingCode': '47a22df46b43013313f6df6c6c8e82d6', 'status': None, 'description': 'ENTRADA', 'trackerType': '202591c2658eb8db7d1c57e1273cd270', 'from': '089607e1466a53ee58164c9974d00976', 'to': '6adf97f83acf6453d4a6a4b1070f3754'}, {'createdAt': {'$date': 1693520536000}, 'trackingCode': '47a22df46b43013313f6df6c6c8e82d6', 'status': None, 'description': 'TRANSFERENCIA', 'trackerType': '202591c2658eb8db7d1c57e1273cd270', 'from': '089607e1466a53ee58164c9974d00976', 'to': '6adf97f83acf6453d4a6a4b1070f3754'}, {'createdAt': {'$date': 1693540412000}, 'trackingCode': '47a22df46b43013313f6df6c6c8e82d6', 'status': None, 'description': 'TRANSFERENCIA', 'trackerType': '202591c2658eb8db7d1c57e1273cd270', 'from': 'e81f9b321e898f638477f1f13bf81c38', 'to': '6adf97f83acf6453d4a6a4b1070f3754'}, {'createdAt': {'$date': 1693543938000}, 'trackingCode': '47a22df46b43013313f6df6c6c8e82d6', 'status': None, 'description': 'TRANSFERENCIA', 'trackerType': '202591c2658eb8db7d1c57e1273cd270', 'from': 'e81f9b321e898f638477f1f13bf81c38', 'to': '6adf97f83acf6453d4a6a4b1070f3754'}, {'createdAt': {'$date': 1693546337000}, 'trackingCode': '47a22df46b43013313f6df6c6c8e82d6', 'status': None, 'description': 'TRANSFERENCIA', 'trackerType': '202591c2658eb8db7d1c57e1273cd270', 'from': 'fac929278c0e5ba967802153ba729336', 'to': '6adf97f83acf6453d4a6a4b1070f3754'}, {'createdAt': {'$date': 1693559498000}, 'trackingCode': '47a22df46b43013313f6df6c6c8e82d6', 'status': None, 'description': 'TRANSFERIDO PARA UNIDADE', 'trackerType': '202591c2658eb8db7d1c57e1273cd270', 'from': 'bb06c77b0bda796758fb2d30ec897c06', 'to': '6adf97f83acf6453d4a6a4b1070f3754'}, {'createdAt': {'$date': 1693817143000}, 'trackingCode': '47a22df46b43013313f6df6c6c8e82d6', 'status': None, 'description': 'ENTRADA', 'trackerType': '202591c2658eb8db7d1c57e1273cd270', 'from': 'd8ce1c2fdd9bdbb86bf118de6ca5a769', 'to': '6adf97f83acf6453d4a6a4b1070f3754'}]"
U,cd323877461913ad74c9b17e0ba5e08f,1693430278,1693824985,1693824985,"[{'createdAt': {'$date': 1693427040000}, 'trackingCode': 'e71f78d9db2a9672292fde2b5f521f6e', 'status': '1', 'description': None, 'trackerType': '2e7165ceb19f183e695ce49285a4c228', 'from': 'cc4af053b72b43166a8afba9b43010ed', 'to': '07ee3bad02858e40446b99e9bc7bc60b'}, {'createdAt': {'$date': 1693427160000}, 'trackingCode': 'e71f78d9db2a9672292fde2b5f521f6e', 'status': '2', 'description': None, 'trackerType': '2e7165ceb19f183e695ce49285a4c228', 'from': 'cc4af053b72b43166a8afba9b43010ed', 'to': '6adf97f83acf6453d4a6a4b1070f3754'}, {'createdAt': {'$date': 1693427220000}, 'trackingCode': 'e71f78d9db2a9672292fde2b5f521f6e', 'status': '11', 'description': None, 'trackerType': '2e7165ceb19f183e695ce49285a4c228', 'from': 'cc4af053b72b43166a8afba9b43010ed', 'to': '07ee3bad02858e40446b99e9bc7bc60b'}, {'createdAt': {'$date': 1693468740000}, 'trackingCode': 'e71f78d9db2a9672292fde2b5f521f6e', 'status': '3', 'description': None, 'trackerType': '2e7165ceb19f183e695ce49285a4c228', 'from': 'cc4af053b72b43166a8afba9b43010ed', 'to': '07ee3bad02858e40446b99e9bc7bc60b'}, {'createdAt': {'$date': 1693468200000}, 'trackingCode': 'e71f78d9db2a9672292fde2b5f521f6e', 'status': '3', 'description': None, 'trackerType': '2e7165ceb19f183e695ce49285a4c228', 'from': 'cc4af053b72b43166a8afba9b43010ed', 'to': '07ee3bad02858e40446b99e9bc7bc60b'}]"
U,6efac3f8576da3f02b6df3bb8adeec35,1690123205,1693824985,1693824985,"[{'createdAt': {'$date': 1689203518000}, 'trackingCode': 'c88f2b7131bd77e3ac5daf9c99ca5d99', 'status': '17', 'description': 'Aguardando pagamento', 'trackerType': '27bb7dfdbe0de2d482d1c37c3fe5bfe3', 'from': '44d02c36e6691bb8faacd16784348114', 'to': '6adf97f83acf6453d4a6a4b1070f3754'}, {'createdAt': {'$date': 1689066645000}, 'trackingCode': 'c88f2b7131bd77e3ac5daf9c99ca5d99', 'status': '21', 'description': 'Encaminhado para fiscalização aduaneira', 'trackerType': '27bb7dfdbe0de2d482d1c37c3fe5bfe3', 'from': '44d02c36e6691bb8faacd16784348114', 'to': '6adf97f83acf6453d4a6a4b1070f3754'}, {'createdAt': {'$date': 1688771963000}, 'trackingCode': 'c88f2b7131bd77e3ac5daf9c99ca5d99', 'status': '16', 'description': 'Objeto recebido pelos Correios do Brasil', 'trackerType': '27bb7dfdbe0de2d482d1c37c3fe5bfe3', 'from': '44d02c36e6691bb8faacd16784348114', 'to': '6adf97f83acf6453d4a6a4b1070f3754'}, {'createdAt': {'$date': 1687924066000}, 'trackingCode': 'c88f2b7131bd77e3ac5daf9c99ca5d99', 'status': '01', 'description': 'Objeto postado', 'trackerType': '27bb7dfdbe0de2d482d1c37c3fe5bfe3', 'from': 'f0aa1982f61314b9aab258c2f110ebab', 'to': '6adf97f83acf6453d4a6a4b1070f3754'}, {'createdAt': {'$date': 1691884878000}, 'trackingCode': 'c88f2b7131bd77e3ac5daf9c99ca5d99', 'status': '63', 'description': 'Pagamento não efetuado no prazo', 'trackerType': '27bb7dfdbe0de2d482d1c37c3fe5bfe3', 'from': '44d02c36e6691bb8faacd16784348114', 'to': '6adf97f83acf6453d4a6a4b1070f3754'}, {'createdAt': {'$date': 1692600000000}, 'trackingCode': 'c88f2b7131bd77e3ac5daf9c99ca5d99', 'status': '24', 'description': 'Devolução autorizada pela Receita Federal', 'trackerType': '27bb7dfdbe0de2d482d1c37c3fe5bfe3', 'from': '44d02c36e6691bb8faacd16784348114', 'to': '6adf97f83acf6453d4a6a4b1070f3754'}]"
U,ca8c234096ca2218aef7b11aff1c7ad0,1692221439,1693824985,1693824985,"[{'createdAt': {'$date': 1692202065000}, 'trackingCode': '0387d050a498eaa6c5ced91112ace7f2', 'status': None, 'description': 'EMISSAO', 'trackerType': '202591c2658eb8db7d1c57e1273cd270', 'from': '0883732b5f2a72711f96eac479fe4b24', 'to': '6adf97f83acf6453d4a6a4b1070f3754'}, {'createdAt': {'$date': 1692207618000}, 'trackingCode': '0387d050a498eaa6c5ced91112ace7f2', 'status': None, 'description': 'TRANSFERENCIA', 'trackerType': '202591c2658eb8db7d1c57e1273cd270', 'from': '0883732b5f2a72711f96eac479fe4b24', 'to': '6adf97f83acf6453d4a6a4b1070f3754'}, {'createdAt': {'$date': 1692226581000}, 'trackingCode': '0387d050a498eaa6c5ced91112ace7f2', 'status': None, 'description': 'ENTRADA', 'trackerType': '202591c2658eb8db7d1c57e1273cd270', 'from': '971e249ca4af90aa0b044735d8fdd59e', 'to': '6adf97f83acf6453d4a6a4b1070f3754'}, {'createdAt': {'$date': 1692233110000}, 'trackingCode': '0387d050a498eaa6c5ced91112ace7f2', 'status': None, 'description': 'TRANSFERENCIA', 'trackerType': '202591c2658eb8db7d1c57e1273cd270', 'from': '971e249ca4af90aa0b044735d8fdd59e', 'to': '6adf97f83acf6453d4a6a4b1070f3754'}, {'createdAt': {'$date': 1692246957000}, 'trackingCode': '0387d050a498eaa6c5ced91112ace7f2', 'status': None, 'description': 'ENTRADA', 'trackerType': '202591c2658eb8db7d1c57e1273cd270', 'from': '971e249ca4af90aa0b044735d8fdd59e', 'to': '6adf97f83acf6453d4a6a4b1070f3754'}, {'createdAt': {'$date': 1692247020000}, 'trackingCode': '0387d050a498eaa6c5ced91112ace7f2', 'status': None, 'description': 'TRANSFERENCIA', 'trackerType': '202591c2658eb8db7d1c57e1273cd270', 'from': '971e249ca4af90aa0b044735d8fdd59e', 'to': '6adf97f83acf6453d4a6a4b1070f3754'}, {'createdAt': {'$date': 1692249265000}, 'trackingCode': '0387d050a498eaa6c5ced91112ace7f2', 'status': None, 'description': 'TRANSFERENCIA', 'trackerType': '202591c2658eb8db7d1c57e1273cd270', 'from': '971e249ca4af90aa0b044735d8fdd59e', 'to': '6adf97f83acf6453d4a6a4b1070f3754'}, {'createdAt': {'$date': 1692345448000}, 'trackingCode': '0387d050a498eaa6c5ced91112ace7f2', 'status': None, 'description': 'TRANSFERIDO PARA UNIDADE', 'trackerType': '202591c2658eb8db7d1c57e1273cd270', 'from': '971e249ca4af90aa0b044735d8fdd59e', 'to': '6adf97f83acf6453d4a6a4b1070f3754'}, {'createdAt': {'$date': 1692347956000}, 'trackingCode': '0387d050a498eaa6c5ced91112ace7f2', 'status': None, 'description': 'ENTRADA', 'trackerType': '202591c2658eb8db7d1c57e1273cd270', 'from': '703188d46688965b52d35f9088352cb1', 'to': '6adf97f83acf6453d4a6a4b1070f3754'}, {'createdAt': {'$date': 1692348009000}, 'trackingCode': '0387d050a498eaa6c5ced91112ace7f2', 'status': None, 'description': 'EM ROTA', 'trackerType': '202591c2658eb8db7d1c57e1273cd270', 'from': '703188d46688965b52d35f9088352cb1', 'to': '6adf97f83acf6453d4a6a4b1070f3754'}, {'createdAt': {'$date': 1692357894000}, 'trackingCode': '0387d050a498eaa6c5ced91112ace7f2', 'status': None, 'description': 'ENTREGUE', 'trackerType': '202591c2658eb8db7d1c57e1273cd270', 'from': '703188d46688965b52d35f9088352cb1', 'to': '6adf97f83acf6453d4a6a4b1070f3754'}]"
